-0.2	-0.01681503234284
-0.1996	-0.01796220041376
-0.1992	-0.01910936848469
-0.1988	-0.02034346566044
-0.1984	-0.02165962442386
-0.198	-0.02297097992785
-0.1976	-0.02428233543184
-0.1972	-0.02567368659416
-0.1968	-0.02707203720344
-0.1964	-0.02846545635256
-0.196	-0.02987836822231
-0.1956	-0.03134607629981
-0.1952	-0.03281533134088
-0.1948	-0.03431480681723
-0.1944	-0.03584671734207
-0.194	-0.03740176894744
-0.1936	-0.03895682055282
-0.1932	-0.040662275129
-0.1928	-0.04249819922492
-0.1924	-0.04440873687294
-0.192	-0.04631927452096
-0.1916	-0.04806919013841
-0.1912	-0.04989691360154
-0.1908	-0.05190450391924
-0.1904	-0.05387218564523
-0.19	-0.05580993343544
-0.1896	-0.05762660903762
-0.1892	-0.05937267337978
-0.1888	-0.06133432930828
-0.1884	-0.06329598523677
-0.188	-0.06538750248566
-0.1876	-0.06746310085753
-0.1872	-0.06953152626241
-0.1868	-0.07162409863905
-0.1864	-0.07376849980148
-0.186	-0.07593484433531
-0.1856	-0.07808333878911
-0.1852	-0.08020489419468
-0.1848	-0.08228136041899
-0.1844	-0.08433074868528
-0.184	-0.08636180823626
-0.1836	-0.08848564697446
-0.1832	-0.09061861976961
-0.1828	-0.09273092024329
-0.1824	-0.09492917209653
-0.182	-0.09725704536477
-0.1816	-0.09959088767083
-0.1812	-0.1019304608674
-0.1808	-0.1040533099478
-0.1804	-0.1061638676886
-0.18	-0.1083798447931
-0.1796	-0.1105710239607
-0.1792	-0.112730216755
-0.1788	-0.1149128358704
-0.1784	-0.1171578701968
-0.178	-0.119546635314
-0.1776	-0.1219794456903
-0.1772	-0.1244028213007
-0.1768	-0.1268197424829
-0.1764	-0.1292786063989
-0.176	-0.1317492075981
-0.1756	-0.1342160721427
-0.1752	-0.1365711668315
-0.1748	-0.1389950506486
-0.1744	-0.1414369527364
-0.174	-0.1438788548241
-0.1736	-0.1463503317477
-0.1732	-0.1488550587884
-0.1728	-0.1513894119969
-0.1724	-0.1539237652054
-0.172	-0.1563502759529
-0.1716	-0.1586490185709
-0.1712	-0.1609103517335
-0.1708	-0.1631716848961
-0.1704	-0.1657430576789
-0.17	-0.1682939480218
-0.1696	-0.1707807223193
-0.1692	-0.1733958902058
-0.1688	-0.1761752772976
-0.1684	-0.1790211231805
-0.168	-0.1819317182108
-0.1676	-0.1846023439912
-0.1672	-0.1872729697717
-0.1668	-0.1899173143522
-0.1664	-0.1927550596815
-0.166	-0.1955983641179
-0.1656	-0.19838071786
-0.1652	-0.2011431366604
-0.1648	-0.2039624504375
-0.1644	-0.2067838231597
-0.164	-0.2096928966282
-0.1636	-0.2125754595109
-0.1632	-0.2154016502951
-0.1628	-0.2182278410793
-0.1624	-0.2211536403235
-0.162	-0.2240760716091
-0.1616	-0.2270546178046
-0.1612	-0.2300792746159
-0.1608	-0.2330848347458
-0.1604	-0.2359461764762
-0.16	-0.2388075182067
-0.1596	-0.2418929006813
-0.1592	-0.2452280942981
-0.1588	-0.2485632879149
-0.1584	-0.251709787425
-0.158	-0.2549004205355
-0.1576	-0.2581436479616
-0.1572	-0.2614686447631
-0.1568	-0.2650166587612
-0.1564	-0.2682457994156
-0.156	-0.2714597945188
-0.1556	-0.2745772526143
-0.1552	-0.2777221898225
-0.1548	-0.2813310238335
-0.1544	-0.2848985673719
-0.154	-0.2883617027962
-0.1536	-0.2921177467582
-0.1532	-0.2958030234853
-0.1528	-0.2994294932434
-0.1524	-0.3030274231598
-0.152	-0.306456782203
-0.1516	-0.3097509944266
-0.1512	-0.3131029925073
-0.1508	-0.3168004054098
-0.1504	-0.3204978183122
-0.15	-0.3247656087552
-0.1496	-0.3289090068045
-0.1492	-0.3328922429195
-0.1488	-0.3368503177244
-0.1484	-0.3408083925294
-0.148	-0.3446427984136
-0.1476	-0.3485106826917
-0.1472	-0.352486505346
-0.1468	-0.356494908458
-0.1464	-0.3608784904225
-0.146	-0.3652489032253
-0.1456	-0.3696049238623
-0.1452	-0.3739955311454
-0.1448	-0.378434176467
-0.1444	-0.3830369712895
-0.144	-0.387705036299
-0.1436	-0.3921806187435
-0.1432	-0.3965874282835
-0.1428	-0.4011781523707
-0.1424	-0.4057989539025
-0.142	-0.4106989025534
-0.1416	-0.4156627558388
-0.1412	-0.4208341504853
-0.1408	-0.4261307774722
-0.1404	-0.4316295284514
-0.14	-0.4369277963
-0.1396	-0.4421419111976
-0.1392	-0.4476860326861
-0.1388	-0.4532224069239
-0.1384	-0.4586913336609
-0.138	-0.4637796736501
-0.1376	-0.4686978235579
-0.1372	-0.4737344042565
-0.1368	-0.478865765103
-0.1364	-0.484660607651
-0.136	-0.4909989607239
-0.1356	-0.4975816736662
-0.1352	-0.503891329129
-0.1348	-0.5100015502574
-0.1344	-0.5161129240719
-0.134	-0.5224394758205
-0.1336	-0.5287466624789
-0.1332	-0.5349788051284
-0.1328	-0.541766522706
-0.1324	-0.5487705923628
-0.132	-0.5558785947876
-0.1316	-0.5629411442485
-0.1312	-0.5699968812088
-0.1308	-0.5771145113236
-0.1304	-0.5849427381337
-0.13	-0.5934732123739
-0.1296	-0.601638349552
-0.1292	-0.6094502060026
-0.1288	-0.6178680449629
-0.1284	-0.6263002584656
-0.128	-0.6346385175771
-0.1276	-0.6427310593988
-0.1272	-0.650511699029
-0.1268	-0.6584699325437
-0.1264	-0.6685540613116
-0.126	-0.6786381900796
-0.1256	-0.6885765215723
-0.1252	-0.6981512811345
-0.1248	-0.7076909177837
-0.1244	-0.7176216276342
-0.124	-0.728399991513
-0.1236	-0.7385802882524
-0.1232	-0.7486018713476
-0.1228	-0.7591557146664
-0.1224	-0.7700695721604
-0.122	-0.7811105836714
-0.1216	-0.792611934524
-0.1212	-0.804565406012
-0.1208	-0.816352905352
-0.1204	-0.8281278925125
-0.12	-0.8393392544702
-0.1196	-0.8508275120844
-0.1192	-0.8628257252719
-0.1188	-0.8748859257119
-0.1184	-0.8870306728639
-0.118	-0.8994196666789
-0.1176	-0.9119330432805
-0.1172	-0.9242574372585
-0.1168	-0.936531081898
-0.1164	-0.9493611013441
-0.116	-0.9622887275216
-0.1156	-0.9762256890358
-0.1152	-0.9893423309149
-0.1148	-1.001696193743
-0.1144	-1.014090882782
-0.114	-1.026800571271
-0.1136	-1.039921066111
-0.1132	-1.05271216341
-0.1128	-1.065130775238
-0.1124	-1.077521079419
-0.112	-1.089714321501
-0.1116	-1.100931226536
-0.1112	-1.111803653022
-0.1108	-1.122676079508
-0.1104	-1.133391524827
-0.11	-1.143141405477
-0.1096	-1.153122796617
-0.1092	-1.163143143508
-0.1088	-1.172538998703
-0.1084	-1.18132850879
-0.108	-1.189980603301
-0.1076	-1.198581306101
-0.1072	-1.206289239639
-0.1068	-1.213948025608
-0.1064	-1.221626173255
-0.106	-1.228377822249
-0.1056	-1.234143365208
-0.1052	-1.239908908168
-0.1048	-1.245516834826
-0.1044	-1.24960685639
-0.104	-1.253687001313
-0.1036	-1.257767146236
-0.1032	-1.261192912066
-0.1028	-1.264174061675
-0.1024	-1.267001477141
-0.102	-1.269433648959
-0.1016	-1.270674753839
-0.1012	-1.271915858719
-0.1008	-1.273396521557
-0.1004	-1.27405550434
-0.1	-1.273959810162
-0.0996	-1.27362630701
-0.0992	-1.273196991003
-0.0988	-1.272124898627
-0.0984	-1.270620434954
-0.098	-1.268787511822
-0.0976	-1.266612447716
-0.0972	-1.264100395437
-0.0968	-1.260922022678
-0.0964	-1.257365608866
-0.096	-1.252846010124
-0.0956	-1.248210864727
-0.0952	-1.243247752621
-0.0948	-1.237641344421
-0.0944	-1.231266532697
-0.094	-1.225226498131
-0.0936	-1.219217547044
-0.0932	-1.212479569415
-0.0928	-1.205378638748
-0.0924	-1.198228394675
-0.092	-1.190609398616
-0.0916	-1.18129340653
-0.0912	-1.171377668385
-0.0908	-1.16147656414
-0.0904	-1.151760798837
-0.09	-1.141813383366
-0.0896	-1.131671691337
-0.0892	-1.121207225684
-0.0888	-1.110742760032
-0.0884	-1.100443377801
-0.088	-1.088951691828
-0.0876	-1.077014121753
-0.0872	-1.065170045496
-0.0868	-1.053170358974
-0.0864	-1.039267918462
-0.086	-1.025384605345
-0.0856	-1.011518270433
-0.0852	-0.9978992006174
-0.0848	-0.9847013324035
-0.0844	-0.9716150392108
-0.084	-0.9586200931397
-0.0836	-0.9458987467258
-0.0832	-0.9333187405353
-0.0828	-0.9205861901808
-0.0824	-0.9074397610339
-0.082	-0.894641224263
-0.0816	-0.8822626980343
-0.0812	-0.8700436765935
-0.0808	-0.8580891486174
-0.0804	-0.8466307659663
-0.08	-0.8351801679082
-0.0796	-0.8237386967075
-0.0792	-0.8124800956574
-0.0788	-0.8013200086491
-0.0784	-0.789750610928
-0.078	-0.7776680139173
-0.0776	-0.7658846899159
-0.0772	-0.7541102225027
-0.0768	-0.7420003642661
-0.0764	-0.7310270835373
-0.076	-0.7207063222927
-0.0756	-0.7102230875782
-0.0752	-0.6997871683101
-0.0748	-0.6894210619268
-0.0744	-0.6790549555435
-0.074	-0.6694022074845
-0.0736	-0.6606021049671
-0.0732	-0.6515773708388
-0.0728	-0.6425526367104
-0.0724	-0.6336190946652
-0.072	-0.6251451824976
-0.0716	-0.6171995604904
-0.0712	-0.6092539384832
-0.0708	-0.601880293255
-0.0704	-0.5939298618773
-0.07	-0.585392885111
-0.0696	-0.5768555119917
-0.0692	-0.5683174768518
-0.0688	-0.5601231683479
-0.0684	-0.552057062565
-0.068	-0.5447886803592
-0.0676	-0.5377322534651
-0.0672	-0.5307102009959
-0.0668	-0.5236679447956
-0.0664	-0.5165560899584
-0.066	-0.5097151414802
-0.0656	-0.5031794455507
-0.0652	-0.4966229367452
-0.0648	-0.4900561038515
-0.0644	-0.4838157411355
-0.064	-0.4776639195956
-0.0636	-0.4719208635534
-0.0632	-0.4659240614729
-0.0628	-0.4594803790018
-0.0624	-0.4532494194184
-0.062	-0.4471624475013
-0.0616	-0.441279236712
-0.0612	-0.4354643433944
-0.0608	-0.4299624869846
-0.0604	-0.4244725803167
-0.06	-0.419014008149
-0.0596	-0.413732489239
-0.0592	-0.4085781282369
-0.0588	-0.4032872294387
-0.0584	-0.3979007575589
-0.058	-0.3924370195252
-0.0576	-0.3869732814916
-0.0572	-0.3814863586928
-0.0568	-0.3760082674987
-0.0564	-0.3705392933026
-0.056	-0.3650703191064
-0.0556	-0.3599254023537
-0.0552	-0.3553134555648
-0.0548	-0.3507015087759
-0.0544	-0.346089561987
-0.054	-0.3415530399203
-0.0536	-0.3371146657825
-0.0532	-0.3326820706735
-0.0528	-0.328172590577
-0.0524	-0.3230807804139
-0.052	-0.317928602061
-0.0516	-0.3127764237082
-0.0512	-0.3091267738774
-0.0508	-0.3058158778263
-0.0504	-0.3025049817752
-0.05	-0.2991940857241
-0.0496	-0.2885292364223
-0.0492	-0.2851525821727
-0.0488	-0.281464069211
-0.0484	-0.2766355054866
-0.048	-0.2719146547752
-0.0476	-0.2673606711274
-0.0472	-0.2627932823625
-0.0468	-0.2582347064946
-0.0464	-0.2537340205236
-0.046	-0.2492011551169
-0.0456	-0.2447081975878
-0.0452	-0.2403350694718
-0.0448	-0.2359136441627
-0.0444	-0.2303266401028
-0.044	-0.2250914577108
-0.0436	-0.2211671531404
-0.0432	-0.2172421422311
-0.0428	-0.2133171313218
-0.0424	-0.2084914754417
-0.042	-0.2031375674193
-0.0416	-0.1977836593968
-0.0412	-0.1924297513744
-0.0408	-0.1870758433519
-0.0404	-0.1819585186788
-0.04	-0.177182224986
-0.0396	-0.1723403224637
-0.0392	-0.1674720193846
-0.0388	-0.1624199863428
-0.0384	-0.157177241743
-0.038	-0.1519344971431
-0.0376	-0.1467008428295
-0.0372	-0.1420372424951
-0.0368	-0.1374877828437
-0.0364	-0.1329383231922
-0.036	-0.1283888635408
-0.0356	-0.1238394038893
-0.0352	-0.1192899442378
-0.0348	-0.1147404845864
-0.0344	-0.1104812523795
-0.034	-0.1062265213417
-0.0336	-0.101971790304
-0.0332	-0.09771705926631
-0.0328	-0.09346232822859
-0.0324	-0.08920759719088
-0.032	-0.08495286615316
-0.0316	-0.08043821973147
-0.0312	-0.07586335933155
-0.0308	-0.07128849893164
-0.0304	-0.06671363853172
-0.03	-0.06217530119616
-0.0296	-0.05767838542593
-0.0292	-0.0531814696557
-0.0288	-0.04868455388547
-0.0284	-0.04624655917022
-0.028	-0.04477576152897
-0.0276	-0.04330496388771
-0.0272	-0.04183416624645
-0.0268	-0.0403633686052
-0.0264	-0.03889257096394
-0.026	-0.03742177332269
-0.0256	-0.03595097568143
-0.0252	-0.03448017804017
-0.0248	-0.03300938039892
-0.0244	-0.03153858275766
-0.024	-0.03006778511641
-0.0236	-0.02859698747515
-0.0232	-0.02712618983389
-0.0228	-0.02565539219264
-0.0224	-0.02402547683133
-0.022	-0.022321535611
-0.0216	-0.01979069583057
-0.0212	-0.01825373218636
-0.0208	-0.01787977021069
-0.0204	-0.0173295546937
-0.02	-0.01668314823373
-0.0196	-0.01604977020327
-0.0192	-0.01541639217281
-0.0188	-0.01478301414235
-0.0184	-0.01414963611189
-0.018	-0.01351625808143
-0.0176	-0.01288288005097
-0.0172	-0.01224950202051
-0.0168	-0.01161612399004
-0.0164	-0.01098274595958
-0.016	-0.01034936792912
-0.0156	-0.009715989898661
-0.0152	-0.0090826118682
-0.0148	-0.008449233837739
-0.0144	-0.007815855807278
-0.014	-0.007182477776817
-0.0136	-0.006549099746356
-0.0132	-0.005915721715895
-0.0128	-0.005600754294398
-0.0124	-0.005451780386636
-0.012	-0.005302806478874
-0.0116	-0.005153832571112
-0.0112	-0.00494214476616
-0.0108	-0.004721129937917
-0.0104	-0.004500115109674
-0.01	-0.004279100281431
-0.0096	-0.004073765876609
-0.0092	-0.003905328592188
-0.0088	-0.003736891307766
-0.0084	-0.003568454023345
-0.008	-0.003400016738924
-0.0076	-0.003231579454502
-0.0072	-0.003063142170081
-0.0068	-0.002894704885659
-0.0064	-0.002726267601238
-0.006	-0.002510667799951
-0.0056	-0.002281013322134
-0.0052	-0.002068451412043
-0.0048	-0.001911603392105
-0.0044	-0.001754755372168
-0.004	-0.001592092152501
-0.0036	-0.001425124863848
-0.0032	-0.001258157575196
-0.0028	-0.001091190286544
-0.0024	-0.0009242229978921
-0.002	-0.00075725570924
-0.0016	-0.0005902884205879
-0.0012	-0.0004233211319358
-0.0008	-0.000278158133489
-0.0004	-0.0001406637709024
0	-3.169408315765e-06
0.0004	0.0001343249542709
0.0008	0.0002813232019515
0.0012	0.0004686131286502
0.0016	0.0006559030553488
0.002	0.0008431929820474
0.0024	0.001030482908746
0.0028	0.001217772835445
0.0032	0.001399749715254
0.0036	0.001566453577164
0.004	0.001733157439074
0.0044	0.001899861300983
0.0048	0.002066565162893
0.0052	0.002233269024802
0.0056	0.002379900865215
0.006	0.002513397494334
0.0064	0.002646894123452
0.0068	0.002780390752571
0.0072	0.00293019557735
0.0076	0.003084309355706
0.008	0.00330229395733
0.0084	0.003538806154711
0.0088	0.003775318352092
0.0092	0.004011830549473
0.0096	0.004248342746854
0.01	0.004484854944235
0.0104	0.004721367141617
0.0108	0.004957879338998
0.0112	0.005194391536379
0.0116	0.00543090373376
0.012	0.005667415931141
0.0124	0.005903928128522
0.0128	0.006140440325903
0.0132	0.006374701135325
0.0136	0.006761349449804
0.014	0.007314064437431
0.0144	0.007866779425057
0.0148	0.008419494412683
0.0152	0.008968520086115
0.0156	0.009511742592107
0.016	0.0100549650981
0.0164	0.01059818760409
0.0168	0.01114141011008
0.0172	0.01168463261608
0.0176	0.01222785512207
0.018	0.01277107762806
0.0184	0.01331430013405
0.0188	0.01373341833168
0.0192	0.01413717520134
0.0196	0.01504830074496
0.02	0.01624031438753
0.0204	0.01714075487874
0.0208	0.01781364166066
0.0212	0.01848652844258
0.0216	0.0191594152245
0.022	0.01983230200642
0.0224	0.02050518878834
0.0228	0.02117807557026
0.0232	0.02185096235218
0.0236	0.0225238491341
0.024	0.02319673591602
0.0244	0.02386962269794
0.0248	0.02454250947986
0.0252	0.02521539626178
0.0256	0.0258882830437
0.026	0.02848918107373
0.0264	0.03262711961878
0.0268	0.03676505816383
0.0272	0.04090299670889
0.0276	0.04504093525394
0.028	0.04917887379899
0.0284	0.05317576903075
0.0288	0.05684522214918
0.0292	0.06051467526761
0.0296	0.06418412838604
0.03	0.06785358150447
0.0304	0.0715230346229
0.0308	0.07504454033723
0.0312	0.07851569995409
0.0316	0.08198685957095
0.032	0.08545801918781
0.0324	0.08892917880467
0.0328	0.09240033842153
0.0332	0.09656154846978
0.0336	0.1016998996495
0.034	0.1068382508292
0.0344	0.1119766020088
0.0348	0.1171149531885
0.0352	0.1222533043682
0.0356	0.1273916555479
0.036	0.1325300067276
0.0364	0.1376683579073
0.0368	0.142806709087
0.0372	0.1479450602666
0.0376	0.1531597690215
0.038	0.1586739394706
0.0384	0.163569243399
0.0388	0.1683315741135
0.0392	0.173093904828
0.0396	0.1778562355424
0.04	0.1826185662569
0.0404	0.1873808969714
0.0408	0.191992546656
0.0412	0.1955708591707
0.0416	0.1991491716853
0.042	0.2027274842
0.0424	0.2063057967146
0.0428	0.2098841092293
0.0432	0.2134408539445
0.0436	0.2164863138064
0.044	0.2193992697538
0.0444	0.2223103312865
0.0448	0.2252213928192
0.0452	0.2281324543518
0.0456	0.2310435158845
0.046	0.2339545774172
0.0464	0.2368656389499
0.0468	0.2397767004826
0.0472	0.2426877620153
0.0476	0.245598823548
0.048	0.2485098850807
0.0484	0.2514209466134
0.0488	0.2543320081461
0.0492	0.2572430696788
0.0496	0.2601541312115
0.05	0.2630651927442
0.0504	0.3282927682604
0.0508	0.3317299999482
0.0512	0.3351672316359
0.0516	0.3386044633237
0.052	0.3420416950115
0.0524	0.3454789266992
0.0528	0.348916158387
0.0532	0.3523533900747
0.0536	0.3557906217625
0.054	0.3592278534503
0.0544	0.362665085138
0.0548	0.3661023168258
0.0552	0.3695395485136
0.0556	0.3729767802013
0.056	0.3764140118891
0.0564	0.3798512435769
0.0568	0.3832884752646
0.0572	0.3867257069524
0.0576	0.3901629386402
0.058	0.3937520978564
0.0584	0.3973741274409
0.0588	0.4009961570254
0.0592	0.4046181866099
0.0596	0.4082402161944
0.06	0.4142552379964
0.0604	0.4208384781177
0.0608	0.4274217182389
0.0612	0.4340049583602
0.0616	0.4405881984815
0.062	0.4471714386027
0.0624	0.453754678724
0.0628	0.4603379188453
0.0632	0.4669211589666
0.0636	0.4735043990878
0.064	0.4800876392091
0.0644	0.4866708793304
0.0648	0.4932541194516
0.0652	0.4998373595729
0.0656	0.5064205996942
0.066	0.5130038398155
0.0664	0.5195870799367
0.0668	0.526170320058
0.0672	0.5327535601793
0.0676	0.5393368003005
0.068	0.5458314553388
0.0684	0.552319776977
0.0688	0.5588080986152
0.0692	0.5652964202534
0.0696	0.5717847418915
0.07	0.5806956870404
0.0704	0.5905004244752
0.0708	0.6003322601594
0.0712	0.6101640958437
0.0716	0.619995931528
0.072	0.6298277672123
0.0724	0.6396596028966
0.0728	0.6494914385809
0.0732	0.6593232742651
0.0736	0.6691551099494
0.074	0.6789869456337
0.0744	0.688818781318
0.0748	0.6986506170023
0.0752	0.7084824526865
0.0756	0.7183142883708
0.076	0.7281461240551
0.0764	0.7379779597394
0.0768	0.7478097954237
0.0772	0.757641631108
0.0776	0.7674734667922
0.078	0.7773053024765
0.0784	0.7871371381608
0.0788	0.7969689738451
0.0792	0.8068008095294
0.0796	0.8166219851949
0.08	0.8263866775852
0.0804	0.8361513699755
0.0808	0.846890753318
0.0812	0.8584282069157
0.0816	0.8699656605134
0.082	0.8815031141112
0.0824	0.8930405677089
0.0828	0.9045780213066
0.0832	0.9161154749043
0.0836	0.9276529285021
0.084	0.9391903820998
0.0844	0.9507278356975
0.0848	0.9622652892952
0.0852	0.973802742893
0.0856	0.9853401964907
0.086	0.9968776500884
0.0864	1.008415103686
0.0868	1.019952557284
0.0872	1.031490010882
0.0876	1.043027464479
0.088	1.054564918077
0.0884	1.066102371675
0.0888	1.077639825273
0.0892	1.08917727887
0.0896	1.100714732468
0.09	1.112252186066
0.0904	1.123789639663
0.0908	1.135327093261
0.0912	1.146633297423
0.0916	1.157517583457
0.092	1.16438954312
0.0924	1.167716809569
0.0928	1.171044076019
0.0932	1.174371342469
0.0936	1.177698608919
0.094	1.181025875369
0.0944	1.184353141818
0.0948	1.187680408268
0.0952	1.191007674718
0.0956	1.194334941168
0.096	1.197662207617
0.0964	1.200989474067
0.0968	1.204316740517
0.0972	1.207644006967
0.0976	1.210971273417
0.098	1.214298539866
0.0984	1.217625806316
0.0988	1.220953072766
0.0992	1.224280339216
0.0996	1.227607605666
0.1	1.230934872115
0.1004	1.234262138565
0.1008	1.237589405015
0.1012	1.240916671465
0.1016	1.244263886859
0.102	1.247635698551
0.1024	1.251007510243
0.1028	1.249780460161
0.1032	1.241571127077
0.1036	1.233361793993
0.104	1.225152460908
0.1044	1.216943127824
0.1048	1.20873379474
0.1052	1.200524461655
0.1056	1.192315128571
0.106	1.184105795487
0.1064	1.175896462402
0.1068	1.167687129318
0.1072	1.159477796234
0.1076	1.151268463149
0.108	1.143059130065
0.1084	1.134849796981
0.1088	1.126640463896
0.1092	1.118431130812
0.1096	1.110221797728
0.11	1.102012464643
0.1104	1.093803131559
0.1108	1.085593798475
0.1112	1.07738446539
0.1116	1.069175132306
0.112	1.060965799222
0.1124	1.052756466137
0.1128	1.044547133053
0.1132	1.036337799969
0.1136	1.027102188215
0.114	1.01500209706
0.1144	1.002902005906
0.1148	0.9909938459176
0.1152	0.979243198506
0.1156	0.9674925510945
0.116	0.955741903683
0.1164	0.9439912562715
0.1168	0.9322406088599
0.1172	0.9204899614484
0.1176	0.9087393140369
0.118	0.8969886666254
0.1184	0.8852380192138
0.1188	0.8734873718023
0.1192	0.8617367243908
0.1196	0.8499860769793
0.12	0.8382354295677
0.1204	0.8264847821562
0.1208	0.8147341347447
0.1212	0.8029834873332
0.1216	0.7912328399216
0.122	0.7794821925101
0.1224	0.7677315450986
0.1228	0.7559808976871
0.1232	0.7442302502755
0.1236	0.732479602864
0.124	0.7207289554525
0.1244	0.708978308041
0.1248	0.6998514562485
0.1252	0.6908501757611
0.1256	0.6820714011765
0.126	0.6743759322329
0.1264	0.6666804632892
0.1268	0.6589849943456
0.1272	0.651289525402
0.1276	0.6435940564584
0.128	0.6358985875147
0.1284	0.6282031185711
0.1288	0.6205076496275
0.1292	0.6128121806839
0.1296	0.6051167117402
0.13	0.5974212427966
0.1304	0.589725773853
0.1308	0.5820303049094
0.1312	0.5743348359657
0.1316	0.5666393670221
0.132	0.5589438980785
0.1324	0.5512484291348
0.1328	0.5435529601912
0.1332	0.5358574912476
0.1336	0.528162022304
0.134	0.5204665533603
0.1344	0.5127710844167
0.1348	0.5050756154731
0.1352	0.4985556245332
0.1356	0.4932574078238
0.136	0.4881437992545
0.1364	0.4830301906852
0.1368	0.4779165821159
0.1372	0.4728029735466
0.1376	0.4676893649774
0.138	0.4625757564081
0.1384	0.4574621478388
0.1388	0.4523485392695
0.1392	0.4472349307002
0.1396	0.4421213221309
0.14	0.4370077135616
0.1404	0.4318941049924
0.1408	0.4267804964231
0.1412	0.4216668878538
0.1416	0.4165532792845
0.142	0.4114396707152
0.1424	0.4063260621459
0.1428	0.4012124535766
0.1432	0.3960988450073
0.1436	0.3909852364381
0.144	0.3858716278688
0.1444	0.3807580192995
0.1448	0.3756444107302
0.1452	0.3705308021609
0.1456	0.3654171935916
0.146	0.3610242107091
0.1464	0.3572665833416
0.1468	0.353508955974
0.1472	0.3497513286064
0.1476	0.3459862665129
0.148	0.3422199106506
0.1484	0.3384535547882
0.1488	0.3346871989259
0.1492	0.3309208430635
0.1496	0.3271544872012
0.15	0.3233881313388
0.1504	0.3196217754765
0.1508	0.3158554196141
0.1512	0.3120890637518
0.1516	0.3083227078894
0.152	0.3045563520271
0.1524	0.3007899961647
0.1528	0.2970236403024
0.1532	0.29325728444
0.1536	0.2894909285777
0.154	0.2857245727153
0.1544	0.281958216853
0.1548	0.2781918609906
0.1552	0.2744255051283
0.1556	0.2706591492659
0.156	0.2668927934036
0.1564	0.2634640570392
0.1568	0.2605071541652
0.1572	0.2575502512912
0.1576	0.2545933484171
0.158	0.2516364455431
0.1584	0.248679542669
0.1588	0.245722639795
0.1592	0.242765736921
0.1596	0.2398088340469
0.16	0.2368519311729
0.1604	0.2338950282988
0.1608	0.2309381254248
0.1612	0.2279812225508
0.1616	0.2250243196767
0.162	0.2220674168027
0.1624	0.2191105139286
0.1628	0.2161536110546
0.1632	0.2131967081806
0.1636	0.2102398053065
0.164	0.2072829024325
0.1644	0.2043259995584
0.1648	0.2013690966844
0.1652	0.1984121938104
0.1656	0.1954552909363
0.166	0.1924983880623
0.1664	0.1895414851882
0.1668	0.1866144042127
0.1672	0.1837839219128
0.1676	0.1809534396129
0.168	0.178355772118
0.1684	0.1759324783194
0.1688	0.1735091845209
0.1692	0.1710858907223
0.1696	0.1686625969238
0.17	0.1662393031252
0.1704	0.1638160093267
0.1708	0.1613927155281
0.1712	0.1589694217296
0.1716	0.156546127931
0.172	0.1541228341325
0.1724	0.1516995403339
0.1728	0.1492762465354
0.1732	0.1468529527368
0.1736	0.1444296589383
0.174	0.1420063651397
0.1744	0.1395830713412
0.1748	0.1371597775426
0.1752	0.1347364837441
0.1756	0.1323131899456
0.176	0.129889896147
0.1764	0.1274666023485
0.1768	0.1250433085499
0.1772	0.1226200147514
0.1776	0.1201967209528
0.178	0.1179209463964
0.1784	0.1157361745889
0.1788	0.1136239337793
0.1792	0.1116543206563
0.1796	0.1096847075334
0.18	0.1077150944105
0.1804	0.1057454812875
0.1808	0.1037758681646
0.1812	0.1018062550417
0.1816	0.09983664191874
0.182	0.09786702879581
0.1824	0.09589741567288
0.1828	0.09392780254995
0.1832	0.09195818942702
0.1836	0.08998857630409
0.184	0.08801896318116
0.1844	0.08604935005823
0.1848	0.0840797369353
0.1852	0.08205516369217
0.1856	0.08002704120291
0.186	0.07799891871364
0.1864	0.07597079622438
0.1868	0.07394267373511
0.1872	0.07191455124585
0.1876	0.06988642875658
0.188	0.06785830626732
0.1884	0.06583018377805
0.1888	0.06392177047139
0.1892	0.06203594746293
0.1896	0.0601358464025
0.19	0.05823574534206
0.1904	0.05633564428163
0.1908	0.0544355432212
0.1912	0.05253544216077
0.1916	0.05063534110033
0.192	0.0487352400399
0.1924	0.04683513897947
0.1928	0.04493503791904
0.1932	0.0430349368586
0.1936	0.04113483579817
0.194	0.03923473473774
0.1944	0.03733463367731
0.1948	0.03543453261687
0.1952	0.03353443155644
0.1956	0.03163433049601
0.196	0.02973422943558
0.1964	0.02783412837514
0.1968	0.02593402731471
0.1972	0.02403392625428
0.1976	0.02213382519385
0.198	0.02023372413341
0.1984	0.01833362307298
0.1988	0.01643352201255
0.1992	0.01499188120574
0.1996	0.01445686679333
0.2	0.01388716617544
