0.000e+00	-3.12500000000000000000000000000e-2	0
1.000e-06	-3.12680042258363494347661290031e-2	0
2.000e-06	-3.12860169107097591133193528539e-2	0
3.000e-06	-3.13040380657095754769330036225e-2	0
4.000e-06	-3.13220677019824612117236869269e-2	0
5.000e-06	-3.13401058307327024449051665096e-2	0
6.000e-06	-3.13581524632225189973311774824e-2	0
7.000e-06	-3.13762076107723777253749257302e-2	0
8.000e-06	-3.13942712847613089857148405586e-2	0
9.000e-06	-3.14123434966272262571064815652e-2	0
1.000e-05	-3.14304242578672489537395255389e-2	0
1.100e-05	-3.14485135800380284653066577451e-2	0
1.200e-05	-3.14666114747560774594481517335e-2	0
1.300e-05	-3.14847179536981024827821348475e-2	0
1.400e-05	-3.15028330286013398972861993071e-2	0
1.500e-05	-3.15209567112638951893613324144e-2	0
1.600e-05	-3.15390890135450856894843101140e-2	0
1.700e-05	-3.15572299473657867409399368873e-2	0
1.800e-05	-3.15753795247087813567200379390e-2	0
1.900e-05	-3.15935377576191134042821382424e-2	0
2.000e-05	-3.16117046582044443584775242522e-2	0
2.100e-05	-3.16298802386354136635861121245e-2	0
2.200e-05	-3.16480645111460027460345104874e-2	0
2.300e-05	-3.16662574880339027200236745870e-2	0
2.400e-05	-3.16844591816608858289552148006e-2	0
2.500e-05	-3.17026696044531806662227031503e-2	0
2.600e-05	-3.17208887689018512196031920737e-2	0
2.700e-05	-3.17391166875631797842214742897e-2	0
2.800e-05	-3.17573533730590537897213773631e-2	0
2.900e-05	-3.17755988380773565880408034297e-2	0
3.000e-05	-3.17938530953723622489164476071e-2	0
3.100e-05	-3.18121161577651344109700510075e-2	0
3.200e-05	-3.18303880381439292370457130937e-2	0
3.300e-05	-3.18486687494646025231957736282e-2	0
3.400e-05	-3.18669583047510210115176640500e-2	0
3.500e-05	-3.18852567170954779579116430038e-2	0
3.600e-05	-3.19035639996591130065242524441e-2	0
3.700e-05	-3.19218801656723364236793628324e-2	0
3.800e-05	-3.19402052284352577446447413579e-2	0
3.900e-05	-3.19585392013181188879470355149e-2	0
4.000e-05	-3.19768820977617317923067020551e-2	0
4.100e-05	-3.19952339312779206322970644531e-2	0
4.200e-05	-3.20135947154499686702548770814e-2	0
4.300e-05	-3.20319644639330698021731182405e-2	0
4.400e-05	-3.20503431904547848567322709742e-2	0
4.500e-05	-3.20687309088155027074723848337e-2	0
4.600e-05	-3.20871276328889062591270120029e-2	0
4.700e-05	-3.21055333766224433701066474634e-2	0
4.800e-05	-3.21239481540378027742518770129e-2	0
4.900e-05	-3.21423719792313950659109109003e-2	0
5.000e-05	-3.21608048663748388136032384403e-2	0
5.100e-05	-3.21792468297154518685282202452e-2	0
5.200e-05	-3.21976978835767479353478269568e-2	0
5.300e-05	-3.22161580423589384738322072653e-2	0
5.400e-05	-3.22346273205394400010703265720e-2	0
5.500e-05	-3.22531057326733868651942531753e-2	0
5.600e-05	-3.22715932933941495627574807949e-2	0
5.700e-05	-3.22900900174138586731370966836e-2	0
5.800e-05	-3.23085959195239344846212851100e-2	0
5.900e-05	-3.23271110145956223881224520878e-2	0
6.000e-05	-3.23456353175805341157688867104e-2	0
6.100e-05	-3.23641688435111949029875733261e-2	0
6.200e-05	-3.23827116075015966540601206992e-2	0
6.300e-05	-3.24012636247477571925399221357e-2	0
6.400e-05	-3.24198249105282856793348412488e-2	0
6.500e-05	-3.24383954802049542827157929969e-2	0
6.600e-05	-3.24569753492232761861199056245e-2	0
6.700e-05	-3.24755645331130900209604989976e-2	0
6.800e-05	-3.24941630474891508132422766476e-2	0
6.900e-05	-3.25127709080517275346761020902e-2	0
7.000e-05	-3.25313881305872073500344884115e-2	0
7.100e-05	-3.25500147309687066547855247116e-2	0
7.200e-05	-3.25686507251566889982677230329e-2	0
7.300e-05	-3.25872961291995899896350959913e-2	0
7.400e-05	-3.26059509592344492855075378606e-2	0
7.500e-05	-3.26246152314875497600820771353e-2	0
7.600e-05	-3.26432889622750639603121999371e-2	0
7.700e-05	-3.26619721680037079506554523970e-2	0
7.800e-05	-3.26806648651714026538247165713e-2	0
7.900e-05	-3.26993670703679427959570929316e-2	0
8.000e-05	-3.27180788002756735666374048692e-2	0
8.100e-05	-3.27368000716701751062821487224e-2	0
8.200e-05	-3.27555309014209549354728306093e-2	0
8.300e-05	-3.27742713064921484432207067882e-2	0
8.400e-05	-3.27930213039432275526703167252e-2	0
8.500e-05	-3.28117809109297176861627467576e-2	0
8.600e-05	-3.28305501447039231527455615325e-2	0
8.700e-05	-3.28493290226156610842787788560e-2	0
8.800e-05	-3.28681175621130040484813338283e-2	0
8.900e-05	-3.28869157807430314697784281203e-2	0
9.000e-05	-3.29057236961525899913515259854e-2	0
9.100e-05	-3.29245413260890629143942496163e-2	0
9.200e-05	-3.29433686884011488532407547027e-2	0
9.300e-05	-3.29622058010396497477601028411e-2	0
9.400e-05	-3.29810526820582683772025207219e-2	0
9.500e-05	-3.29999093496144155225431389166e-2	0
9.600e-05	-3.30187758219700269272977924072e-2	0
9.700e-05	-3.30376521174923902097857648565e-2	0
9.800e-05	-3.30565382546549818828880630492e-2	0
9.900e-05	-3.30754342520383146404990837466e-2	0
1.000e-04	-3.30943401283307950730966251089e-2	0
1.010e-04	-3.31132559023295919781624202613e-2	0
1.020e-04	-3.31321815929415154345751352447e-2	0
1.030e-04	-3.31511172191839068135725665785e-2	0
1.040e-04	-3.31700628001855399024421734943e-2	0
1.050e-04	-3.31890183551875333207517575757e-2	0
1.060e-04	-3.32079839035442744126778263189e-2	0
1.070e-04	-3.32269594647243548028308159196e-2	0
1.080e-04	-3.32459450583115178069168767404e-2	0
1.090e-04	-3.32649407040056178926184266999e-2	0
1.100e-04	-3.32839464216235923902233520125e-2	0
1.110e-04	-3.33029622311004456567888999768e-2	0
1.120e-04	-3.33219881524902459019944083892e-2	0
1.130e-04	-3.33410242059671348883206247988e-2	0
1.140e-04	-3.33600704118263507227961969119e-2	0
1.150e-04	-3.33791267904852639622778161416e-2	0
1.160e-04	-3.33981933624844272590834720800e-2	0
1.170e-04	-3.34172701484886387787824848164e-2	0
1.180e-04	-3.34363571692880196270657463332e-2	0
1.190e-04	-3.34554544457991055278794140336e-2	0
1.200e-04	-3.34745619990659530004098303930e-2	0
1.210e-04	-3.34936798502612602880615516219e-2	0
1.220e-04	-3.35128080206875032982791104671e-2	0
1.230e-04	-3.35319465317780868179317752543e-2	0
1.240e-04	-3.35510954050985112750145762691e-2	0
1.250e-04	-3.35702546623475553236239558174e-2	0
1.260e-04	-3.35894243253584745355485016610e-2	0
1.270e-04	-3.36086044161002164883805372656e-2	0
1.280e-04	-3.36277949566786525468093208570e-2	0
1.290e-04	-3.36469959693378266407079797027e-2	0
1.300e-04	-3.36662074764612213507810975481e-2	0
1.310e-04	-3.36854295005730416199054087235e-2	0
1.320e-04	-3.37046620643395164158799811932e-2	0
1.330e-04	-3.37239051905702186791125808741e-2	0
1.340e-04	-3.37431589022194038968139467020e-2	0
1.350e-04	-3.37624232223873676535601935312e-2	0
1.360e-04	-3.37816981743218225166246193735e-2	0
1.370e-04	-3.38009837814192946232833672477e-2	1.20154305187606813953656872594e-22
1.380e-04	-3.38202800672265403463746673618e-2	1.80610557923183461485950709812e-22
1.390e-04	-3.38395870554419834237492205727e-2	2.84210959288288484266405870090e-22
1.400e-04	-3.38589047699171729469006358224e-2	4.53317085603609014109534954857e-22
1.410e-04	-3.38782332346582626140211874904e-2	7.23514535525789701582198287412e-22
1.420e-04	-3.38975724738275116630015587634e-2	1.15001507288517311202191500597e-21
1.430e-04	-3.39169225117448079104963247255e-2	1.81733647905098286705842497794e-21
1.440e-04	-3.39362833728892133341229764933e-2	2.85367973962412629641886696891e-21
1.450e-04	-3.39556550819005326461652407883e-2	4.45205712242152013728703135054e-21
1.460e-04	-3.39750376635809053188259691787e-2	6.90109582771744763919797464652e-21
1.470e-04	-3.39944311428964215331363824491e-2	1.06296423648302349850789892263e-20
1.480e-04	-3.40138355449787625360931970959e-2	1.62709430505408111089165874984e-20
1.490e-04	-3.40332508951268659034802413345e-2	2.47544343381873832187347186866e-20
1.500e-04	-3.40526772188086162191546252630e-2	3.74362509967877739120789709415e-20
1.510e-04	-3.40721145416625616953583970855e-2	5.62837225780129877764208060503e-20
1.520e-04	-3.40915628894996572728749927330e-2	8.41347335376356562471657957159e-20
1.530e-04	-3.41110222883050347546069108306e-2	1.25060329014940222939574180148e-19
1.540e-04	-3.41304927642398005414293848856e-2	1.84868948605264972864458118380e-19
1.550e-04	-3.41499743436428615549981626135e-2	2.71803923421824846231422554304e-19
1.560e-04	-3.41694670530327799485830351693e-2	3.97503345768594744716890053326e-19
1.570e-04	-3.41889709191096572239892044167e-2	5.78314344884136155523676261842e-19
1.580e-04	-3.42084859687570483902442876746e-2	8.37083728681856922401894333904e-19
1.590e-04	-3.42280122290439068179998506001e-2	1.20558583153706291525244872074e-18
1.600e-04	-3.42475497272265604625548388500e-2	1.72779868245071789611081181705e-18
1.610e-04	-3.42670984907507201480881965462e-2	2.46430431440370543637614816408e-18
1.620e-04	-3.42866585472535206261255586481e-2	3.49817194098248220554429540239e-18
1.630e-04	-3.43062299245655951424987918681e-2	4.94278847461558718793001260383e-18
1.640e-04	-3.43258126507131842691284829416e-2	6.95223515914142482305793795584e-18
1.650e-04	-3.43454067539202797799121135845e-2	9.73497891313206231747507377170e-18
1.660e-04	-3.43650122626108043738814321953e-2	1.35718608270168656125188028587e-17
1.670e-04	-3.43846292054108280736513948917e-2	1.88396324270060257970893740669e-17
1.680e-04	-3.44042576111508221530733381586e-2	2.60416252461481783977855541108e-17
1.690e-04	-3.44238975088679514749837071102e-2	3.58475558908158183755135343748e-17
1.700e-04	-3.44435489278084061480674985643e-2	4.91449850739777773528719352094e-17
1.710e-04	-3.44632118974297734411974999057e-2	6.71055863626959860718200502936e-17
1.720e-04	-3.44828864474034509242357012011e-2	9.12701640868558757481878168111e-17
1.730e-04	-3.45025726076171018362658610143e-2	1.23657320009122891628966249523e-16
1.740e-04	-3.45222704081771537156449640391e-2	1.66901840475771949538970120039e-16
1.750e-04	-3.45419798794113413612002584594e-2	2.24430301457221722771027537360e-16
1.760e-04	-3.45617010518712952304472011915e-2	3.00683117032584068338260998541e-16
1.770e-04	-3.45814339563351764189571935298e-2	4.01394344277157193164448853029e-16
1.780e-04	-3.46011786238103594050636628582e-2	5.33943070476717582884191673482e-16
1.790e-04	-3.46209350855361637860682631078e-2	7.07793223552293073016121129764e-16
1.800e-04	-3.46407033729866362761095932893e-2	9.35042252292850020346466829545e-16
1.810e-04	-3.46604835178733842820053692936e-2	1.23110342090623662993260005649e-15
1.820e-04	-3.46802755521484624218027234369e-2	1.61555156964110564864588648400e-15
1.830e-04	-3.47000795080073134016044582575e-2	2.11316824253550112061249512899e-15
1.840e-04	-3.47198954178917647196228428638e-2	2.75522922752551764356572956165e-15
1.850e-04	-3.47397233144930827224951131838e-2	3.58108596461026463602667902963e-15
1.860e-04	-3.47595632307550855978313784161e-2	4.64010215109145196907636201751e-15
1.870e-04	-3.47794151998773169489181339055e-2	5.99401842720126998101092261318e-15
1.880e-04	-3.47992792553182816626376484594e-2	7.71983151132921363999887302515e-15
1.890e-04	-3.48191554307987458501600662657e-2	9.91328984563657312552366516068e-15
1.900e-04	-3.48390437603051027120019872624e-2	1.26931260251073116218588251375e-14
1.910e-04	-3.48589442780928062548088007115e-2	1.62061673545195962063467316446e-14
1.920e-04	-3.48788570186898748668991166239e-2	2.06334902026519020246066987857e-14
1.930e-04	-3.48987820169004668434031859591e-2	2.61978118167265919280784051641e-14
1.940e-04	-3.49187193078085300399311466661e-2	3.31723453974918005175415011421e-14
1.950e-04	-3.49386689267815279263211079090e-2	4.18913810383531212119556262311e-14
1.960e-04	-3.49586309094742444093419546204e-2	5.27628971505492459140061783358e-14
1.970e-04	-3.49786052918326698954609697508e-2	6.62835548803944025120066593385e-14
1.980e-04	-3.49985921100979711721291293700e-2	8.30564824235814139306957610630e-14
1.990e-04	-3.50185914008105477986801326871e-2	1.03812317806683710187780537201e-13
2.000e-04	-3.50386032008141778160694596338e-2	1.29434048456094289737386612263e-13
2.010e-04	-3.50586275472602557084749934191e-2	1.60986264513341590678319281333e-13
2.020e-04	-3.50786644776121256794079439154e-2	1.99749531415221884273803251666e-13
2.030e-04	-3.50987140296495134405951627770e-2	2.47260686641332215766892418456e-13
2.040e-04	-3.51187762414730598536280145708e-2	3.05359976885605794854683425033e-13
2.050e-04	-3.51388511515089599123455561203e-2	3.76246076353632798930424142715e-13
2.060e-04	-3.51589387985137107082245696185e-2	4.62540165658615884873949088219e-13
2.070e-04	-3.51790392215789721817530270671e-2	5.67360405188848578445149879926e-13
2.080e-04	-3.51991524601365446299034534417e-2	6.94408308230078643453377012630e-13
2.090e-04	-3.52192785539634671134006571931e-2	8.48068709006094650457345881954e-13
2.100e-04	-3.52394175431872410874581627462e-2	1.03352523068656798222955861108e-12
2.110e-04	-3.52595694682911837659603608769e-2	1.25689338991489452844609293928e-12
2.120e-04	-3.52797343701199159215665814881e-2	1.52537372921717232742720453405e-12
2.130e-04	-3.52999122898849890227308411513e-2	1.84742764852511775187162673314e-12
2.140e-04	-3.53201032691706568129322377103e-2	2.23297891380800672781333384154e-12
2.150e-04	-3.53403073499397966471998611409e-2	2.69364415635373898428401943733e-12
2.160e-04	-3.53605245745399861159305153956e-2	3.24299604251891728807669388914e-12
2.170e-04	-3.53807549857097407056043707512e-2	3.89686319278870921435732754252e-12
2.180e-04	-3.54009986265849184697938803733e-2	4.67367136280314721074242206846e-12
2.190e-04	-3.54212555407052979112452836914e-2	5.59483086971143159029949639462e-12
2.200e-04	-3.54415257720213355061147481549e-2	6.68517575693529509178317552480e-12
2.210e-04	-3.54618093649011095338977050412e-2	7.97346074130418142822695770176e-12
2.220e-04	-3.54821063641374571103408086714e-2	9.49292258072804472667335006337e-12
2.230e-04	-3.55024168149553115547131567923e-2	1.12819131402571906803532281817e-11
2.240e-04	-3.55227407630192474561763367504e-2	1.33846121216894780013802826691e-11
2.250e-04	-3.55430782544412410354644872666e-2	1.58518281589441223649491421221e-11
2.260e-04	-3.55634293357886536263892738334e-2	1.87418977703085651245777395244e-11
2.270e-04	-3.55837940540924463254313823553e-2	2.21216925014047386410811977440e-11
2.280e-04	-3.56041724568556340753652779001e-2	2.60677454912656417312932447922e-11
2.290e-04	-3.56245645920619876588660716616e-2	3.06675096501249444921359263584e-11
2.300e-04	-3.56449705081849922786264298718e-2	3.60207606531562331557341062565e-11
2.310e-04	-3.56653902541970715898074625779e-2	4.22411590310828096910260061234e-11
2.320e-04	-3.56858238795790862266801160234e-2	4.94579867777958650588282036968e-11
2.330e-04	-3.57062714343301160259850665793e-2	5.78180750981841433049965003769e-11
2.340e-04	-3.57267329689775352926285305771e-2	6.74879411874204838327925964582e-11
2.350e-04	-3.57472085345873905765074035285e-2	7.86561532668899255929824444859e-11
2.360e-04	-3.57676981827750905300660951906e-2	9.15359445024702174019551357285e-11
2.370e-04	-3.57882019657164174920745051714e-2	1.06368097898426240528953263229e-10
2.380e-04	-3.58087199361588704914073550613e-2	1.23424125794918288777905976855e-10
2.390e-04	-3.58292521474333493825386883407e-2	1.43009769198917049074383437393e-10
2.400e-04	-3.58497986534661898091684243240e-2	1.65468843846713391139283165375e-10
2.410e-04	-3.58703595087915586409239454860e-2	1.91187461630415836009996759293e-10
2.420e-04	-3.58909347685642194373804097949e-2	2.20598657819687470762606310494e-10
2.430e-04	-3.59115244885726773606280448778e-2	2.54187456371947985203576826041e-10
2.440e-04	-3.59321287252527127790886650432e-2	2.92496407547411819917054885271e-10
2.450e-04	-3.59527475357013125780360774896e-2	3.36131634027282026365011672678e-10
2.460e-04	-3.59733809776910079130274119700e-2	3.85769423771359552739430035246e-10
2.470e-04	-3.59940291096846268079268831822e-2	4.42163409941985576349563093718e-10
2.480e-04	-3.60146919908504696060091856576e-2	5.06152380360857466481442432020e-10
2.490e-04	-3.60353696810779148276201174737e-2	5.78668761149599322822812438360e-10
2.500e-04	-3.60560622409934624674511936643e-2	6.60747821429268704568914355323e-10
2.510e-04	-3.60767697319772211757832707957e-2	7.53537648212962586999817699646e-10
2.520e-04	-3.60974922161798451072294848978e-2	8.58309942913534344358844851122e-10
2.530e-04	-3.61182297565399254853017575902e-2	9.76471693198792709769537222343e-10
2.540e-04	-3.61389824168018411170255042246e-2	1.10957777625251494359952370530e-9
2.550e-04	-3.61597502615340711979309503394e-2	1.25934455183370440126926892112e-9
2.560e-04	-3.61805333561479727682497196068e-2	1.42766450586073099488285591095e-9
2.570e-04	-3.62013317669170241167887820477e-2	1.61662200757272280939424198792e-9
2.580e-04	-3.62221455609965342734882903159e-2	1.82851024562867771344600403760e-9
2.590e-04	-3.62429748064438174861080862310e-2	2.06584941078552572910004704233e-9
2.600e-04	-3.62638195722388302356029415315e-2	2.33140619503953346959902076333e-9
2.610e-04	-3.62846799283052669078118205324e-2	2.62821467931019306213350012561e-9
2.620e-04	-3.63055559455321087073283697481e-2	2.95959868391025997865154726285e-9
2.630e-04	-3.63264476957956187616540125439e-2	3.32919565790589159101319787102e-9
2.640e-04	-3.63473552519817746335687276799e-2	3.74098218604920924246502009608e-9
2.650e-04	-3.63682786880091276210258876234e-2	4.19930119286643370940833789339e-9
2.660e-04	-3.63892180788520762878837695554e-2	4.70889092622286657055399640318e-9
2.670e-04	-3.64101735005645396242716614270e-2	5.27491580376426666558439623465e-9
2.680e-04	-3.64311450303040130985032567362e-2	5.90299920733159066962695784466e-9
2.690e-04	-3.64521327463559886057858148169e-2	6.59925831177742665265511353519e-9
2.700e-04	-3.64731367281587169886974908094e-2	7.37034103580253319068879510576e-9
2.710e-04	-3.64941570563282893362352820070e-2	8.22346520343816121331490732198e-9
2.720e-04	-3.65151938126840107454100186344e-2	9.16646000560877034952426617360e-9
2.730e-04	-3.65362470802740375580166371728e-2	1.02078098518046122365428232490e-8
2.740e-04	-3.65573169434012463915145563992e-2	1.13567007022584995291018946111e-8
2.750e-04	-3.65784034876493003955546742492e-2	1.26230689711398322813422120453e-8
2.760e-04	-3.65995067999088753262241643408e-2	1.40176530911354295660196951034e-8
2.770e-04	-3.66206269684040049534809549412e-2	1.55520478293647010492923605101e-8
2.780e-04	-3.66417640827185023064385418443e-2	1.72387614438599772209981643239e-8
2.790e-04	-3.66629182338224100495554219166e-2	1.90912757688152721112637539020e-8
2.800e-04	-3.66840895140984301549074438717e-2	2.11241093154523703000102119648e-8
2.810e-04	-3.67052780173682796228938956036e-2	2.33528834736561229778548295273e-8
2.820e-04	-3.67264838389189158031973526643e-2	2.57943918974756519672330929381e-8
2.830e-04	-3.67477070755285713479547759567e-2	2.84666731551596165482234677361e-8
2.840e-04	-3.67689478254925356212410514465e-2	3.13890867215769748848426669169e-8
2.850e-04	-3.67902061886486155480562551133e-2	3.45823923876555103974722450476e-8
2.860e-04	-3.68114822664022059735064553886e-2	3.80688331578349592067414971857e-8
2.870e-04	-3.68327761617508954309367377447e-2	4.18722217024668908999556637653e-8
2.880e-04	-3.68540879793085302879814706342e-2	4.60180304275870312796255662597e-8
2.890e-04	-3.68754178253286566492410691954e-2	5.05334852195260108668352474625e-8
2.900e-04	-3.68967658077272555111115818426e-2	5.54476629164009130061209578086e-8
2.910e-04	-3.69181320361046836385473124275e-2	6.07915925526326952488113973735e-8
2.920e-04	-3.69395166217667294186752508604e-2	6.65983604162550342702522438831e-8
2.930e-04	-3.69609196777446886663826772165e-2	7.29032189519111199021744254136e-8
2.940e-04	-3.69823413188143638059945741194e-2	7.97436995350697886994509263583e-8
2.950e-04	-3.70037816615138841006053991210e-2	8.71597291351272352582698255873e-8
2.960e-04	-3.70252408241602446338490461225e-2	9.51937508766907631537815215547e-8
2.970e-04	-3.70467189268644556074028994158e-2	1.03890848499466552218828351837e-7
2.980e-04	-3.70682160915451935965550003741e-2	1.13298874707792367626201298190e-7
2.990e-04	-3.70897324419408414813718654406e-2	1.23468583390971972457634602626e-7
3.000e-04	-3.71112681036198015624079245677e-2	1.34453765685183198560752694536e-7
3.010e-04	-3.71328232039889664004006014088e-2	1.46311389836851485228451258388e-7
3.020e-04	-3.71543978723002248907493829967e-2	1.59101744816015247533890522737e-7
3.030e-04	-3.71759922396548856017126290558e-2	1.72888587616364019607035040780e-7
3.040e-04	-3.71976064390058898548699446146e-2	1.87739294166323603778427718128e-7
3.050e-04	-3.72192406051576941922512220051e-2	2.03725013762800632690143977634e-7
3.060e-04	-3.72408948747636940734491978579e-2	2.20920826926007891910426489059e-7
3.070e-04	-3.72625693863210566291390511613e-2	2.39405906560186825511043059903e-7
3.080e-04	-3.72842642801628498348368356726e-2	2.59263682291036736126664453974e-7
3.090e-04	-3.73059796984473201878836643943e-2	2.80582007836309198453774637953e-7
3.100e-04	-3.73277157851442045556860428008e-2	3.03453331251308655793177738494e-7
3.110e-04	-3.73494726860179477417712460756e-2	3.27974867876032374102999509332e-7
3.120e-04	-3.73712505486076893332388853563e-2	3.54248775795401263182288194152e-7
3.130e-04	-3.73930495222039015990406832227e-2	3.82382333608498649648901300427e-7
3.140e-04	-3.74148697578215557424940216223e-2	4.12488120287011368273574949502e-7
3.150e-04	-3.74367114081696907957321657659e-2	4.44684196887189886287426689792e-7
3.160e-04	-3.74585746276172462196928757455e-2	4.79094289863667694510955622985e-7
3.170e-04	-3.74804595721550834845602065019e-2	5.15847975717377983557480531991e-7
3.180e-04	-3.75023663993540478672880470090e-2	5.55080866693798910340334851210e-7
3.190e-04	-3.75242952683189424214523410616e-2	5.96934797231737826539322591825e-7
3.200e-04	-3.75462463396383774116025292283e-2	6.41558010846856786552970903095e-7
3.210e-04	-3.75682197753303031542029363294e-2	6.89105347118543519271708137692e-7
3.220e-04	-3.75902157387832123531039166879e-2	7.39738428433026836697852780448e-7
3.230e-04	-3.76122343946928461510700271429e-2	7.93625846120566195875012448549e-7
3.240e-04	-3.76342759089943713311780198909e-2	8.50943345609522997855144923261e-7
3.250e-04	-3.76563404487899149960234704054e-2	9.11874010205775389195720209163e-7
3.260e-04	-3.76784281822714495545375328221e-2	9.76608443091844192417356883565e-7
3.270e-04	-3.77005392786388007519486875815e-2	1.04534494712709261012898920458e-6
3.280e-04	-3.77226739080129639655774224574e-2	1.11828970201699200908401614777e-6
3.290e-04	-3.77448322413445079002457658408e-2	1.19565693840810500286122880098e-6
3.300e-04	-3.77670144503169539506776741465e-2	1.27766910845419753796646273631e-6
3.310e-04	-3.77892207072454460713693934869e-2	1.36455705238769183604050870722e-6
3.320e-04	-3.78114511849701725266521205333e-2	1.45656016062315715679737092138e-6
3.330e-04	-3.78337060567451146584782500967e-2	1.55392653090888182922699879770e-6
3.340e-04	-3.78559854961215979382557843430e-2	1.65691312003789770472162385197e-6
3.350e-04	-3.78782896768269507395374727943e-2	1.76578588962205545855274874064e-6
3.360e-04	-3.79006187726383953711724140262e-2	1.88081994542832710188570353647e-6
3.370e-04	-3.79229729572516778710690541047e-2	2.00229966977520714621868089756e-6
3.380e-04	-3.79453524041451464591823690227e-2	2.13051884648168002123737250174e-6
3.390e-04	-3.79677572864390752009163813169e-2	2.26578077786338174367653907933e-6
3.400e-04	-3.79901877767500134414319995855e-2	2.40839839327229117642951208381e-6
3.410e-04	-3.80126440470407693424059766589e-2	2.55869434867610533161402913188e-6
3.420e-04	-3.80351262684654335506129619089e-2	2.71700111678258508820564649567e-6
3.430e-04	-3.80576346112107442966263272066e-2	2.88366106721260470223286862658e-6
3.440e-04	-3.80801692443324260242767500813e-2	3.05902653624500436030955837346e-6
3.450e-04	-3.81027303355877424153627666941e-2	3.24345988565527224970805265758e-6
3.460e-04	-3.81253180512639872531663435615e-2	3.43733355018818883579639736122e-6
3.470e-04	-3.81479325560031524931083083180e-2	3.64103007321608127844962902140e-6
3.480e-04	-3.81705740126229560641320797947e-2	3.85494213015012982039816254970e-6
3.490e-04	-3.81932425819344255577291374619e-2	4.07947253918958779836655801251e-6
3.500e-04	-3.82159384225562474311882944594e-2	4.31503425901311518736676783327e-6
3.510e-04	-3.82386616907261046030730020051e-2	4.56205037303767495752132276568e-6
3.520e-04	-3.82614125401092382965117872216e-2	4.82095405989358509305250497642e-6
3.530e-04	-3.82841911216044826332893652383e-2	5.09218854978933007838072071283e-6
3.540e-04	-3.83069975831480327421500706914e-2	5.37620706646657699432652369492e-6
3.550e-04	-3.83298320695152189612037249423e-2	5.67347275447446568063961777096e-6
3.560e-04	-3.83526947221205710300317618599e-2	5.98445859152259174150847713384e-6
3.570e-04	-3.83755856788169379450769830270e-2	6.30964728569930149093032033666e-6
3.580e-04	-3.83985050736911934554740044202e-2	6.64953115740834692451290422683e-6
3.590e-04	-3.84214530368636553799891352083e-2	7.00461200581573342522229878565e-6
3.600e-04	-3.84444296942832550359880155499e-2	7.37540095978439365713330907461e-6
3.610e-04	-3.84674351675223022626646251580e-2	7.76241831320150059389035207936e-6
3.620e-04	-3.84904695735736947596538648242e-2	8.16619334464057480375636796967e-6
3.630e-04	-3.85135330246503089974961031701e-2	8.58726412137056733284205023584e-6
3.640e-04	-3.85366256279782932955319108464e-2	9.02617728788094470831836599920e-6
3.650e-04	-3.85597474856000188903576939377e-2	9.48348783881987210929692568479e-6
3.660e-04	-3.85828986941698744446635583695e-2	9.95975887671257610353968876217e-6
3.670e-04	-3.86060793447628260601831520552e-2	1.04555613543624515541211814197e-5
3.680e-04	-3.86292895226768021042594246296e-2	1.09714738024337429317956838007e-5
3.690e-04	-3.86525293072372951982009800365e-2	1.15080820423808743475616570521e-5
3.700e-04	-3.86757987716099803494888976951e-2	1.20659788849354708528212919224e-5
3.710e-04	-3.86990979826220306612639044265e-2	1.26457638144687186515759207176e-5
3.720e-04	-3.87224270005630176832230108293e-2	1.32480426601889839043638046804e-5
3.730e-04	-3.87457858790237076182284774681e-2	1.38734272535237898070226897357e-5
3.740e-04	-3.87691746647164166400701483905e-2	1.45225350732106577879012488711e-5
3.750e-04	-3.87925933973010248011605188684e-2	1.51959888782036590242227934745e-5
3.760e-04	-3.88160421092277281772390711411e-2	1.58944163286876265365417834485e-5
3.770e-04	-3.88395208255767733491598406686e-2	1.66184495962149569212044829456e-5
3.780e-04	-3.88630295639059968089805356372e-2	1.73687249633730625578153363967e-5
3.790e-04	-3.88865683341082161635373096720e-2	1.81458824135799102833191215580e-5
3.800e-04	-3.89101371382605732690377120030e-2	1.89505652121837412129869866090e-5
3.810e-04	-3.89337359705012271875848440857e-2	1.97834194786655958872502627452e-5
3.820e-04	-3.89573648168997390163885145757e-2	2.06450937515683828487566050311e-5
3.830e-04	-3.89810236553430865415527491298e-2	2.15362385463399465091748007782e-5
3.840e-04	-3.90047124554088442965493185376e-2	2.24575059077631268523257230336e-5
3.850e-04	-3.90284311782750898722976075808e-2	2.34095489562716463172185367811e-5
3.860e-04	-3.90521797766262790817632201376e-2	2.43930214301889116359359290601e-5
3.870e-04	-3.90759581945383857718719999747e-2	2.54085772254637196962632177563e-5
3.880e-04	-3.90997663674455196718051525126e-2	2.64568699301242206754908792728e-5
3.890e-04	-3.91236042220201475079744761657e-2	2.75385523602963176193344906623e-5
3.900e-04	-3.91474716761465297630427832905e-2	2.86542760921890729411666511888e-5
3.910e-04	-3.91713686388327894298694845593e-2	2.98046909966879267004767260094e-5
3.920e-04	-3.91952950101897675913026999332e-2	3.09904447724861603679566573358e-5
3.930e-04	-3.92192506813856836808058874770e-2	3.22121824821923250142611057079e-5
3.940e-04	-3.92432355346301325444852844653e-2	3.34705460900973563022015113510e-5
3.950e-04	-3.92672494431184417391626280233e-2	3.47661740056215161878269403528e-5
3.960e-04	-3.92912922710548371143658272643e-2	3.60997006278384126332245177677e-5
3.970e-04	-3.93153638736552653784732000244e-2	3.74717558963034116349056764987e-5
3.980e-04	-3.93394640971092342334368484390e-2	3.88829648504583648929647878836e-5
3.990e-04	-3.93635927786380193057504293973e-2	4.03339471913310199980633574329e-5
4.000e-04	-3.93877497465248260156811672642e-2	4.18253168524178789622101981752e-5
4.010e-04	-3.94119348200917729339067844894e-2	4.33576815824537241941586765895e-5
4.020e-04	-3.94361478097944287859950696960e-2	4.49316425310726467389038332370e-5
4.030e-04	-3.94603885172787558713768395959e-2	4.65477938464849797092242549951e-5
4.040e-04	-3.94846567353700590725796140129e-2	4.82067222884308401791126080268e-5
4.050e-04	-3.95089522482327131651748044017e-2	4.99090068419349851767460719191e-5
4.060e-04	-3.95332748313439036006938546212e-2	5.16552183550667401440638585184e-5
4.070e-04	-3.95576242516511837801618017937e-2	5.34459191774365053329444969878e-5
4.080e-04	-3.95820002676376793477414288719e-2	5.52816628178436452366260521363e-5
4.090e-04	-3.96064026294550677726791992111e-2	5.71629936107978754793673761193e-5
4.100e-04	-3.96308310789622886915218389480e-2	5.90904464041658661579938974516e-5
4.110e-04	-3.96552853497834223941495150270e-2	6.10645462607506783627139147710e-5
4.120e-04	-3.96797651676620209604244374581e-2	6.30858081509041985424656169996e-5
4.130e-04	-3.97042702503581658822920329932e-2	6.51547366963001219966847169720e-5
4.140e-04	-3.97288003078009561792255503580e-2	6.72718259099795998544398081611e-5
4.150e-04	-3.97533550423147106733241056205e-2	6.94375589452525576891699602871e-5
4.160e-04	-3.97779341487757035716304007614e-2	7.16524078657585277329746368843e-5
4.170e-04	-3.98025373145960155350474074566e-2	7.39168334479794651186181339589e-5
4.180e-04	-3.98271642200954675951952320214e-2	7.62312849644053934949774442704e-5
4.190e-04	-3.98518145384237801787878772539e-2	7.85962000250178057002800495815e-5
4.200e-04	-3.98764879358982084992077358309e-2	8.10120043958214305502805031976e-5
4.210e-04	-3.99011840721884643940367650354e-2	8.34791118471758474424590794594e-5
4.220e-04	-3.99259026002646714719212448799e-2	8.59979240439153161174734143540e-5
4.230e-04	-3.99506431668679823983574037094e-2	8.85688303969300226987191860313e-5
4.240e-04	-3.99754054123695243718577400582e-2	9.11922079959848200346867464033e-5
4.250e-04	-4.00001889712844056917152662057e-2	9.38684214868925511241185496171e-5
4.260e-04	-4.00249934720969873547040245677e-2	9.65978230415950268669047520713e-5
4.270e-04	-4.00498185377125953868425146284e-2	9.93807522727073263261325260977e-5
4.280e-04	-4.00746637857857188520411344451e-2	1.02217536174242159977608430034e-4
4.290e-04	-4.00995288281244139112252360788e-2	1.05108489194131790923710766345e-4
4.300e-04	-4.01244132719935389143125414068e-2	1.08053913084319251893985429727e-4
4.310e-04	-4.01493167193929495941677799229e-2	1.11054097019097265380489246534e-4
4.320e-04	-4.01742387678551244394260320145e-2	1.14109317533662545489421198263e-4
4.330e-04	-4.01991790102599299972521033356e-2	1.17219838604224872258072563403e-4
4.340e-04	-4.02241370348300185614639478507e-2	1.20385911722196246769026065478e-4
4.350e-04	-4.02491124264071039693931300451e-2	1.23607775795240759082177884952e-4
4.360e-04	-4.02741047650981188593228640403e-2	1.26885657437781467698223232795e-4
4.370e-04	-4.02991136275426748881780997990e-2	1.30219770898012674233299540405e-4
4.380e-04	-4.03241385869977268695369241626e-2	1.33610318162105542219663182501e-4
4.390e-04	-4.03491792129617852286071215039e-2	1.37057489145622834804240345029e-4
4.400e-04	-4.03742350721255428921941965284e-2	1.40561461688187651219269235465e-4
4.410e-04	-4.03993057277571068688067984872e-2	1.44122401805916702517814140400e-4
4.420e-04	-4.04243907407313104548002673523e-2	1.47740463687468948062540745638e-4
4.430e-04	-4.04494896688269369982982345362e-2	1.51415789984949552923355547620e-4
4.440e-04	-4.04746020678410521534293671259e-2	1.55148511807042212773301683884e-4
4.450e-04	-4.04997274910662046762557998382e-2	1.58938748998738435863678774033e-4
4.460e-04	-4.05248654894061296069703688307e-2	1.62786610324680168723344721178e-4
4.470e-04	-4.05500156120885303616486609181e-2	1.66692193547717698924487578805e-4
4.480e-04	-4.05751774069060524762712084185e-2	1.70655585593325691558993253920e-4
4.490e-04	-4.06003504194627776547403341418e-2	1.74676862913913608640046357208e-4
4.500e-04	-4.06255341949361925121169451820e-2	1.78756091374708508298634226897e-4
4.510e-04	-4.06507282755578543524728198682e-2	1.82893326983108491553805071887e-4
4.520e-04	-4.06759322041885184839468711395e-2	1.87088615415505924494659000830e-4
4.530e-04	-4.07011455220982974361066628818e-2	1.91341992697900499624597222643e-4
4.540e-04	-4.07263677693712700695548098063e-2	1.95653485378062584228228764221e-4
4.550e-04	-4.07515984862761648023484548365e-2	2.00023110483469370581672761624e-4
4.560e-04	-4.07768372117774569993228815726e-2	2.04450876091718435842099146853e-4
4.570e-04	-4.08020834853951645488794276111e-2	2.08936781180864965495633328937e-4
4.580e-04	-4.08273368455573233047055881654e-2	2.13480816251245739877026967860e-4
4.590e-04	-4.08525968316104781885594204995e-2	2.18082963131740254802964123763e-4
4.600e-04	-4.08778629825452306124666894980e-2	2.22743195526942481422028707465e-4
4.610e-04	-4.09031348370196481576875364721e-2	2.27461479283086900894400725638e-4
4.620e-04	-4.09284119351398296331958445502e-2	2.32237772223722860827169492180e-4
4.630e-04	-4.09536938163645426755052115583e-2	2.37072024916636552171240814491e-4
4.640e-04	-4.09789800219437317929301749599e-2	2.41964180339489600142499319425e-4
4.650e-04	-4.10042700926220396505960330453e-2	2.46914174712861434389541503727e-4
4.660e-04	-4.10295635712708188617702046972e-2	2.51921937096498934753914484920e-4
4.670e-04	-4.10548600011019115328123402169e-2	2.56987390100816031107857677707e-4
4.680e-04	-4.10801589256371218944317097141e-2	2.62110450167421678166797407358e-4
4.690e-04	-4.11054598910147601989757735998e-2	2.67291027209239896899186120669e-4
4.700e-04	-4.11307624431301385409783097846e-2	2.72529025634356274125416754515e-4
4.710e-04	-4.11560661308131899347629758876e-2	2.77824343732358625591804216497e-4
4.720e-04	-4.11813705036002417315499887264e-2	2.83176874533280482980668098945e-4
4.730e-04	-4.12066751116620571979283586337e-2	2.88586506093076754392602399965e-4
4.740e-04	-4.12319795085700071962975169514e-2	2.94053120942270480461893632354e-4
4.750e-04	-4.12572832477794489711969921211e-2	2.99576597345326761645504356951e-4
4.760e-04	-4.12825858864504024584186128575e-2	3.05156808419165452592612332788e-4
4.770e-04	-4.13078869827051737122477007665e-2	3.10793623173851166531322756127e-4
4.780e-04	-4.13331860955129359976832611071e-2	3.16486906800585419151769222971e-4
4.790e-04	-4.13584827879955513396503418399e-2	3.22236519879412303076874139597e-4
4.800e-04	-4.13837766231488865159611345976e-2	3.28042319930100210334278176162e-4
4.810e-04	-4.14090671684158620951592814185e-2	3.33904160196519421235081664319e-4
4.820e-04	-4.14343539923495688152853874282e-2	3.39821890912360355093722793052e-4
4.830e-04	-4.14596366644525387501275580292e-2	3.45795359590981328790845662024e-4
4.840e-04	-4.14849147591115708986568311423e-2	3.51824409936037187978119598553e-4
4.850e-04	-4.15101878518618946371127914444e-2	3.57908883266992102230048389930e-4
4.860e-04	-4.15354555191984232304773672481e-2	3.64048618810425471156635757865e-4
4.870e-04	-4.15607173429348473756914908356e-2	3.70243452402307995563174180295e-4
4.880e-04	-4.15859729044578843338876297090e-2	3.76493218652706935561745637386e-4
4.890e-04	-4.16112217923941858674317575644e-2	3.82797748448461940288609832077e-4
4.900e-04	-4.16364635899752216508111592510e-2	3.89156873615421610132641435689e-4
4.910e-04	-4.16616978928606380101436956036e-2	3.95570420729741482697025949935e-4
4.920e-04	-4.16869242910527488288015848001e-2	4.02038217791281289837402464118e-4
4.930e-04	-4.17121423805122239250730149049e-2	4.08560090210380620182302096727e-4
4.940e-04	-4.17373517637789732938273062069e-2	4.15135860666433692974823817986e-4
4.950e-04	-4.17625520386897264991465455447e-2	4.21765353513724708477167895735e-4
4.960e-04	-4.17877428094656618356294847750e-2	4.28448390792684532667775917866e-4
4.970e-04	-4.18129236873745122014016310159e-2	4.35184792043056106231119732433e-4
4.980e-04	-4.18380942782808352625182080326e-2	4.41974379294168509206052214856e-4
4.990e-04	-4.18632541948685903963157029892e-2	4.48816972482517531580179267480e-4
5.000e-04	-4.18884030550110840136173526074e-2	4.55712390163027374444169253636e-4
5.010e-04	-4.19135404773351137422649441826e-2	4.62660451405860934002275509210e-4
5.020e-04	-4.19386660833580322269844421523e-2	4.69660975084646370789892416832e-4
5.030e-04	-4.19637794949336039700346244962e-2	4.76713781065489816458147253565e-4
5.040e-04	-4.19888803417968800461553659951e-2	4.83818687195920653360633284927e-4
5.050e-04	-4.20139682541902848042496747229e-2	4.90975512455446186914299537415e-4
5.060e-04	-4.20390428624697448746241416666e-2	4.98184077285407035906177343155e-4
5.070e-04	-4.20641038053699029566512718134e-2	5.05444200161373320672554557169e-4
5.080e-04	-4.20891507219118717113650397459e-2	5.12755701129947107030400476008e-4
5.090e-04	-4.21141832509753323674603306582e-2	5.20118402151063808630137917489e-4
5.100e-04	-4.21392010403380130328510929537e-2	5.27532123212664449767610806885e-4
5.110e-04	-4.21642037378127544308200250034e-2	5.34996686295181621784597106472e-4
5.120e-04	-4.21891909907845394750504805346e-2	5.42511915728487331427864273608e-4
5.130e-04	-4.22141624560808682196277180174e-2	5.50077633804626487546127608187e-4
5.140e-04	-4.22391177902830399329425126278e-2	5.57693665214529178053464451465e-4
5.150e-04	-4.22640566492269999351998731325e-2	5.65359837421923614356273385729e-4
5.160e-04	-4.22889786987640350421178703791e-2	5.73075975726721349496444524111e-4
5.170e-04	-4.23138836041883488249932427745e-2	5.80841908221729733120627168786e-4
5.180e-04	-4.23387710297005340991684460910e-2	5.88657466185954384809176504216e-4
5.190e-04	-4.23636406542163597950165122833e-2	5.96522476562155742196086647580e-4
5.200e-04	-4.23884921435829508388368151772e-2	6.04436775354374691814431390368e-4
5.210e-04	-4.24133251742339308848648559425e-2	6.12400196346248061826527455608e-4
5.220e-04	-4.24381394298786298071354665496e-2	6.20412572637553632155396404547e-4
5.230e-04	-4.24629345929598909871533127638e-2	6.28473740883066930065584230909e-4
5.240e-04	-4.24877103487349683569863880818e-2	6.36583539358530739916716844365e-4
5.250e-04	-4.25124663852603254994114580519e-2	6.44741808009836298360072620688e-4
5.260e-04	-4.25372023884213203248086862119e-2	6.52948391044694280943180911639e-4
5.270e-04	-4.25619180514245118936438411823e-2	6.61203132154985562407426593666e-4
5.280e-04	-4.25866130806575020645092415338e-2	6.69505871399187485630760501215e-4
5.290e-04	-4.26112871648823932656441324433e-2	6.77856461221293188687268460983e-4
5.300e-04	-4.26359400109715576543407364800e-2	6.86254747955199837678395922664e-4
5.310e-04	-4.26605713234038440731849887626e-2	6.94700582486444916989833115592e-4
5.320e-04	-4.26851808035359905565834292868e-2	7.03193820770369946529443765995e-4
5.330e-04	-4.27097681666729628522717366274e-2	7.11734314717720936058560061410e-4
5.340e-04	-4.27343331252497636782398393163e-2	7.20321921169178377231743521426e-4
5.350e-04	-4.27588753943154946010594790672e-2	7.28956499006361304706543389179e-4
5.360e-04	-4.27833946850942739618631361082e-2	7.37637912733256378380078149924e-4
5.370e-04	-4.28078907238919863100977976387e-2	7.46366022067713161553648435838e-4
5.380e-04	-4.28323632334627952291795353805e-2	7.55140692173403024577937489031e-4
5.390e-04	-4.28568119321716700309445199779e-2	7.63961794263334788212327583700e-4
5.400e-04	-4.28812365543770427916803646190e-2	7.72829194129832280172144008155e-4
5.410e-04	-4.29056368303387750066585427735e-2	7.81742763410466294316403272508e-4
5.420e-04	-4.29300124927763495146661408091e-2	7.90702375932997169130863965503e-4
5.430e-04	-4.29543632692174447783697615730e-2	7.99707912166068796552058549327e-4
5.440e-04	-4.29786889044868276079148203371e-2	8.08759246203858955581720528365e-4
5.450e-04	-4.30029891385330273867569729774e-2	8.17856258540503593076402594576e-4
5.460e-04	-4.30272637136704815696169797023e-2	8.26998831913242299820525340209e-4
5.470e-04	-4.30515123661601042920234817501e-2	8.36186856323702150992156855709e-4
5.480e-04	-4.30757348509705679713720861917e-2	8.45420214318367253812791852046e-4
5.490e-04	-4.30999309173596615951900631962e-2	8.54698795429964844461444804084e-4
5.500e-04	-4.31241003168549448551969057323e-2	8.64022491467613894301426708613e-4
5.510e-04	-4.31482427940076286974338351059e-2	8.73391202167261108462790385249e-4
5.520e-04	-4.31723581136017552960092022263e-2	8.82804818597214949126314306045e-4
5.530e-04	-4.31964460338168401703815207217e-2	8.92263239436637974052606184356e-4
5.540e-04	-4.32205063051222538950553276774e-2	9.01766371818218633986483160190e-4
5.550e-04	-4.32445387095543161752738060524e-2	9.11314106867079548408972964421e-4
5.560e-04	-4.32685429917348179326573602765e-2	9.20906362654836789978729337708e-4
5.570e-04	-4.32925189282556050691353347123e-2	9.30543040890898380500913138681e-4
5.580e-04	-4.33164662770804877019047878393e-2	9.40224058646043130490996708044e-4
5.590e-04	-4.33403848193729433651873222221e-2	9.49949321867182966684234032617e-4
5.600e-04	-4.33642743392929982334321311956e-2	9.59718738013382896529388340451e-4
5.610e-04	-4.33881345777449084972245514183e-2	9.69532246048991092365676047279e-4
5.620e-04	-4.34119653454939806398132930837e-2	9.79389743398789768650749631802e-4
5.630e-04	-4.34357663979127476063254844367e-2	9.89291166920836283076595077935e-4
5.640e-04	-4.34595375272583267584466010602e-2	9.99236433013646975215278152856e-4
5.650e-04	-4.34832785161235538803922852769e-2	1.00922546785706229711522760825e-3
5.660e-04	-4.35069891489805983300252579382e-2	1.01925819989637621197844196289e-3
5.670e-04	-4.35306691989720421982271324528e-2	1.02933456868040340703735778808e-3
5.680e-04	-4.35543184668699336877986822916e-2	1.03945449880042133658458956941e-3
5.690e-04	-4.35779367426264244658291893367e-2	1.04961792547324620383427718700e-3
5.700e-04	-4.36015238179773144463379433518e-2	1.05982478615323571718566950642e-3
5.710e-04	-4.36250794864184463787325515053e-2	1.07007502052415341545272089537e-3
5.720e-04	-4.36486035285181811440346700762e-2	1.08036858058501281446358455296e-3
5.730e-04	-4.36720957552645581943561404877e-2	1.09070540088992844304663195880e-3
5.740e-04	-4.36955559652778139109737725368e-2	1.10108542777473332361663498119e-3
5.750e-04	-4.37189839432320464831093040894e-2	1.11150862067811117509247537597e-3
5.760e-04	-4.37423795060170482616146726817e-2	1.12197491996958773560893619125e-3
5.770e-04	-4.37657424734399039850882377949e-2	1.13248426707189524000579905906e-3
5.780e-04	-4.37890726018183590265741640633e-2	1.14303665149567559498047257123e-3
5.790e-04	-4.38123697466761479142522445701e-2	1.15363199601782702449868447006e-3
5.800e-04	-4.38356337000027075890053197955e-2	1.16427027148165738367072035362e-3
5.810e-04	-4.38588642539345372580566468407e-2	1.17495145207592331548124513705e-3
5.820e-04	-4.38820612367074562957231908660e-2	1.18567548935567019411612865391e-3
5.830e-04	-4.39052244610912528622146140259e-2	1.19644234906071221163807367771e-3
5.840e-04	-4.39283537225667625404514690386e-2	1.20725201270002508442974622647e-3
5.850e-04	-4.39514488548091727530994668469e-2	1.21810443720017108600743172174e-3
5.860e-04	-4.39745096944148027444150613521e-2	1.22899958022018625883013815746e-3
5.870e-04	-4.39975360212235491335272118361e-2	1.23993744419674352011618797014e-3
5.880e-04	-4.40205276539251120602007665841e-2	1.25091800631145175867035162104e-3
5.890e-04	-4.40434844539376431846919571526e-2	1.26194121496054061158250720877e-3
5.900e-04	-4.40664062027976444009456226086e-2	1.27300708084480054437100527190e-3
5.910e-04	-4.40892927446586352148254178778e-2	1.28411557112022014804429817802e-3
5.920e-04	-4.41121439046684523638286447148e-2	1.29526667000972405651337193004e-3
5.930e-04	-4.41349595092504284414945619582e-2	1.30646036372439145716962788857e-3
5.940e-04	-4.41577393632702886362689768979e-2	1.31769665781864273328256891930e-3
5.950e-04	-4.41804833175720446782162855889e-2	1.32897552589327236495489021361e-3
5.960e-04	-4.42031912022656251272473064702e-2	1.34029696007135951792198973483e-3
5.970e-04	-4.42258628486569031907690011233e-2	1.35166095441434571368943850313e-3
5.980e-04	-4.42484980892283291576098622689e-2	1.36306750490945839640306783344e-3
5.990e-04	-4.42710967325282990338001619348e-2	1.37451662895018232281562516572e-3
6.000e-04	-4.42936586630415302022515217162e-2	1.38600828780013611591759779033e-3
6.010e-04	-4.43161836659915909174449297109e-2	1.39754252260000716956435812466e-3
6.020e-04	-4.43386716034469134203212433648e-2	1.40911931744633344605715719684e-3
6.030e-04	-4.43611222864237027720964337420e-2	1.42073869913113967137829218900e-3
6.040e-04	-4.43835356076244151755934836750e-2	1.43240063276342833691759964744e-3
6.050e-04	-4.44059113526099719195471006784e-2	1.44410517066419656968752551304e-3
6.060e-04	-4.44282493895967438722911235534e-2	1.45585230249035689287964023538e-3
6.070e-04	-4.44505495607678456053513035275e-2	1.46764204105235383613839681686e-3
6.080e-04	-4.44728117092984197950430819333e-2	1.47947440096311930293916921390e-3
6.090e-04	-4.44950356491395165501883885558e-2	1.49134942299425656069972462302e-3
6.100e-04	-4.45172212544895148309075328588e-2	1.50326710203269729424859182039e-3
6.110e-04	-4.45393683713716385627044490698e-2	1.51522745805452116794127274009e-3
6.120e-04	-4.45614768467321653589067335242e-2	1.52723051279080975428815727730e-3
6.130e-04	-4.45835465284237077730387941199e-2	1.53927628971587366323667594106e-3
6.140e-04	-4.46055772651886674105480616530e-2	1.55136481403557479548654565402e-3
6.150e-04	-4.46275688729952570734362777305e-2	1.56349614041054769105612788642e-3
6.160e-04	-4.46495212347549904649465913827e-2	1.57567027093155538392623104234e-3
6.170e-04	-4.46714342017560223609514224128e-2	1.58788723596051184113040493940e-3
6.180e-04	-4.46933076261114225747904316947e-2	1.60014706754573015702128350447e-3
6.190e-04	-4.47151413607434748079957918115e-2	1.61244979941078350411499464493e-3
6.200e-04	-4.47369352226065235678943375671e-2	1.62479549776204459954440395757e-3
6.210e-04	-4.47586891016563893894205430688e-2	1.63718417011930435945709759088e-3
6.220e-04	-4.47804028531227535242608510535e-2	1.64961585519885935550864227179e-3
6.230e-04	-4.48020763329829375039376931100e-2	1.66209059334946539952525861208e-3
6.240e-04	-4.48237093979470186781834398863e-2	1.67460842654181550282717193604e-3
6.250e-04	-4.48453018653342174054600790999e-2	1.68716943253296906852828814009e-3
6.260e-04	-4.48668536727960080811069532206e-2	1.69977358886169349941060735776e-3
6.270e-04	-4.48883645982166833238814596473e-2	1.71242101138135537017945545980e-3
6.280e-04	-4.49098345411707955556213167915e-2	1.72511171430830630498570454292e-3
6.290e-04	-4.49312633617842703804932662422e-2	1.73784574760563705829076782063e-3
6.300e-04	-4.49526508771261821697535716397e-2	1.75062320062050063364195906796e-3
6.310e-04	-4.49739970352583497150964761719e-2	1.76344405155270589753223773009e-3
6.320e-04	-4.49953016100267734859289053582e-2	1.77630843145856272781261883205e-3
6.330e-04	-4.50165645077319902860555177382e-2	1.78921635870912293262252797210e-3
6.340e-04	-4.50377855915629318819353436061e-2	1.80216789102274570967648589065e-3
6.350e-04	-4.50589647252868911985194401875e-2	1.81516308763426959368437375052e-3
6.360e-04	-4.50801017732364660847821331739e-2	1.82820200928618301127695540879e-3
6.370e-04	-4.51011965511163567578821407951e-2	1.84128476167514094952892102277e-3
6.380e-04	-4.51222489718776311391064542327e-2	1.85441136679342515312455665107e-3
6.390e-04	-4.51432589014378323103009025781e-2	1.86758188989590067850441297542e-3
6.400e-04	-4.51642262062284883211019632434e-2	1.88079639771195619608550797061e-3
6.410e-04	-4.51851507531827556903479248161e-2	1.89405495843743850218395615951e-3
6.420e-04	-4.52060324097231998431143182647e-2	1.90735764172674052208806767820e-3
6.430e-04	-4.52268709894291240275271581354e-2	1.92070456750026247080356635782e-3
6.440e-04	-4.52476664684090812558214616782e-2	1.93409571161894979574427805401e-3
6.450e-04	-4.52684186059169502990877884024e-2	1.94753124667119058043141351159e-3
6.460e-04	-4.52891273254969408986206404766e-2	1.96101119929915182440284209310e-3
6.470e-04	-4.53097924388103616703569004256e-2	1.97453569906438816233992515849e-3
6.480e-04	-4.53304139309638169554323142996e-2	1.98810471990186659168132747857e-3
6.490e-04	-4.53509915554754314122016581001e-2	2.00171844791582940597829861031e-3
6.500e-04	-4.53715253020542577455096837796e-2	2.01537685583010902968948835283e-3
6.510e-04	-4.53920149211467745932197494732e-2	2.02908013663065076434363246970e-3
6.520e-04	-4.54124603442508477596259481115e-2	2.04282831954618599539880147469e-3
6.530e-04	-4.54328614433218635053062490919e-2	2.05662148989727415292047888295e-3
6.540e-04	-4.54532180257456013663142569875e-2	2.07045979443960378809945817099e-3
6.550e-04	-4.54735300929687135120595789606e-2	2.08434320224685512946713761470e-3
6.560e-04	-4.54937973870536366066279501785e-2	2.09827192402514804506470802306e-3
6.570e-04	-4.55140199142772860243590169334e-2	2.11224592709351552986868681447e-3
6.580e-04	-4.55341974130957058518532298574e-2	2.12626542942433174645756749135e-3
6.590e-04	-4.55543297541090576036532013515e-2	2.14033052809099061759669812456e-3
6.600e-04	-4.55744169509347221386694866453e-2	2.15444118753226384493582584386e-3
6.610e-04	-4.55944588088188183790034325827e-2	2.16859756863276306054133548097e-3
6.620e-04	-4.56144551287748868203723808231e-2	2.18279983848700687379066920718e-3
6.630e-04	-4.56344059319818274118697684330e-2	2.19704795823148037904435615578e-3
6.640e-04	-4.56543109450782234657725188409e-2	2.21134216844099507402833648530e-3
6.650e-04	-4.56741701171601331990442709254e-2	2.22568250121325635516851955787e-3
6.660e-04	-4.56939832454234928547365547307e-2	2.24006913418028717855320350004e-3
6.670e-04	-4.57137503613815847877902704264e-2	2.25450202354316876157990514392e-3
6.680e-04	-4.57334712638747688346413254547e-2	2.26898134823850338196669683312e-3
6.690e-04	-4.57531457470015209140332724377e-2	2.28350729392719640908572480217e-3
6.700e-04	-4.57727737668477202165567196018e-2	2.29807989280759119005129822727e-3
6.710e-04	-4.57923552000147392437426463300e-2	2.31269925442093414411115255438e-3
6.720e-04	-4.58118899232792530422632001483e-2	2.32736548960828681580886116864e-3
6.730e-04	-4.58313778135844917544718541298e-2	2.34207871050761040661942750631e-3
6.740e-04	-4.58508187480315839351627447152e-2	2.35683903055101187437167975848e-3
6.750e-04	-4.58702125137648444349173844671e-2	2.37164665200677908355140121288e-3
6.760e-04	-4.58895591670051213166204916795e-2	2.38650151733316038965729222665e-3
6.770e-04	-4.59088584036425245860967990706e-2	2.40140392050103518761991180291e-3
6.780e-04	-4.59281101913762811086759383962e-2	2.41635389261827039476268030546e-3
6.790e-04	-4.59473144079145466610614439322e-2	2.43135155362129821384784244737e-3
6.800e-04	-4.59664709310723984435439287945e-2	2.44639702472872305277268360537e-3
6.810e-04	-4.59855795400700326273988470080e-2	2.46149052555017496958170469456e-3
6.820e-04	-4.60046403088025252062815814329e-2	2.47663198731933276168693487584e-3
6.830e-04	-4.60236529164313067137861849909e-2	2.49182173104077314622522880401e-3
6.840e-04	-4.60426174430033506743918727290e-2	2.50705968379265555779987434256e-3
6.850e-04	-4.60615335617490102746836377096e-2	2.52234617594166127102565795553e-3
6.860e-04	-4.60804012526077637108650836929e-2	2.53768123595726830594718148647e-3
6.870e-04	-4.60992203938598773359778106891e-2	2.55306499407463740504294806857e-3
6.880e-04	-4.61179907542209336318175547588e-2	2.56849769118612812829571755764e-3
6.890e-04	-4.61367124296259153906502984083e-2	2.58397924316869621614941404878e-3
6.900e-04	-4.61553850775599836527766333061e-2	2.59951000475834794542940466725e-3
6.910e-04	-4.61740088005795551814520298381e-2	2.61508988695327511009451529748e-3
6.920e-04	-4.61925832495468210100163503168e-2	2.63071925457683290308668558503e-3
6.930e-04	-4.62111084157417949522570103812e-2	2.64639813247449184365189208606e-3
6.940e-04	-4.62295841775277437380807544257e-2	2.66212665989221458619275287665e-3
6.950e-04	-4.62480102916872245718801809137e-2	2.67790510031561160538356354567e-3
6.960e-04	-4.62663868779053678738685251312e-2	2.69373335167715862316229513480e-3
6.970e-04	-4.62847135695060070884755931302e-2	2.70961180509725297808142958974e-3
6.980e-04	-4.63029904933242488542033669245e-2	2.72554035285379554895973488476e-3
6.990e-04	-4.63212172753218143106622804126e-2	2.74151939696675024339042241169e-3
7.000e-04	-4.63393939188314595127907256947e-2	2.75754895735984511229332952062e-3
7.010e-04	-4.63575203019385220751787299282e-2	2.77362918234339034688063882873e-3
7.020e-04	-4.63755963026707866314759217495e-2	2.78976022151721900845624879617e-3
7.030e-04	-4.63936217989918418801032997108e-2	2.80594222577279442978646782135e-3
7.040e-04	-4.64115965301460318814558456764e-2	2.82217548983902015208615861362e-3
7.050e-04	-4.64295206492243189947666680880e-2	2.83845988444287776756555593735e-3
7.060e-04	-4.64473937545843163272810626168e-2	2.85479585185402397669842423963e-3
7.070e-04	-4.64652158624372916364006248236e-2	2.87118340571094253661308708990e-3
7.080e-04	-4.64829868502481603196069082501e-2	2.88762270350207751899538706014e-3
7.090e-04	-4.65007065953775829129675719576e-2	2.90411390402547329649217725235e-3
7.100e-04	-4.65183749750756497625769062773e-2	2.92065716739212163634362668078e-3
7.110e-04	-4.65359918664756105259502776753e-2	2.93725265502948531618344629684e-3
7.120e-04	-4.65535569909914442019867561319e-2	2.95390069186317206513119235246e-3
7.130e-04	-4.65710705344544972229779307814e-2	2.97060112021997768180144102038e-3
7.140e-04	-4.65885320601142315239260342102e-2	2.98735443254413819547487583943e-3
7.150e-04	-4.66059416000839780399415095692e-2	3.00416063350041495051612423489e-3
7.160e-04	-4.66232990307319067570888833037e-2	3.02101989127018939269559534811e-3
7.170e-04	-4.66406042282711831115978290861e-2	3.03793237537812221525001434841e-3
7.180e-04	-4.66578570687539579354730086666e-2	3.05489825669696897780340766347e-3
7.190e-04	-4.66750574280653930357154104936e-2	3.07191770745258027221116621749e-3
7.200e-04	-4.66922050075264681487343815116e-2	3.08899108538123122575889159951e-3
7.210e-04	-4.67093000289670908083624107995e-2	3.10611820004743141329679624929e-3
7.220e-04	-4.67263420163991106719966951792e-2	3.12329959907973313143337541045e-3
7.230e-04	-4.67433310192757535350399232349e-2	3.14053527614093621098742528318e-3
7.240e-04	-4.67602670970033223220238099451e-2	3.15782521433140768904623059218e-3
7.250e-04	-4.67771497577779395398450461254e-2	3.17516998334171957296189503395e-3
7.260e-04	-4.67939788681894640090092242860e-2	3.19256977442973473592153965804e-3
7.270e-04	-4.68107546794188834212469093580e-2	3.21002436950984658550993606723e-3
7.280e-04	-4.68274768783181670378541444429e-2	3.22753415256497927649826815028e-3
7.290e-04	-4.68441451406883006353199216922e-2	3.24509952179940699701424266173e-3
7.300e-04	-4.68607597332673136361055945815e-2	3.26272024416660363437951326600e-3
7.310e-04	-4.68773201305310827712533319571e-2	3.28039693612723769029508230798e-3
7.320e-04	-4.68938264034323983431650221738e-2	3.29812957632556419015865689361e-3
7.330e-04	-4.69102784246861364882236368800e-2	3.31591835684870904061691345089e-3
7.340e-04	-4.69266760667504812411248680865e-2	3.33376347123979769579933987298e-3
7.350e-04	-4.69430192018213131087294943892e-2	3.35166511450616548051317033305e-3
7.360e-04	-4.69593077018266136817504738555e-2	3.36962348312777761896238400678e-3
7.370e-04	-4.69755412170374406775715145928e-2	3.38763901491204824112722102917e-3
7.380e-04	-4.69917200585019991337766281973e-2	3.40571143331798395371163206827e-3
7.390e-04	-4.70078436513650034825537611105e-2	3.42384142279717840924804105985e-3
7.400e-04	-4.70239123184886746345592628612e-2	3.44202869500299931244016196703e-3
7.410e-04	-4.70399254718818993639486366345e-2	3.46027395243532025213649609452e-3
7.420e-04	-4.70558832092431748498159497015e-2	3.47857715345366401457625053416e-3
7.430e-04	-4.70717854003446593669999964002e-2	3.49693850526217637011158627306e-3
7.440e-04	-4.70876319146442286038064110949e-2	3.51535821661559596874811195281e-3
7.450e-04	-4.71034223739663691983345842461e-2	3.53383676878981737706659692664e-3
7.460e-04	-4.71191571383208462097144445603e-2	3.55237383588590689899700936683e-3
7.470e-04	-4.71348355780377528106016934714e-2	3.57097017754937364862223865049e-3
7.480e-04	-4.71504580661936329906208279647e-2	3.58962545450749086441894336597e-3
7.490e-04	-4.71660239585272764845628723358e-2	3.60834044638756253698629583348e-3
7.500e-04	-4.71815333765830200794692726675e-2	3.62711509236041037212193739041e-3
7.510e-04	-4.71969861873252153439866746188e-2	3.64594961252117151908339835570e-3
7.520e-04	-4.72123822573573831222451920263e-2	3.66484422860889481172267405740e-3
7.530e-04	-4.72277214529166389473254562546e-2	3.68379916401895104320460119422e-3
7.540e-04	-4.72430036398681123233953142265e-2	3.70281464381569450941564309075e-3
7.550e-04	-4.72582283999842683732348499917e-2	3.72189120976464256209909813564e-3
7.560e-04	-4.72733961618994435785664664941e-2	3.74102846501367453447741435411e-3
7.570e-04	-4.72885062188911073015242915494e-2	3.76022727463556659480848020512e-3
7.580e-04	-4.73035590144272311091376468666e-2	3.77948722621111914875652335544e-3
7.590e-04	-4.73185538251703366999468684233e-2	3.79880920753618015719128923747e-3
7.600e-04	-4.73334908060542975273731168397e-2	3.81819312958918450626774071989e-3
7.610e-04	-4.73483698200253110773756879923e-2	3.83763922970103566908829686183e-3
7.620e-04	-4.73631907296099082155411711424e-2	3.85714774698601473712722661805e-3
7.630e-04	-4.73779533969092152699519661984e-2	3.87671892235690134659959180902e-3
7.640e-04	-4.73926576835931963427585149734e-2	3.89635299854037725131992344998e-3
7.650e-04	-4.74073031257838945186341811096e-2	3.91605058568583234794262645217e-3
7.660e-04	-4.74218902300576131583570467815e-2	3.93581120445558746830681568573e-3
7.670e-04	-4.74364182019752115409764719115e-2	3.95563583990654044914713157367e-3
7.680e-04	-4.74508872263629048568317686678e-2	3.97552437681466599369317177179e-3
7.690e-04	-4.74652975057000678659768931841e-2	3.99547667958255610676648979851e-3
7.700e-04	-4.74796482169919081746946012063e-2	4.01549377236400433162166633837e-3
7.710e-04	-4.74939395571560630395238344349e-2	4.03557552909662303737207958251e-3
7.720e-04	-4.75081713840197633400848599092e-2	4.05572220785076809571846629760e-3
7.730e-04	-4.75223431926256508284786065200e-2	4.07593448006384912538102053695e-3
7.740e-04	-4.75364555594944112977617575723e-2	4.09621179105732499554516298572e-3
7.750e-04	-4.75505079835337794811780605317e-2	4.11655481026272253844211368385e-3
7.760e-04	-4.75644999433242869161566546798e-2	4.13696423366318547745903648510e-3
7.770e-04	-4.75784320436036280462419680935e-2	4.15743947587301811198344827133e-3
7.780e-04	-4.75923033794078505259101344734e-2	4.17798167343288071274822121519e-3
7.790e-04	-4.76061141820848322381499522905e-2	4.19859066895315572608373538609e-3
7.800e-04	-4.76198643051880380695870988399e-2	4.21926673707420485944185542206e-3
7.810e-04	-4.76335536017303891749291681495e-2	4.24001015456910849818529199960e-3
7.820e-04	-4.76471819241777787656176263461e-2	4.26082120036500242559246664722e-3
7.830e-04	-4.76607491244425373651167656667e-2	4.28170015556477881123047380221e-3
7.840e-04	-4.76742550538768458022783955250e-2	4.30264730346915651150638220241e-3
7.850e-04	-4.76876991374572495394203343686e-2	4.32366341994068261910921930217e-3
7.860e-04	-4.77010820712671186111753728307e-2	4.34474781924429275849713859918e-3
7.870e-04	-4.77144028474133202734968372489e-2	4.36590177949075080796731327416e-3
7.880e-04	-4.77276621838213098009050252087e-2	4.38712459073745217602754156294e-3
7.890e-04	-4.77408590481038925499916891077e-2	4.40841756487054537003071269977e-3
7.900e-04	-4.77539937252674837743913553157e-2	4.42978049435031124763757047616e-3
7.910e-04	-4.77670660623181780495896074555e-2	4.45121367882986273187511485408e-3
7.920e-04	-4.77800759056429908340458963576e-2	4.47271742035661892218014276048e-3
7.930e-04	-4.77930231010026451904707907115e-2	4.49429202339806144687302104120e-3
7.940e-04	-4.78059074935242861461043681534e-2	4.51593779486791905203694727014e-3
7.950e-04	-4.78187284408494642458247807576e-2	4.53765561111407781332006176848e-3
7.960e-04	-4.78314867539589899647681387861e-2	4.55944465835902907213148913888e-3
7.970e-04	-4.78441817956519266943217110728e-2	4.58130580983389002493354917220e-3
7.980e-04	-4.78568129016915718648335427360e-2	4.60323997460982272233296825473e-3
7.990e-04	-4.78693804070550734747732394658e-2	4.62524689737417960973870620003e-3
8.000e-04	-4.78818846731263306399784542417e-2	4.64732629118219364596957076634e-3
8.010e-04	-4.78943245061512622816383378885e-2	4.66947969128511688398629134879e-3
8.020e-04	-4.79067002592160637795060968689e-2	4.69170682481006132013607236009e-3
8.030e-04	-4.79190117711258320701432897689e-2	4.71400802231940493927464284621e-3
8.040e-04	-4.79312588799698065897781731331e-2	4.73638361711595589356178423808e-3
8.050e-04	-4.79434414231130536909107814261e-2	4.75883394527444463688860165870e-3
8.060e-04	-4.79555586733349743594829618274e-2	4.78136001023765003610771766878e-3
8.070e-04	-4.79676115866720700682164721520e-2	4.80396083422813400656312812638e-3
8.080e-04	-4.79795988627840306247090903557e-2	4.82663810088513521788907849523e-3
8.090e-04	-4.79915214864762454016484701569e-2	4.84939079962274247955961637662e-3
8.100e-04	-4.80033781252001800223321472158e-2	4.87222065905758763097305285688e-3
8.110e-04	-4.80151697932891852420387493258e-2	4.89512663484438208911762120498e-3
8.120e-04	-4.80268951251450330788320265611e-2	4.91811050182019460103852162094e-3
8.130e-04	-4.80385545464378313992870474656e-2	4.94117191590571710108320998701e-3
8.140e-04	-4.80501478872981566315686386027e-2	4.96431124007661662366515222510e-3
8.150e-04	-4.80616749770373650190925078612e-2	4.98752884043406952722467548757e-3
8.160e-04	-4.80731356441379079803861940967e-2	5.01082508624260197309186101757e-3
8.170e-04	-4.80845290633973005649712251765e-2	5.03420112848772136290924975561e-3
8.180e-04	-4.80958563585597404267915105952e-2	5.05765579709738933934100935858e-3
8.190e-04	-4.81071167113437691815161095196e-2	5.08119023847862515019844268421e-3
8.200e-04	-4.81183092673717088024726012113e-2	5.10480564774422951129314450334e-3
8.210e-04	-4.81294352006238018561912619928e-2	5.12850079670830994110433680537e-3
8.220e-04	-4.81404929661557007155221843911e-2	5.15227771215396620159066767663e-3
8.230e-04	-4.81514830654416811499194832521e-2	5.17613597431083942823578509252e-3
8.240e-04	-4.81624053195944262779264680143e-2	5.20007597970968364536489196170e-3
8.250e-04	-4.81732595487972536627057611554e-2	5.22409812842489620767542598318e-3
8.260e-04	-4.81840455722928128571088134469e-2	5.24820282411928902902254832574e-3
8.270e-04	-4.81947632083716123224216034788e-2	5.27239047408960079953273348899e-3
8.280e-04	-4.82054122743603718644719441555e-2	5.29666148931276322325310785088e-3
8.290e-04	-4.82159925866101966527672056533e-2	5.32101628449293459900885036990e-3
8.300e-04	-4.82265039604845688082554685505e-2	5.34545527810931436509483143515e-3
8.310e-04	-4.82369454237489566695787611363e-2	5.36997984435609603925117181333e-3
8.320e-04	-4.82473183524182265652570114465e-2	5.39458851938068385252688290647e-3
8.330e-04	-4.82576209747838923672295752189e-2	5.41928365124531366611602457514e-3
8.340e-04	-4.82678547069774981445871824768e-2	5.44406372892222110981985177934e-3
8.350e-04	-4.82780177324458741483300589334e-2	5.46893116441795903536318723936e-3
8.360e-04	-4.82881106677523938186540174027e-2	5.49388542079859481167093069967e-3
8.370e-04	-4.82981333205450408799397781717e-2	5.51892694506836007865580108202e-3
8.380e-04	-4.83080854973725315382352639738e-2	5.54405618837751189629706005830e-3
8.390e-04	-4.83179670036703009285528672458e-2	5.56927360613276375130353629195e-3
8.400e-04	-4.83277776437462584214896974191e-2	5.59457965805403218811229216537e-3
8.410e-04	-4.83375172207663066497137143522e-2	5.61997480823214373514923922797e-3
8.420e-04	-4.83471855367396190022808193830e-2	5.64545952518752020079719498047e-3
8.430e-04	-4.83567814694907434973770711153e-2	5.67103541299922544134912737021e-3
8.440e-04	-4.83663066523104806466009735859e-2	5.69670070346794408553945688434e-3
8.450e-04	-4.83757590248713327343032882415e-2	5.72245815779931888299814590223e-3
8.460e-04	-4.83851402676418089926931733932e-2	5.74830595149392999231002886043e-3
8.470e-04	-4.83944482675554116645816705485e-2	5.77424692174561502577880914777e-3
8.480e-04	-4.84036837668127153086372076073e-2	5.80028040159395559910776949476e-3
8.490e-04	-4.84128465583556013931437564220e-2	5.82640689306973123575098553814e-3
8.500e-04	-4.84219374472968484574746035178e-2	5.85262565207063791239941290065e-3
8.510e-04	-4.84309542106831097603782447182e-2	5.87893967459531962884517756840e-3
8.520e-04	-4.84398976375308120820284981235e-2	5.90534824456652303908260872309e-3
8.530e-04	-4.84487664605549203236930137571e-2	5.93185319067579951024741911303e-3
8.540e-04	-4.84575625617408332631284404076e-2	5.95845244654296287636383046571e-3
8.550e-04	-4.84662846850656816920470619377e-2	5.98514783268753653112057081170e-3
8.560e-04	-4.84749326140359686166128391232e-2	6.01193988729902940119336537090e-3
8.570e-04	-4.84835050177555718211193401698e-2	6.03883053820981860995517622185e-3
8.580e-04	-4.84920038878281372439074712511e-2	6.06581758639680831087755960318e-3
8.590e-04	-4.85004267620262201892757037367e-2	6.09290437583209342864810223816e-3
8.600e-04	-4.85087745304000177390853655350e-2	6.12009008375480930041958277933e-3
8.610e-04	-4.85170481428388391499653379712e-2	6.14737381061898794049049143673e-3
8.620e-04	-4.85252450405696840362739025512e-2	6.17475904162531674745504239047e-3
8.630e-04	-4.85333661547253219509225108627e-2	6.20224491019534195101459168527e-3
8.640e-04	-4.85414112561863042876969931610e-2	6.22983200145236321231853865188e-3
8.650e-04	-4.85493801142295403906017425248e-2	6.25752090666345107030504984702e-3
8.660e-04	-4.85572724965052620252171800702e-2	6.28531222332943706016046299726e-3
8.670e-04	-4.85650881690135535232631913689e-2	6.31320655527653818429035923930e-3
8.680e-04	-4.85728268960804376087144716818e-2	6.34120451274965069939861187084e-3
8.690e-04	-4.85804871326372772877192603781e-2	6.36930836012247887576080082808e-3
8.700e-04	-4.85880712372529246042485829410e-2	6.39751544970972703604406027588e-3
8.710e-04	-4.85955776788678102047700357632e-2	6.42582803539722377445104751508e-3
8.720e-04	-4.86030048531894645997921386228e-2	6.45424847539158552247063448102e-3
8.730e-04	-4.86103552206539212380403200512e-2	6.48277399617371055162753348830e-3
8.740e-04	-4.86176257926257091149428897021e-2	6.51140871732807185657156663560e-3
8.750e-04	-4.86248176818798875698555867617e-2	6.54015157667079500741398434782e-3
8.760e-04	-4.86319306376225065375091471179e-2	6.56900324058816381703961109616e-3
8.770e-04	-4.86389644071319331572005115033e-2	6.59796438283423288632322787705e-3
8.780e-04	-4.86459202124908941233665111798e-2	6.62703380524683886519869016298e-3
8.790e-04	-4.86527948636578620158289718896e-2	6.65621592764798589985242125401e-3
8.800e-04	-4.86595880415093972179480982054e-2	6.68551152998622030993406875404e-3
8.810e-04	-4.86663024992770788220491885252e-2	6.71491747443741251817068814428e-3
8.820e-04	-4.86729364772408270361340700984e-2	6.74443638052916178388254949969e-3
8.830e-04	-4.86794897104760469475957002014e-2	6.77406896866824601794231200637e-3
8.840e-04	-4.86859619319124064265034430048e-2	6.80381596746573596955184438524e-3
8.850e-04	-4.86923512483149800000859588724e-2	6.83368019729118168889385520503e-3
8.860e-04	-4.86986606139523675419165546917e-2	6.86365826769491274993372512732e-3
8.870e-04	-4.87048864842117666631996897746e-2	6.89375513157700119825830008932e-3
8.880e-04	-4.87110302061101748830194890768e-2	6.92396946974960418070787163884e-3
8.890e-04	-4.87170932153758723567891100821e-2	6.95429984477440809544596537751e-3
8.900e-04	-4.87230718238435481065664202814e-2	6.98475142694474848599657805504e-3
8.910e-04	-4.87289674391825785733561696565e-2	7.01532282962673225459182678017e-3
8.920e-04	-4.87347797748326865867489390674e-2	7.04601485355827746855836374541e-3
8.930e-04	-4.87405085417357979593908418700e-2	7.07682830897658503917570347116e-3
8.940e-04	-4.87461534482949752933513072278e-2	7.10776401577294956174864598457e-3
8.950e-04	-4.87517142003324811919487669583e-2	7.13882280365071040385513969345e-3
8.960e-04	-4.87571905010469488144704685159e-2	7.17000551228642060662635765450e-3
8.970e-04	-4.87625820509696370600475567401e-2	7.20131299149431348370675999340e-3
8.980e-04	-4.87678885479197469930941273833e-2	7.23274610139414920289643789110e-3
8.990e-04	-4.87731077199229671638206026994e-2	7.26430827886083457818922464682e-3
9.000e-04	-4.87782431660466872235679319665e-2	7.29599531138896258708644652340e-3
9.010e-04	-4.87832906134942118245491038736e-2	7.32781326377244941206100631767e-3
9.020e-04	-4.87882537647509473654928460044e-2	7.35975778997811197051744294512e-3
9.030e-04	-4.87931282303427481803303412647e-2	7.39183513501041710860656474651e-3
9.040e-04	-4.87979178192048267052641947328e-2	7.42404081493923237714630618390e-3
9.050e-04	-4.88026180216954367654533189367e-2	7.45638126095420037504901468742e-3
9.060e-04	-4.88072305895377548398456305426e-2	7.48885469868885443595515161160e-3
9.070e-04	-4.88117551926159417847090635225e-2	7.52146209133243055262029488950e-3
9.080e-04	-4.88161914975679003725282509366e-2	7.55420441431888480641723641548e-3
9.090e-04	-4.88205391677277651227468293091e-2	7.58708265553966051673253648411e-3
9.100e-04	-4.88247978630670897611734321976e-2	7.62009781556109227856769343449e-3
9.110e-04	-4.88289672401346969484790988372e-2	7.65325090784657107523250353490e-3
9.120e-04	-4.88330469519951537857035234384e-2	7.68654295898359865811916718516e-3
9.130e-04	-4.88370366481658354296456251674e-2	7.71997500891586354054644989495e-3
9.140e-04	-4.88409359745525379316207858097e-2	7.75354811118047526395244394839e-3
9.150e-04	-4.88447421170801927427061928926e-2	7.78726660483926424754835397353e-3
9.160e-04	-4.88484595922122626600651525734e-2	7.82112507860400106093016540034e-3
9.170e-04	-4.88520830862460266062547099695e-2	7.85513122411962069773699697000e-3
9.180e-04	-4.88556172466126284837056762346e-2	7.88927945629857904033839375536e-3
9.190e-04	-4.88590566109242164337450861915e-2	7.92357770256436666954510495311e-3
9.200e-04	-4.88624059615351681208868495359e-2	7.95802019812775891664591226455e-3
9.210e-04	-4.88656596827544463510017681509e-2	7.99261511438554886368891411553e-3
9.220e-04	-4.88688199855286413860112763318e-2	8.02736014602558799750737962277e-3
9.230e-04	-4.88718864783203639183928638863e-2	8.06225648349472405196366721957e-3
9.240e-04	-4.88748587652056404532797504553e-2	8.09730533360238581618404431216e-3
9.250e-04	-4.88777364457895044839574356453e-2	8.13250791982736231051703328278e-3
9.260e-04	-4.88805191151195227429575592837e-2	8.16786548263186343004375087779e-3
9.270e-04	-4.88832063635971955637248189690e-2	8.20337927978307557395230500372e-3
9.280e-04	-4.88857977768871682494144165005e-2	8.23905058668243328620148292528e-3
9.290e-04	-4.88882929358241881193769886214e-2	8.27488069670283574638115045794e-3
9.300e-04	-4.88906914163177395862172077711e-2	8.31087092153404508378252866025e-3
9.310e-04	-4.88929897089528680091794085276e-2	8.34702678897369151918750580878e-3
9.320e-04	-4.88951934957328908063974242491e-2	8.38334132040755059438502003037e-3
9.330e-04	-4.88972993005572457149315190042e-2	8.41982001639653666866502840696e-3
9.340e-04	-4.88993034630025340146951302688e-2	8.45646866734817859129349242608e-3
9.350e-04	-4.89012119175543919561018709578e-2	8.49327994897000467261365829548e-3
9.360e-04	-4.89030177290848109097354063005e-2	8.53026416744640140084684315431e-3
9.370e-04	-4.89047236494867380234874527144e-2	8.56741837522154677587336228384e-3
9.380e-04	-4.89063326156769085514749177525e-2	8.60473935593255602669583059256e-3
9.390e-04	-4.89078373888515014701158827597e-2	8.64223791559265709738104670617e-3
9.400e-04	-4.89092408450152642667690471212e-2	8.67991095674813368680140337925e-3
9.410e-04	-4.89105424963706295305949779420e-2	8.71776002233535903526257876153e-3
9.420e-04	-4.89117418487784070624699400640e-2	8.75578667861502312642097102342e-3
9.430e-04	-4.89128384016230385405265887433e-2	8.79399251565390161395428627425e-3
9.440e-04	-4.89138316476742168087121311981e-2	8.83237914781934811179354024393e-3
9.450e-04	-4.89147210729447504683171201389e-2	8.87094821428692595859196608152e-3
9.460e-04	-4.89155061565445497840909875636e-2	8.90970137956161183623321447955e-3
9.470e-04	-4.89161863705306050354757400232e-2	8.94864033401302063025713258392e-3
9.480e-04	-4.89167572387408205903036735198e-2	8.98777231219543958220210560662e-3
9.490e-04	-4.89172260423032935678543587227e-2	9.02708811359481678002647668860e-3
9.500e-04	-4.89175883475762414462870277540e-2	9.06659493776455714484205282648e-3
9.510e-04	-4.89178394775764450248861426320e-2	9.10630038121459672484309860665e-3
9.520e-04	-4.89179870437871888133043340840e-2	9.14619477480221553586588905922e-3
9.530e-04	-4.89180221705401448681198937521e-2	9.18629167067491867648053941719e-3
9.540e-04	-4.89179526986747516163963128340e-2	9.22658107253209525331987647684e-3
9.550e-04	-4.89177694859780926808156548132e-2	9.26707698761903311225502663625e-3
9.560e-04	-4.89174761733213306624024795144e-2	9.30777537957380301498485395283e-3
9.570e-04	-4.89170721495957902322422071472e-2	9.34867823650489893091172033952e-3
9.580e-04	-4.89165613662926869689435563692e-2	9.38978106513271572175771764055e-3
9.590e-04	-4.89159341196286753957933134405e-2	9.43109883849111886689449965772e-3
9.600e-04	-4.89151942742845656946349561791e-2	9.47262724011648334547880465013e-3
9.610e-04	-4.89143411814646108903653363968e-2	9.51436839474277517760491895732e-3
9.620e-04	-4.89133741823803465515915395170e-2	9.55632446326690101853422953118e-3
9.630e-04	-4.89122926080106316784530782352e-2	9.59849764359467600728360111258e-3
9.640e-04	-4.89110957788543485882523323272e-2	9.64089017151232033616892534920e-3
9.650e-04	-4.89097779232201138274647306031e-2	9.68351165824711898752831527086e-3
9.660e-04	-4.89083484248185949692627809129e-2	9.72634987177621820674479281909e-3
9.670e-04	-4.89068015662903541071711261709e-2	9.76941437922216141067892409689e-3
9.680e-04	-4.89051313038607624050324356088e-2	9.81271530305187784853898797722e-3
9.690e-04	-4.89033474588401863607001935962e-2	9.85623976581406475283261506631e-3
9.700e-04	-4.89014440441858760233872853040e-2	9.89999784416566814282802575286e-3
9.710e-04	-4.88994147285678907367870257929e-2	9.94400020526669073055916838824e-3
9.720e-04	-4.88972697936739594907224244771e-2	9.98823328766289889127554628522e-3
9.730e-04	-4.88949972215520460735622721454e-2	1.00327161404994006739791071614e-2
9.740e-04	-4.88926017784278038270434946497e-2	1.00774433026590929665678155160e-2
9.750e-04	-4.88900885733191559557633600571e-2	1.01224087698593414681613890884e-2
9.760e-04	-4.88874450117404090139279248753e-2	1.01676326294618381448666209273e-2
9.770e-04	-4.88846760821600700572470281821e-2	1.02131091334758573188462503965e-2
9.780e-04	-4.88817809221303165945506030634e-2	1.02588411669505808984300724166e-2
9.790e-04	-4.88787586537494476184766797413e-2	1.03048316700818924377940857495e-2
9.800e-04	-4.88756083832437493555323548538e-2	1.03510836396717361510678412333e-2
9.810e-04	-4.88723292005348755446626927502e-2	1.03976001306375655343466685678e-2
9.820e-04	-4.88689201787921247162235638758e-2	1.04443842575740110123431782544e-2
9.830e-04	-4.88653803739689655123243089798e-2	1.04914391963690041196396531979e-2
9.840e-04	-4.88617088243231277958918620808e-2	1.05387681858767102092471578142e-2
9.850e-04	-4.88579045499195420133319647943e-2	1.05863745296497429853895800162e-2
9.860e-04	-4.88539665521153718685133290063e-2	1.06342615977332627479898902950e-2
9.870e-04	-4.88498866441316366767744707665e-2	1.06824436731213976626751894504e-2
9.880e-04	-4.88456780094997528508013333909e-2	1.07309027773991612752260650567e-2
9.890e-04	-4.88413325356093212541821648012e-2	1.07796531385381554893941416717e-2
9.900e-04	-4.88368416176539022289700362339e-2	1.08287098770822063063179693370e-2
9.910e-04	-4.88322190829769920812921047752e-2	1.08780540107919113588694906500e-2
9.920e-04	-4.88274486285755861055415834534e-2	1.09277125070069719575777658851e-2
9.930e-04	-4.88225445311777865353774697647e-2	1.09776656781434497347974439727e-2
9.940e-04	-4.88174899366452185361962317447e-2	1.10279415419926654926579471518e-2
9.950e-04	-4.88122914189268237249743835655e-2	1.10785322731113139593667397839e-2
9.960e-04	-4.88069560567623652160062684334e-2	1.11294291973300549581093597672e-2
9.970e-04	-4.88014661254085014862106638887e-2	1.11806620057743374486254357439e-2
9.980e-04	-4.87958285141109089207775387357e-2	1.12322224534208580811254259996e-2
9.990e-04	-4.87900419153510868841169843633e-2	1.12841149907579602081765778382e-2
1.000e-03	-4.87841049929671304927521198549e-2	1.13363441689690683042804387171e-2
1.001e-03	-4.87780163812325171253528137917e-2	1.13889146431184411448193484538e-2
1.002e-03	-4.87717746838966903587190458544e-2	1.14418311754682336207363749298e-2
1.003e-03	-4.87653784731854847845829136303e-2	1.14950986389335722498905080487e-2
1.004e-03	-4.87588262887593154146830866119e-2	1.15487220206827587367120479790e-2
1.005e-03	-4.87521166366269270894449063311e-2	1.16027064258901543639577938777e-2
1.006e-03	-4.87452479880123617707057846230e-2	1.16570570816497679506066627401e-2
1.007e-03	-4.87382187781726540588053205370e-2	1.17117793410580741737054779919e-2
1.008e-03	-4.87310172245643349357468893723e-2	1.17668949377993882223609656863e-2
1.009e-03	-4.87236618694301375939359102199e-2	1.18223773210621120113419170836e-2
1.010e-03	-4.87161410265445040953270345987e-2	1.18782481752668980207285255115e-2
1.011e-03	-4.87084422458962250161165425824e-2	1.19345306743048825820906862853e-2
1.012e-03	-4.87005850294151666180337680823e-2	1.19911966833551058444703187231e-2
1.013e-03	-4.86925570263851690786761581970e-2	1.20482693316117021583749384727e-2
1.014e-03	-4.86843450690382757515066702806e-2	1.21057733600496553053420378089e-2
1.015e-03	-4.86759581607731807370082585736e-2	1.21636977005865865136823523372e-2
1.016e-03	-4.86674060621654945857617736634e-2	1.22220299283593099774163057891e-2
1.017e-03	-4.86586635177495532149573533913e-2	1.22808148701049131129799843871e-2
1.018e-03	-4.86497521312705646746553482228e-2	1.23400208779071111298431906838e-2
1.019e-03	-4.86406456853757598487924122171e-2	1.23996947901802679344104689971e-2
1.020e-03	-4.86313539346670326710172356124e-2	1.24598245352169307705452523112e-2
1.021e-03	-4.86218746347057328891055042867e-2	1.25204178179351729617771063153e-2
1.022e-03	-4.86122054784330119779760202889e-2	1.25814825604928096356878596097e-2
1.023e-03	-4.86023574209943238179778288993e-2	1.26430046488904744421674769174e-2
1.024e-03	-4.85923016188465726348123645957e-2	1.27050364962906025988461524375e-2
1.025e-03	-4.85820486436966195594640552064e-2	1.27675649482156691127568792392e-2
1.026e-03	-4.85715959116228477103740482679e-2	1.28305988864457868586476034984e-2
1.027e-03	-4.85609407620749542160799756215e-2	1.28941474580478350533375809671e-2
1.028e-03	-4.85500658085439221665343909076e-2	1.29582449642156885139530209719e-2
1.029e-03	-4.85389972356348007734249514899e-2	1.30228519312089009147108320237e-2
1.030e-03	-4.85277177629920935290050728457e-2	1.30880026967054483600733511626e-2
1.031e-03	-4.85162243886887362565089659658e-2	1.31537075881796244958338599046e-2
1.032e-03	-4.85045140158427031016416084345e-2	1.32199772611665334330238801170e-2
1.033e-03	-4.84925673085586437459912454518e-2	1.32868506165923145730997083227e-2
1.034e-03	-4.84804129240759487961797082396e-2	1.33542838671742605337237389551e-2
1.035e-03	-4.84680316276398153686279587482e-2	1.34223160070283281011126130852e-2
1.036e-03	-4.84554027631103474232112398822e-2	1.34909891109366124926508449587e-2
1.037e-03	-4.84425566060151549722185098310e-2	1.35602565423865804759715265355e-2
1.038e-03	-4.84294547536325366940623129490e-2	1.36301919411906341873557683586e-2
1.039e-03	-4.84161286215915234133317640941e-2	1.37007466529344875976505304818e-2
1.040e-03	-4.84025381002758107778426062920e-2	1.37719982470985774980516319170e-2
1.041e-03	-4.83887157969129378835219695594e-2	1.38438959520008966723639497950e-2
1.042e-03	-4.83746197857605750991583339799e-2	1.39165215611428800006418853319e-2
1.043e-03	-4.83602839196710339117958929542e-2	1.39898220818127176845253977733e-2
1.044e-03	-4.83456643371754947120759518493e-2	1.40638838567796475465343974525e-2
1.045e-03	-4.83307755385102799398871711841e-2	1.41386889732062326265689269871e-2
1.046e-03	-4.83156335596391520530535416838e-2	1.42142164569978813616953471276e-2
1.047e-03	-4.83001913836363034048996116699e-2	1.42905601662010787789001637447e-2
1.048e-03	-4.82844641840119375264865585421e-2	1.43677015142716064036200461224e-2
1.049e-03	-4.82684462554478957462716489797e-2	1.44456600907339741396349791408e-2
1.050e-03	-4.82521316555047105352424165657e-2	1.45244562969903553671238462167e-2
1.051e-03	-4.82355141904792987222119456437e-2	1.46041113944342363884451934984e-2
1.052e-03	-4.82185874001577661543080424586e-2	1.46846475563105714093349856472e-2
1.053e-03	-4.82013445413557867920925957692e-2	1.47660879236862319548466665709e-2
1.054e-03	-4.81837785701264149906272914228e-2	1.48484566659371039942577965694e-2
1.055e-03	-4.81658821225008485135305706853e-2	1.49317790462066082463968955948e-2
1.056e-03	-4.81476474936113051772316138073e-2	1.50160814923456305777599598243e-2
1.057e-03	-4.81290666150264813077055559168e-2	1.51013916739069502819686999460e-2
1.058e-03	-4.81101310301086384041076603572e-2	1.51877385858395477733315599466e-2
1.059e-03	-4.80908318671767555582917045056e-2	1.52751526396112088510910973489e-2
1.060e-03	-4.80711598102318407935461701410e-2	1.53636657625834669805585692658e-2
1.061e-03	-4.80511050669677583669859272400e-2	1.54533115065733471546669223675e-2
1.062e-03	-4.80306266507352631370813891282e-2	1.55441852915185959574357225079e-2
1.063e-03	-4.80097742784122680454545460371e-2	1.56362059187043656677244709761e-2
1.064e-03	-4.79885065863136566767294051602e-2	1.57294709006044999882826975299e-2
1.065e-03	-4.79668114889045205110303632241e-2	1.58240216020734389855838366843e-2
1.066e-03	-4.79446421477558469467709924418e-2	1.59199699261834633918754226147e-2
1.067e-03	-4.79220522348860220509105177815e-2	1.60172280030975108251341985843e-2
1.068e-03	-4.78989942485611613526179677471e-2	1.61159108837513189712930162852e-2
1.069e-03	-4.78754159923085367118653631858e-2	1.62161458717793249532380922173e-2
1.070e-03	-4.78513742034467803529768765424e-2	1.63178402380661245515901747152e-2
1.071e-03	-4.78267765433164620090895690495e-2	1.64212062699920382466682191999e-2
1.072e-03	-4.78016817965583988368460653046e-2	1.65261482441458211705664992901e-2
1.073e-03	-4.77760323032524924835317177016e-2	1.66328110302424742419954215361e-2
1.074e-03	-4.77497642766600093133018073051e-2	1.67413560514309668187072950707e-2
1.075e-03	-4.77229394688918403385436372238e-2	1.68516838701074055825706895322e-2
1.076e-03	-4.76954466339369072589140496113e-2	1.69640603115859755775457350237e-2
1.077e-03	-4.76673493327242732554356616407e-2	1.70783843550636209923881902787e-2
1.078e-03	-4.76385267510787562311828820691e-2	1.71949495586762263236209574231e-2
1.079e-03	-4.76090439944039321976658958533e-2	1.73136544951858109541821240490e-2
1.080e-03	-4.75787691022133964545229458515e-2	1.74348254827489337138433787197e-2
1.081e-03	-4.75477682870345681526939498543e-2	1.75583624776643437585893011431e-2
1.082e-03	-4.75158964291953096350397965166e-2	1.76846310159924200102629762684e-2
1.083e-03	-4.74832201467475326120339657491e-2	1.78135351529632212007325234713e-2
1.084e-03	-4.74495785390818101994525374042e-2	1.79454881104746456646879169820e-2
1.085e-03	-4.74150375175691055196639955860e-2	1.80804021822711929812168198191e-2
1.086e-03	-4.73794169018897752298610669540e-2	1.82187496473828987742460186444e-2
1.087e-03	-4.73427801322464980821435425112e-2	1.83604574225940192131695187324e-2
1.088e-03	-4.73049229449124963136130516064e-2	1.85060725459640963971294020764e-2
1.089e-03	-4.72659034790816702194171593266e-2	1.86555465855251155695126148022e-2
1.090e-03	-4.72255637955036950769160821020e-2	1.88093411410357239995596236795e-2
1.091e-03	-4.71837204160785779482221621401e-2	1.89679964094920303086343509584e-2
1.092e-03	-4.71404139478623867863136701434e-2	1.91315342708929473098871406031e-2
1.093e-03	-4.70954319802246890022069916521e-2	1.93005943768311053241266964472e-2
1.094e-03	-4.70485227876268533002448515248e-2	1.94759401704083429499450280409e-2
1.095e-03	-4.69996854186190396334068550415e-2	1.96577462440650521517765359794e-2
1.096e-03	-4.69486111107437933208670402125e-2	1.98469702203327286618922326212e-2
1.097e-03	-4.68950362716007847502977856455e-2	2.00445011119711367570680813442e-2
1.098e-03	-4.68386391422795057139383500013e-2	2.02514234142897326327908664323e-2
1.099e-03	-4.67791507536656950595266543653e-2	2.04687431805597455829733673677e-2
1.100e-03	-4.67158135215556070876038534813e-2	2.06988143428443883163880545816e-2
1.101e-03	-4.66482443454436327486930452418e-2	2.09431285326237331989358374285e-2
1.102e-03	-4.65754351570003456226321940567e-2	2.12049762164850297466520395694e-2
1.103e-03	-4.64961606908619422092607808461e-2	2.14884745330153595150038189760e-2
1.104e-03	-4.64088340557546981946082262280e-2	2.17990707664506145438063010917e-2
1.105e-03	-4.63104519051907215155773486351e-2	2.21467343170584303538362994814e-2
1.106e-03	-4.61963249046686786187052647284e-2	2.25473192872321683207752020109e-2
1.107e-03	-4.60561595755093243335857920813e-2	2.30353362655868715736799445083e-2
1.108e-03	-4.58599702556255469075359282688e-2	2.37116453027149706362134926167e-2
