0.000e+00	-3.12500000000000000000000000000e-2	0
1.000e-06	-3.12440040313105942898076248791e-2	0
2.000e-06	-3.12380161224990952822077822145e-2	0
3.000e-06	-3.12320362694828026463679368984e-2	0
4.000e-06	-3.12260644682219008492550413004e-2	0
5.000e-06	-3.12201007147193624462042745579e-2	0
6.000e-06	-3.12141450050208530856946516378e-2	0
7.000e-06	-3.12081973352146382197481529060e-2	0
8.000e-06	-3.12022577014314915115948696148e-2	0
9.000e-06	-3.11963260998446049324494196703e-2	0
1.000e-05	-3.11904025266695005394449557792e-2	0
1.100e-05	-3.11844869781639439269705157239e-2	0
1.200e-05	-3.11785794506278593438553030109e-2	0
1.300e-05	-3.11726799404032464690397853364e-2	0
1.400e-05	-3.11667884438740988385683081393e-2	0
1.500e-05	-3.11609049574663239169312896097e-2	0
1.600e-05	-3.11550294776476648059770406787e-2	0
1.700e-05	-3.11491620009276235848038864487e-2	0
1.800e-05	-3.11433025238573862742326017861e-2	0
1.900e-05	-3.11374510430297494196472603225e-2	0
2.000e-05	-3.11316075550790482861794795601e-2	0
2.100e-05	-3.11257720566810866603967715456e-2	0
2.200e-05	-3.11199445445530682528403341122e-2	0
2.300e-05	-3.11141250154535296959410873299e-2	0
2.400e-05	-3.11083134661822751320254464968e-2	0
2.500e-05	-3.11025098935803123863038760535e-2	0
2.600e-05	-3.10967142945297907199152678017e-2	0
2.700e-05	-3.10909266659539401582814771400e-2	0
2.800e-05	-3.10851470048170123902015633697e-2	0
2.900e-05	-3.10793753081242232333056529516e-2	0
3.000e-05	-3.10736115729216966616306741472e-2	0
3.100e-05	-3.10678557962964103913221115139e-2	0
3.200e-05	-3.10621079753761430205663136482e-2	0
3.300e-05	-3.10563681073294227200781380756e-2	0
3.400e-05	-3.10506361893654774706603690631e-2	0
3.500e-05	-3.10449122187341868444339417016e-2	0
3.600e-05	-3.10391961927260353267034908583e-2	0
3.700e-05	-3.10334881086720671751797868744e-2	0
3.800e-05	-3.10277879639438428143748891895e-2	0
3.900e-05	-3.10220957559533967615330409633e-2	0
4.000e-05	-3.10164114821531970826450050111e-2	0
4.100e-05	-3.10107351400361063755968498701e-2	0
4.200e-05	-3.10050667271353442785540688690e-2	0
4.300e-05	-3.09994062410244515016048884339e-2	0
4.400e-05	-3.09937536793172553798442699750e-2	0
4.500e-05	-3.09881090396678369463285112415e-2	0
4.600e-05	-3.09824723197704995234013800744e-2	0
4.700e-05	-3.09768435173597388311813894687e-2	0
4.800e-05	-3.09712226302102146120420532418e-2	0
4.900e-05	-3.09656096561367237702129033852e-2	0
5.000e-05	-3.09600045929941750257025741951e-2	0
5.100e-05	-3.09544074386775650819610491227e-2	0
5.200e-05	-3.09488181911219563068836362637e-2	0
5.300e-05	-3.09432368483024559268783088173e-2	0
5.400e-05	-3.09376634082341967339451173898e-2	0
5.500e-05	-3.09320978689723193058596393921e-2	0
5.600e-05	-3.09265402286119557397168677130e-2	0
5.700e-05	-3.09209904852882148992941689830e-2	0
5.800e-05	-3.09154486371761691768413507630e-2	0
5.900e-05	-3.09099146824908427700800798938e-2	0
6.000e-05	-3.09043886194872014753846655565e-2	0
6.100e-05	-3.08988704464601439982772278469e-2	0
6.200e-05	-3.08933601617444947825522054823e-2	0
6.300e-05	-3.08878577637149983595082668012e-2	0
6.400e-05	-3.08823632507863152189702177836e-2	0
6.500e-05	-3.08768766214130192038737177169e-2	0
6.600e-05	-3.08713978740895964306174520293e-2	0
6.700e-05	-3.08659270073504457371984508843e-2	0
6.800e-05	-3.08604640197698806613854091909e-2	0
6.900e-05	-3.08550089099621329519993443245e-2	0
7.000e-05	-3.08495616765813576154515431639e-2	0
7.100e-05	-3.08441223183216395008238083886e-2	0
7.200e-05	-3.08386908339170014264769455212e-2	0
7.300e-05	-3.08332672221414138514963299881e-2	0
7.400e-05	-3.08278514818088060954516343487e-2	0
7.500e-05	-3.08224436117730791101350319063e-2	0
7.600e-05	-3.08170436109281198071305950768e-2	0
7.700e-05	-3.08116514782078169452572660947e-2	0
7.800e-05	-3.08062672125860785821188626233e-2	0
7.900e-05	-3.08008908130768510941870665866e-2	0
8.000e-05	-3.07955222787341397700373139446e-2	0
8.100e-05	-3.07901616086520309815530074998e-2	0
8.200e-05	-3.07848088019647159381105686472e-2	0
8.300e-05	-3.07794638578465160289565869570e-2	0
8.400e-05	-3.07741267755119097591887760081e-2	0
8.500e-05	-3.07687975542155612849546595416e-2	0
8.600e-05	-3.07634761932523505536859541876e-2	0
8.700e-05	-3.07581626919574050553925450777e-2	0
8.800e-05	-3.07528570497061331912478310981e-2	0
8.900e-05	-3.07475592659142592659071109746e-2	0
9.000e-05	-3.07422693400378601102126545577e-2	0
9.100e-05	-3.07369872715734033411227112531e-2	0
9.200e-05	-3.07317130600577872661319154376e-2	0
9.300e-05	-3.07264467050683824390266000674e-2	0
9.400e-05	-3.07211882062230748751119732658e-2	0
9.500e-05	-3.07159375631803109331974478831e-2	0
9.600e-05	-3.07106947756391438724976625198e-2	0
9.700e-05	-3.07054598433392820926197345841e-2	0
9.800e-05	-3.07002327660611390650691963455e-2	0
9.900e-05	-3.06950135436258849649408730205e-2	0
1.000e-04	-3.06898021758955000116975695840e-2	0
1.010e-04	-3.06845986627728295281789206712e-2	0
1.020e-04	-3.06794030042016407272252077892e-2	0
1.030e-04	-3.06742152001666812355464441526e-2	0
1.040e-04	-3.06690352506937393647156555801e-2	0
1.050e-04	-3.06638631558497061394171338268e-2	0
1.060e-04	-3.06586989157426390933355962518e-2	0
1.070e-04	-3.06535425305218278433307445778e-2	0
1.080e-04	-3.06483940003778614528037696732e-2	0
1.090e-04	-3.06432533255426975954279948465e-2	0
1.100e-04	-3.06381205062897335306851854657e-2	0
1.110e-04	-3.06329955429338789029221785715e-2	0
1.120e-04	-3.06278784358316303759195055936e-2	0
1.130e-04	-3.06227691853811481152447000909e-2	0
1.140e-04	-3.06176677920223341309481087010e-2	0
1.150e-04	-3.06125742562369124934483682676e-2	0
1.160e-04	-3.06074885785485114357483890030e-2	0
1.170e-04	-3.06024107595227473554208091826e-2	0
1.180e-04	-3.05973407997673107301045806991e-2	0
1.190e-04	-3.05922786999320539605617295095e-2	0
1.200e-04	-3.05872244607090811556555362840e-2	0
1.210e-04	-3.05821780828328398739285295342e-2	0
1.220e-04	-3.05771395670802148367809085580e-2	0
1.230e-04	-3.05721089142706236285774527259e-2	0
1.240e-04	-3.05670861252661143993437665233e-2	0
1.250e-04	-3.05620712009714655860509998035e-2	0
1.260e-04	-3.05570641423342876688321171541e-2	0
1.270e-04	-3.05520649503451269788225205307e-2	0
1.280e-04	-3.05470736260375715746735109001e-2	0
1.290e-04	-3.05420901704883592051488674312e-2	0
1.300e-04	-3.05371145848174873755828912480e-2	0
1.310e-04	-3.05321468701883255363527738519e-2	0
1.320e-04	-3.05271870278077294118992820678e-2	0
1.330e-04	-3.05222350589261574892176805946e-2	0
1.340e-04	-3.05172909648377896851357241099e-2	0
1.350e-04	-3.05123547468806482120976328632e-2	0
1.360e-04	-3.05074264064367206625824140004e-2	0
1.370e-04	-3.05025059449320853327019062967e-2	0
1.380e-04	-3.04975933638370388059487156106e-2	0
1.390e-04	-3.04926886646662258184969853698e-2	0
1.400e-04	-3.04877918489787714278999304933e-2	0
1.410e-04	-3.04829029183784155074774808902e-2	0
1.420e-04	-3.04780218745136495891454654748e-2	0
1.430e-04	-3.04731487190778560779047603944e-2	0
1.440e-04	-3.04682834538094498616849742871e-2	0
1.450e-04	-3.04634260804920223407228050633e-2	0
1.460e-04	-3.04585766009544879011504416593e-2	0
1.470e-04	-3.04537350170712328579745732764e-2	0
1.480e-04	-3.04489013307622668931419899966e-2	0
1.490e-04	-3.04440755439933770149137034367e-2	0
1.500e-04	-3.04392576587762840653062852747e-2	0
1.510e-04	-3.04344476771688018029070260271e-2	0
1.520e-04	-3.04296456012749985889288778622e-2	0
1.530e-04	-3.04248514332453617049422959549e-2	0
1.540e-04	-3.04200651752769643313043768682e-2	0
1.550e-04	-3.04152868296136352159014654882e-2	0
1.560e-04	-3.04105163985461310634300325172e-2	0
1.570e-04	-3.04057538844123116760624938381e-2	0
1.580e-04	-3.04009992895973178769801461899e-2	1.22974018225717613657596720954e-22
1.590e-04	-3.03962526165337522489049400035e-2	1.71539880981541683814801359700e-22
1.600e-04	-3.03915138677018627204258240347e-2	2.45562781296939529049621823197e-22
1.610e-04	-3.03867830456297290335943177874e-2	3.54948725904664192490583444717e-22
1.620e-04	-3.03820601528934521269582528392e-2	5.14036408938312656043398589528e-22
1.630e-04	-3.03773451921173464689127468556e-2	7.43184879050038575876417775859e-22
1.640e-04	-3.03726381659741353769739259488e-2	1.07098478546099833088674114670e-21
1.650e-04	-3.03679390771851493593242028528e-2	1.53729041357779913375964319387e-21
1.660e-04	-3.03632479285205275157385808683e-2	2.19733839474401553341641767456e-21
1.670e-04	-3.03585647227994220357800383915e-2	3.12730587622623982964752880811e-21
1.680e-04	-3.03538894628902058329491298075e-2	4.43177181973833199685691284098e-21
1.690e-04	-3.03492221517106833542891128105e-2	6.25368683544701431101077885469e-21
1.700e-04	-3.03445627922283046057838012664e-2	8.78763795864845596071891211550e-21
1.710e-04	-3.03399113874603824347415940899e-2	1.22974253189447898419097501137e-20
1.720e-04	-3.03352679404743131112364189070e-2	1.71392603771872353920898820152e-20
1.730e-04	-3.03306324543878002515753580523e-2	2.37922658030974231131253923545e-20
1.740e-04	-3.03260049323690821276842274611e-2	3.28984241077392976723162354908e-20
1.750e-04	-3.03213853776371624072471223097e-2	4.53147089435490769044414754856e-20
1.760e-04	-3.03167737934620443704047265913e-2	6.21808676770808549340202885970e-20
1.770e-04	-3.03121701831649686498098429585e-2	8.50072404822513132515873914990e-20
1.780e-04	-3.03075745501186545418580076963e-2	1.15788140972930231625318847295e-19
1.790e-04	-3.03029868977475449379571273646e-2	1.57147735834013576951711725899e-19
1.800e-04	-3.02984072295280549257737645577e-2	2.12527105410970475198368985961e-19
1.810e-04	-3.02938355489888241114960114636e-2	2.86423314954187555338358428308e-19
1.820e-04	-3.02892718597109727152848698851e-2	3.84693961791637191281674027757e-19
1.830e-04	-3.02847161653283614932488039462e-2	5.14943887953706542008518244461e-19
1.840e-04	-3.02801684695278555404707986109e-2	6.87014679736743596797110374244e-19
1.850e-04	-3.02756287760495920308450515167e-2	9.13602356523499376809019882021e-19
1.860e-04	-3.02710970886872519507426148636e-2	1.21103444634554847482633681625e-18
1.870e-04	-3.02665734112883358848232183667e-2	1.60024465030686178734644502972e-18
1.880e-04	-3.02620577477544439136455400017e-2	2.10799173927932118143209830250e-18
1.890e-04	-3.02575501020415596841018147980e-2	2.76837947114369565422138487817e-18
1.900e-04	-3.02530504781603387151164232643e-2	3.62474647369468950680268527475e-18
1.910e-04	-3.02485588801764010025035979145e-2	4.73200956785447974774878194074e-18
1.920e-04	-3.02440753122106279883783281664e-2	6.15956132169617137470783867817e-18
1.930e-04	-3.02395997784394639620587160429e-2	7.99484321104323448098399141207e-18
1.940e-04	-3.02351322830952219609893130944e-2	1.03477401660217770146918468377e-17
1.950e-04	-3.02306728304663942418553229860e-2	1.33559711441922522625140226384e-17
1.960e-04	-3.02262214248979673937490534852e-2	1.71916844091692202227162222242e-17
1.970e-04	-3.02217780707917421669948188459e-2	2.20695062492937846774038667684e-17
1.980e-04	-3.02173427726066580930389096872e-2	2.82563388799501303537439700022e-17
1.990e-04	-3.02129155348591229726696557652e-2	3.60832583160580217340215640910e-17
2.000e-04	-3.02084963621233473117515179611e-2	4.59599273017717082137925248875e-17
2.010e-04	-3.02040852590316837856391911614e-2	5.83920133048986173749023987569e-17
2.020e-04	-3.01996822302749718154856369832e-2	7.40021887085015576220550560966e-17
2.030e-04	-3.01952872806028873417746816577e-2	9.35553913792793502249153109538e-17
2.040e-04	-3.01909004148242978825973307029e-2	1.17989140777061408529049878117e-16
2.050e-04	-3.01865216378076229664544262016e-2	1.48449839823493716096859247321e-16
2.060e-04	-3.01821509544812000317100030494e-2	1.86336148441645959969481163050e-16
2.070e-04	-3.01777883698336558872431290990e-2	2.33350693661371080772464089611e-16
2.080e-04	-3.01734338889142838313547281346e-2	2.91561586572334959000571712621e-16
2.090e-04	-3.01690875168334265285836189556e-2	3.63475451655120608289749315378e-16
2.100e-04	-3.01647492587628647467766422479e-2	4.52123942706147866638403315494e-16
2.110e-04	-3.01604191199362120595453223824e-2	5.61166026180723999323840336313e-16
2.120e-04	-3.01560971056493156221302059463e-2	6.95008661592479948417601940164e-16
2.130e-04	-3.01517832212606631316881628554e-2	8.58948904926156210083727953215e-16
2.140e-04	-3.01474774721917960861220054625e-2	1.05934091026675028298862800140e-15
2.150e-04	-3.01431798639277294587903953309e-2	1.30379181338908954837316963419e-15
2.160e-04	-3.01388904020173779097739241489e-2	1.60139105503914021453477642794e-15
2.170e-04	-3.01346090920739886578353658619e-2	1.96297834921719288422207199538e-15
2.180e-04	-3.01303359397755811408034193514e-2	2.40145623008991065304327463182e-15
2.190e-04	-3.01260709508653935958349312642e-2	2.93215392927959144795671722746e-15
2.200e-04	-3.01218141311523366948758520211e-2	3.57325025317024187876359223799e-15
2.210e-04	-3.01175654865114543746513774099e-2	4.34626415592431538384328102370e-15
2.220e-04	-3.01133250228843920046762908495e-2	5.27662285207146174654066435798e-15
2.230e-04	-3.01090927462798720410929447738e-2	6.39431859178446592791621545236e-15
2.240e-04	-3.01048686627741773186221541897e-2	7.73466664725698956140625159709e-15
2.250e-04	-3.01006527785116421375571068010e-2	9.33917864231039623952806434981e-15
2.260e-04	-3.00964450997051513075478218157e-2	1.12565671169841469189324153257e-14
2.270e-04	-3.00922456326366473149193048249e-2	1.35438991645909442117728598679e-14
2.280e-04	-3.00880543836576457854459070032e-2	1.62679191363633985551510699641e-14
2.290e-04	-3.00838713591897594198730009729e-2	1.95065627876333429021078675698e-14
2.300e-04	-3.00796965657252305850403410856e-2	2.33506878651928875546500660716e-14
2.310e-04	-3.00755300098274727492246695810e-2	2.79060490241339847141226204638e-14
2.320e-04	-3.00713716981316209562873938372e-2	3.32955481445271916145087706789e-14
2.330e-04	-3.00672216373450915393914342221e-2	3.96617945982734526346900971912e-14
2.340e-04	-3.00630798342481512814443373151e-2	4.71700138475201463703727256975e-14
2.350e-04	-3.00589462956944962360369049552e-2	5.60113469350270658544041231038e-14
2.360e-04	-3.00548210286118404294820309070e-2	6.64065880010332527646529880538e-14
2.370e-04	-3.00507040400025146716209292967e-2	7.86104119513723144316927598766e-14
2.380e-04	-3.00465953369440757103568400226e-2	9.29161498340117045377769227993e-14
2.390e-04	-3.00424949265899259724025061150e-2	1.09661175412991708485944425767e-13
2.400e-04	-3.00384028161699441404896267922e-2	1.29232972832593094832595346061e-13
2.410e-04	-3.00343190129911268252879239648e-2	1.52075962267388930094243266260e-13
2.420e-04	-3.00302435244382415985196257971e-2	1.78699167998345111794322810325e-13
2.430e-04	-3.00261763579744916622325972169e-2	2.09684821542374510694000774242e-13
2.440e-04	-3.00221175211421924379118258510e-2	2.45698001304341558651122582378e-13
2.450e-04	-3.00180670215634603680634963346e-2	2.87497419764114643384837349586e-13
2.460e-04	-3.00140248669409142320965900458e-2	3.35947479498148773040923343932e-13
2.470e-04	-3.00099910650583892877510411069e-2	3.92031730408706247383450869363e-13
2.480e-04	-3.00059656237816645589751858470e-2	4.56867872438987803874474414079e-13
2.490e-04	-3.00019485510592036010337318242e-2	5.31724460835242357252001780480e-13
2.500e-04	-2.99979398549229090837247966877e-2	6.18039484724673522176934298683e-13
2.510e-04	-2.99939395434888915438935959633e-2	7.17441004459152184664756762454e-13
2.520e-04	-2.99899476249582526689427129062e-2	8.31770048878948080030280309709e-13
2.530e-04	-2.99859641076178834837448702739e-2	9.63105990428478942875905234844e-13
2.540e-04	-2.99819889998412778242526720675e-2	1.11379463395891352912760056315e-12
2.550e-04	-2.99780223100893614921583807822e-2	1.28647927413261941498912190697e-12
2.560e-04	-2.99740640469113374961714263314e-2	1.48413499665486118372653121324e-12
2.570e-04	-2.99701142189455477968364247339e-2	1.71010652015232534360070302939e-12
2.580e-04	-2.99661728349203519832928169582e-2	1.96814989844988813192854757776e-12
2.590e-04	-2.99622399036550233219599327391e-2	2.26247842732073618116116922320e-12
2.600e-04	-2.99583154340606626287977270982e-2	2.59781312555479964847271555633e-12
2.610e-04	-2.99543994351411304285212240228e-2	2.97943818746071703496797269037e-12
2.620e-04	-2.99504919159939978759115970450e-2	3.41326183274125318137394894790e-12
2.630e-04	-2.99465928858115169261427053759e-2	3.90588301011486478883021708122e-12
2.640e-04	-2.99427023538816102528007606161e-2	4.46466444314998246788332747080e-12
2.650e-04	-2.99388203295888814239866310651e-2	5.09781254058578845489121723985e-12
2.660e-04	-2.99349468224156458585231348547e-2	5.81446472898504181910641556563e-12
2.670e-04	-2.99310818419429830958095347878e-2	6.62478480295084167421547184473e-12
2.680e-04	-2.99272253978518109242363258155e-2	7.54006692738867886712493274366e-12
2.690e-04	-2.99233774999239819242572118304e-2	8.57284896745458339084749800326e-12
2.700e-04	-2.99195381580434029931717957869e-2	9.73703586494458601931106284006e-12
2.710e-04	-2.99157073821971784293597188176e-2	1.10480338249928741847463299172e-11
2.720e-04	-2.99118851824767771640806167536e-2	1.25228961240963183137732713465e-11
2.730e-04	-2.99080715690792247389678310536e-2	1.41804813997091947737935730417e-11
2.740e-04	-2.99042665523083206369492276964e-2	1.60416253329887305078492188949e-11
2.750e-04	-2.99004701425758815834750173700e-2	1.81293266897511527372828765366e-11
2.760e-04	-2.98966823504030114435682364020e-2	2.04689487403474056969660562785e-11
2.770e-04	-2.98929031864213983482836994896e-2	2.30884371370120414355321721247e-11
2.780e-04	-2.98891326613746396916100649298e-2	2.60185553872984672589958413257e-11
2.790e-04	-2.98853707861195956456188156238e-2	2.92931391245049537833711501621e-11
2.800e-04	-2.98816175716277718476936332041e-2	3.29493704405302748572347228095e-11
2.810e-04	-2.98778730289867319189021399668e-2	3.70280736133824840156001603478e-11
2.820e-04	-2.98741371694015404769366995446e-2	4.15740336306010095901712294280e-11
2.830e-04	-2.98704100041962373104859390006e-2	4.66363389811375492776422506233e-11
2.840e-04	-2.98666915448153433843388864279e-2	5.22687502617661860163311736747e-11
2.850e-04	-2.98629818028253993459003707505e-2	5.85300962198429468756696497775e-11
2.860e-04	-2.98592807899165372040419433505e-2	6.54846989321888531568757257028e-11
2.870e-04	-2.98555885179040858502552125566e-2	7.32028299000012465876695606000e-11
2.880e-04	-2.98519049987302110898450577451e-2	8.17611989227894916633732995644e-11
2.890e-04	-2.98482302444655908473253162850e-2	9.12434776930790958546406130245e-11
2.900e-04	-2.98445642673111262051864952872e-2	1.01740860156681098296621371240e-10
2.910e-04	-2.98409070795996889287218271127e-2	1.13352661744486406153865441490e-10
2.920e-04	-2.98372586937979061215504758269e-2	1.26186959698973422486762724344e-10
2.930e-04	-2.98336191225079826467846918470e-2	1.40361276794988379617640070315e-10
2.940e-04	-2.98299883784695619373933604384e-2	1.56003310853607097810658665622e-10
2.950e-04	-2.98263664745616258061182359604e-2	1.73251712542897814963535861308e-10
2.960e-04	-2.98227534238044338502560449960e-2	1.92256914056765299725910890347e-10
2.970e-04	-2.98191492393615030296285671369e-2	2.13182011361931986748671075857e-10
2.980e-04	-2.98155539345416279770699904929e-2	2.36203702803393418887644037039e-10
2.990e-04	-2.98119675228009425796876061862e-2	2.61513286960255664993817395188e-10
3.000e-04	-2.98083900177450233459324598697e-2	2.89317722746596098667982609660e-10
3.010e-04	-2.98048214331310350480393324334e-2	3.19840754855752106234765284558e-10
3.020e-04	-2.98012617828699191017035803879e-2	3.53324107751092651102040680659e-10
3.030e-04	-2.97977110810286251147187399689e-2	3.90028751511714498824956104252e-10
3.040e-04	-2.97941693418323860037950033979e-2	4.30236242947469185739392643221e-10
3.050e-04	-2.97906365796670370437882943285e-2	4.74250145504101037850102298980e-10
3.060e-04	-2.97871128090813791759696505848e-2	5.22397531585884918261598548685e-10
3.070e-04	-2.97835980447895868618404447696e-2	5.75030571029810819257856420149e-10
3.080e-04	-2.97800923016736607261663573715e-2	6.32528209571878689949557314252e-10
3.090e-04	-2.97765955947859251873073592165e-2	6.95297941252240684661040376590e-10
3.100e-04	-2.97731079393515712247104928253e-2	7.63777678811551063647863450702e-10
3.110e-04	-2.97696293507712443821774810874e-2	8.38437726235740257720706630330e-10
3.120e-04	-2.97661598446236780516434016378e-2	9.19782857710295422741081671486e-10
3.130e-04	-2.97626994366683720253073385474e-2	1.00835450734777408929400234695e-9
3.140e-04	-2.97592481428483162440276963621e-2	1.10473307415346193661471017376e-9
3.150e-04	-2.97558059792927596072673830642e-2	1.20954034679356497367769553006e-9
3.160e-04	-2.97523729623200236440796518238e-2	1.32344205282784848568569321073e-9
3.170e-04	-2.97489491084403607756412740379e-2	1.44715053716394150280074712120e-9
3.180e-04	-2.97455344343588568283113583685e-2	1.58142757458335158799519522903e-9
3.190e-04	-2.97421289569783773810706462182e-2	1.72708732127930994534376062514e-9
3.200e-04	-2.97387326934025574535574537196e-2	1.88499941043361513818202350436e-9
3.210e-04	-2.97353456609388339594248422339e-2	2.05609219694338390276511447801e-9
3.220e-04	-2.97319678771015202663142695059e-2	2.24135615648876356601914091983e-9
3.230e-04	-2.97285993596149221161346087353e-2	2.44184744420892204012668682741e-9
3.240e-04	-2.97252401264164940697835090471e-2	2.65869161832571374055644183720e-9
3.250e-04	-2.97218901956600355462953373357e-2	2.89308753412202504870264659719e-9
3.260e-04	-2.97185495857189254314880743105e-2	3.14631141374462978754072758097e-9
3.270e-04	-2.97152183151893941312062540474e-2	3.41972109735912973656419257754e-9
3.280e-04	-2.97118964028938318425625911057e-2	3.71476048123691119275166482950e-9
3.290e-04	-2.97085838678841317114251593126e-2	4.03296414840070804047747328111e-9
3.300e-04	-2.97052807294450664377860893088e-2	4.37596219749601541860212574474e-9
3.310e-04	-2.97019870070976967777670238385e-2	4.74548527558993590949616337026e-9
3.320e-04	-2.96987027206028102792754531863e-2	5.14336982062675178316294331674e-9
3.330e-04	-2.96954278899643884755764369923e-2	5.57156351929029221658837712729e-9
3.340e-04	-2.96921625354331006346151090064e-2	6.03213098603669456682122628627e-9
3.350e-04	-2.96889066775098220490983814702e-2	6.52725966906713535376525642891e-9
3.360e-04	-2.96856603369491747274697050006e-2	7.05926598900822410016785642063e-9
3.370e-04	-2.96824235347630882117101601440e-2	7.63060171605770807847139814498e-9
3.380e-04	-2.96791962922243781367094402471e-2	8.24386059133462730077033491483e-9
3.390e-04	-2.96759786308703399987591242305e-2	8.90178519814579108853140021250e-9
3.400e-04	-2.96727705725063554850905503134e-2	9.60727408884412644707724825133e-9
3.410e-04	-2.96695721392095085592894931394e-2	1.03633891729087879808349514220e-8
3.420e-04	-2.96663833533322084024129431853e-2	1.11733633718216347331344204311e-8
3.430e-04	-2.96632042375058161148935975070e-2	1.20406085462494983838355181362e-8
3.440e-04	-2.96600348146442720177315913357e-2	1.29687237009663149408217652878e-8
3.450e-04	-2.96568751079477201703379512163e-2	1.39615034728634126088325313886e-8
3.460e-04	-2.96537251409061266606268617205e-2	1.50229469072997798584079094532e-8
3.470e-04	-2.96505849373028880364487845349e-2	1.61572665279367406841916019088e-8
3.480e-04	-2.96474545212184260814997659847e-2	1.73688977050828986280713447206e-8
3.490e-04	-2.96443339170337650974048813208e-2	1.86625083274452460849631477610e-8
3.500e-04	-2.96412231494340875543511523009e-2	2.00430087820407662434531075109e-8
3.510e-04	-2.96381222434122639965934469992e-2	2.15155622468694570820657579402e-8
3.520e-04	-2.96350312242723528145963265081e-2	2.30855953007843061875620197879e-8
3.530e-04	-2.96319501176330654219867120348e-2	2.47588088548161431218507841645e-8
3.540e-04	-2.96288789494311922105833447239e-2	2.65411894090213331058712553984e-8
3.550e-04	-2.96258177459249845176034733181e-2	2.84390206387177921685061479630e-8
3.560e-04	-2.96227665336974876977390602446e-2	3.04588953137596587768108287157e-8
3.570e-04	-2.96197253396598202524581931171e-2	3.26077275542730231012707269335e-8
3.580e-04	-2.96166941910543938439887301792e-2	3.48927654260342797133486658726e-8
3.590e-04	-2.96136731154580688031530504434e-2	3.73216038784188437139883370908e-8
3.600e-04	-2.96106621407852397788272649821e-2	3.99021980275810527135186734251e-8
3.610e-04	-2.96076612952908459238710974169e-2	4.26428767872460374788338605793e-8
3.620e-04	-2.96046706075732996855229944677e-2	4.55523568492011321648993131264e-8
3.630e-04	-2.96016901065773286795318023181e-2	4.86397570152679173624060245570e-8
3.640e-04	-2.95987198215967244465526610849e-2	5.19146128822163731873132513410e-8
3.650e-04	-2.95957597822769919049576448817e-2	5.53868918807497544768880225654e-8
3.660e-04	-2.95928100186178937452091302519e-2	5.90670086693427118099326949645e-8
3.670e-04	-2.95898705609758826581874429225e-2	6.29658408833561445078131124633e-8
3.680e-04	-2.95869414400664157304429801337e-2	6.70947452394799209115274959200e-8
3.690e-04	-2.95840226869661439390097232864e-2	7.14655739951695698445314411037e-8
3.700e-04	-2.95811143331149703379012397266e-2	7.60906917623449802261247276664e-8
3.710e-04	-2.95782164103179697558689354142e-2	8.09829926742085417922552939310e-8
3.720e-04	-2.95753289507471641793838649261e-2	8.61559179036167460055350359951e-8
3.730e-04	-2.95724519869431452394946007058e-2	9.16234735310040644414079330387e-8
3.740e-04	-2.95695855518165385480874943226e-2	9.74002487594097502717075213008e-8
3.750e-04	-2.95667296786493010668422598601e-2	1.03501434473699115053941892238e-7
3.760e-04	-2.95638844010958464122750475190e-2	1.09942842140598993988273152437e-7
3.770e-04	-2.95610497531839881235402808189e-2	1.16740923045685335169798450503e-7
3.780e-04	-2.95582257693156963039369244392e-2	1.23912787862966273083028282170e-7
3.790e-04	-2.95554124842676587187421141630e-2	1.31476226552200448366007891526e-7
3.800e-04	-2.95526099331916384653473734774e-2	1.39449728578575546124225211668e-7
3.810e-04	-2.95498181516146239533116583422e-2	1.47852503448846521152971245200e-7
3.820e-04	-2.95470371754387574744058895841e-2	1.56704501557501049484597217145e-7
3.830e-04	-2.95442670409410433016059444798e-2	1.66026435335973009426788870434e-7
3.840e-04	-2.95415077847728203788028021026e-2	1.75839800697376785377797547464e-7
3.850e-04	-2.95387594439589954151637745026e-2	1.86166898768672706207732275160e-7
3.860e-04	-2.95360220558970282167477939986e-2	1.97030857901607364665189037699e-7
3.870e-04	-2.95332956583556650303967326329e-2	2.08455655953196721988569286492e-7
3.880e-04	-2.95305802894734042941511257270e-2	2.20466142825942766074981508914e-7
3.890e-04	-2.95278759877566968189635450490e-2	2.33088063257381968973157613475e-7
3.900e-04	-2.95251827920778673757473903578e-2	2.46348079847976719528135991676e-7
3.910e-04	-2.95225007416727494982392759654e-2	2.60273796315763272261996223336e-7
3.920e-04	-2.95198298761380319367518075359e-2	2.74893780965566671040691365337e-7
3.930e-04	-2.95171702354283046250274158195e-2	2.90237590359994014039132055441e-7
3.940e-04	-2.95145218598527954087593286273e-2	3.06335793178811061338840563653e-7
3.950e-04	-2.95118847900717984096317161764e-2	3.23219994252695286081122633474e-7
3.960e-04	-2.95092590670927802555499958413e-2	3.40922858756757462930103904143e-7
3.970e-04	-2.95066447322661551606812120029e-2	3.59478136548614896642037794834e-7
3.980e-04	-2.95040418272807346070099764313e-2	3.78920686635184044933143764216e-7
3.990e-04	-2.95014503941588246838969353650e-2	3.99286501751774436859762140087e-7
4.000e-04	-2.94988704752509965192181859689e-2	4.20612733036432358150607315437e-7
4.010e-04	-2.94963021132304722990774637133e-2	4.42937714781937471727065853445e-7
4.020e-04	-2.94937453510871905092256253154e-2	4.66300989247182602810637566546e-7
4.030e-04	-2.94912002321214711807248594102e-2	4.90743331509175591558269953355e-7
4.040e-04	-2.94886667999373364088585219244e-2	5.16306774336228251981631950978e-7
4.050e-04	-2.94861450984354338982578624949e-2	5.43034633062402107205968819354e-7
4.060e-04	-2.94836351718055964642902138137e-2	5.70971530442651410182498636085e-7
4.070e-04	-2.94811370645190089351351996907e-2	6.00163421467597559910442003912e-7
4.080e-04	-2.94786508213199712900857558111e-2	6.30657618116315961815114881648e-7
4.090e-04	-2.94761764872172915202655369238e-2	6.62502814024939731357580114996e-7
4.100e-04	-2.94737141074752469960376854465e-2	6.95749109048459631685910813924e-7
4.110e-04	-2.94712637276041759649112778999e-2	7.30448033692473010321145136349e-7
4.120e-04	-2.94688253933506168123595510031e-2	7.66652573391298915317974282606e-7
4.130e-04	-2.94663991506871084123725483603e-2	8.04417192608184472293078932864e-7
4.140e-04	-2.94639850458014619710191633345e-2	8.43797858733235010622698740145e-7
4.150e-04	-2.94615831250857624761839264770e-2	8.84852065753715140188539361209e-7
4.160e-04	-2.94591934351247835419726854121e-2	9.27638857671684813002675470732e-7
4.170e-04	-2.94568160226841534753122210169e-2	9.72218851642679308158118412083e-7
4.180e-04	-2.94544509346979566138413116430e-2	1.01865426080966172341344520800e-6
4.190e-04	-2.94520982182559678226642271959e-2	1.06700891680542428948929795329e-6
4.200e-04	-2.94497579205904783819095234618e-2	1.11734829189661114961515522246e-6
4.210e-04	-2.94474300890626796609432528353e-2	1.16973952074224701553509628647e-6
4.220e-04	-2.94451147711485738687713471064e-2	1.22425142173940371233135191809e-6
4.230e-04	-2.94428120144245540776456786919e-2	1.28095451792806800668218014654e-6
4.240e-04	-2.94405218665524418103383368855e-2	1.33992105742772049683586291405e-6
4.250e-04	-2.94382443752642264388511407811e-2	1.40122503337709387528704685887e-6
4.260e-04	-2.94359795883462418534667634182e-2	1.46494220334943444612057322913e-6
4.270e-04	-2.94337275536230484330688315417e-2	1.53115010821439113129186216170e-6
4.280e-04	-2.94314883189408501370588231687e-2	1.59992809041847415258296489591e-6
4.290e-04	-2.94292619321504389676891647836e-2	1.67135731165568945866324586949e-6
4.300e-04	-2.94270484410897611251821679236e-2	1.74552076989968131181321628452e-6
4.310e-04	-2.94248478935661741093116544423e-2	1.82250331576873806859970131872e-6
4.320e-04	-2.94226603373380861330926162092e-2	1.90239166819613777703407383188e-6
4.330e-04	-2.94204858200964089801442557479e-2	1.98527442937642496079775984064e-6
4.340e-04	-2.94183243894455380004416974211e-2	2.07124209896025377612561749965e-6
4.350e-04	-2.94161760928838490752339215183e-2	2.16038708746997351696604061073e-6
4.360e-04	-2.94140409777838711498746533251e-2	2.25280372890779651604103821529e-6
4.370e-04	-2.94119190913721906801912268123e-2	2.34858829252886697916821942066e-6
4.380e-04	-2.94098104807089147779546247316e-2	2.44783899375265862029880967766e-6
4.390e-04	-2.94077151926666426331602524537e-2	2.55065600418620137144466350605e-6
4.400e-04	-2.94056332739091661028537325414e-2	2.65714146073200888971711955439e-6
4.410e-04	-2.94035647708700542934224242880e-2	2.76739947375404317009949498525e-6
4.420e-04	-2.94015097297304148866517675905e-2	2.88153613427912133056025179769e-6
4.430e-04	-2.93994681963969117279333819900e-2	2.99965952020447750835735934173e-6
4.440e-04	-2.93974402164788325651976813052e-2	3.12187970149217311468255806986e-6
4.450e-04	-2.93954258352654266981554287542e-2	3.24830874432139317382515298582e-6
4.460e-04	-2.93934250977028529954840644274e-2	3.37906071417822158130987300868e-6
4.470e-04	-2.93914380483700269088772551193e-2	3.51425167786440993704042898476e-6
4.480e-04	-2.93894647314554859813877918442e-2	3.65399970439298729503537012042e-6
4.490e-04	-2.93875051907333137954671362492e-2	3.79842486475931962228666364844e-6
4.500e-04	-2.93855594695384524040430429657e-2	3.94764923056661932838654067020e-6
4.510e-04	-2.93836276107427654852349352748e-2	4.10179687147901281195940421755e-6
4.520e-04	-2.93817096567298866890917115333e-2	4.26099385149501253251090685761e-6
4.530e-04	-2.93798056493702280929155609189e-2	4.42536822401665520174992733715e-6
4.540e-04	-2.93779156299964240621326841396e-2	4.59505002569567885098531262516e-6
4.550e-04	-2.93760396393772680880356596477e-2	4.77017126905426857093988092155e-6
4.560e-04	-2.93741777176930809118095273740e-2	4.95086593384703877224670357727e-6
4.570e-04	-2.93723299045092197198647546319e-2	5.13726995717350163574071496206e-6
4.580e-04	-2.93704962387513036673677111866e-2	5.32952122230423650244895181456e-6
4.590e-04	-2.93686767586786495498717122797e-2	5.52775954623527529176757398642e-6
4.600e-04	-2.93668715018582342119082622752e-2	5.73212666594503082535882469931e-6
4.610e-04	-2.93650805051392658085442676722e-2	5.94276622334382383268298302068e-6
4.620e-04	-2.93633038046276009767024032109e-2	6.15982374891467147704552634215e-6
4.630e-04	-2.93615414356574562057715792843e-2	6.38344664406372105367466694306e-6
4.640e-04	-2.93597934327673333404262783847e-2	6.61378416211543205269764327574e-6
4.650e-04	-2.93580598296736779359723061317e-2	6.85098738800501836997081023411e-6
4.660e-04	-2.93563406592439047278596160017e-2	7.09520921665492076400753306546e-6
4.670e-04	-2.93546359534701343452558304709e-2	7.34660433002271845324360236178e-6
4.680e-04	-2.93529457434446734781357756937e-2	7.60532917280920683621201085215e-6
4.690e-04	-2.93512700593319451806153493045e-2	7.87154192688538098452349026894e-6
4.700e-04	-2.93496089303448192772431451560e-2	8.14540248435890479351089192123e-6
4.710e-04	-2.93479623847171390011014246433e-2	8.42707241937409203462602176923e-6
4.720e-04	-2.93463304496778430769959702850e-2	8.71671495859580428763003636506e-6
4.730e-04	-2.93447131514276027306001089669e-2	9.01449495037072459844433869003e-6
4.740e-04	-2.93431105151105539985209300793e-2	9.32057883266823924436897192139e-6
4.750e-04	-2.93415225647922501109784983042e-2	9.63513459967518073227008068335e-6
4.760e-04	-2.93399493234323510103008839801e-2	9.95833176720256466038541880584e-6
4.770e-04	-2.93383908128596008400422706305e-2	1.02903413368257074138011773511e-5
4.780e-04	-2.93368470537503291413820914487e-2	1.06313357587498727350879204934e-5
4.790e-04	-2.93353180656013652872845135111e-2	1.09814888935498927704426849436e-5
4.800e-04	-2.93338038667057538088142305791e-2	1.13409759726884491734000584720e-5
4.810e-04	-2.93323044741327399279099496443e-2	1.17099735578022302426420531729e-5
4.820e-04	-2.93308199036995548546272015252e-2	1.20886594989756840632039514393e-5
4.830e-04	-2.93293501699536628594595761038e-2	1.24772128917309380683282345832e-5
4.840e-04	-2.93278952861462101841750394583e-2	1.28758140330690931875102528977e-5
4.850e-04	-2.93264552642093323049556082858e-2	1.32846443763889326143960496202e-5
4.860e-04	-2.93250301147392671375272222837e-2	1.37038864852622219820614359696e-5
4.870e-04	-2.93236198469701847776352276017e-2	1.41337239863692619378097247141e-5
4.880e-04	-2.93222244687526565232877805456e-2	1.45743415213828852833332881922e-5
4.890e-04	-2.93208439865390599672597147463e-2	1.50259246977699644611771030257e-5
4.900e-04	-2.93194784053578017706797482318e-2	1.54886600389026223650373589704e-5
4.910e-04	-2.93181277287930922125977075099e-2	1.59627349331955113216106872837e-5
4.920e-04	-2.93167919589729718766701053220e-2	1.64483375822241389437609154315e-5
4.930e-04	-2.93154710965411290141669032671e-2	1.69456569483926021852506949928e-5
4.940e-04	-2.93141651406490586233502331856e-2	1.74548827013940363595001835917e-5
4.950e-04	-2.93128740889308773771161454153e-2	1.79762051643344193051408811460e-5
4.960e-04	-2.93115979374888660579008911697e-2	1.85098152589369918081803354350e-5
4.970e-04	-2.93103366808736179777679165364e-2	1.90559044502371720800845397277e-5
4.980e-04	-2.93090903120783645542333093174e-2	1.96146646903208315595265979499e-5
4.990e-04	-2.93078588225101838668169332403e-2	2.01862883620947888338933101683e-5
5.000e-04	-2.93066422019898789854893882260e-2	2.07709682218068304180706147128e-5
5.010e-04	-2.93054404387271714830486164441e-2	2.13688973417451244565043513050e-5
5.020e-04	-2.93042535193109186955207134877e-2	2.19802690521249880069671686742e-5
5.030e-04	-2.93030814286915849073794714198e-2	2.26052768828205488309221268922e-5
5.040e-04	-2.93019241501834019741232512071e-2	2.32441145041843353604011421066e-5
5.050e-04	-2.93007816654339773875880970346e-2	2.38969756685526767682812437423e-5
5.060e-04	-2.92996539544338225302454358452e-2	2.45640541503120019872522375334e-5
5.070e-04	-2.92985409954911970256716254296e-2	2.52455436868390685534875015833e-5
5.080e-04	-2.92974427652277530895546081645e-2	2.59416379186683287174684483421e-5
5.090e-04	-2.92963592385632168973359472045e-2	2.66525303299309328990536404989e-5
5.100e-04	-2.92952903887271112860204129080e-2	2.73784141878186091707323525808e-5
5.110e-04	-2.92942361872252167070073699803e-2	2.81194824836180917045925317692e-5
5.120e-04	-2.92931966038689110664834333565e-2	2.88759278715731949657500479727e-5
5.130e-04	-2.92921716067172034638165979075e-2	2.96479426110278537872431318643e-5
5.140e-04	-2.92911611621160306977940725733e-2	3.04357185051655542576600068178e-5
5.150e-04	-2.92901652346982302190142093406e-2	3.12394468412969416329903480147e-5
5.160e-04	-2.92891837873264640168060669270e-2	3.20593183337325056509159358255e-5
5.170e-04	-2.92882167811421760261930052286e-2	3.28955230627649292612290842892e-5
5.180e-04	-2.92872641755683709187769447578e-2	3.37482504156987430321594803745e-5
5.190e-04	-2.92863259282459029929407894047e-2	3.46176890311901533427848225061e-5
5.200e-04	-2.92854019951050875349866913854e-2	3.55040267382521292941923381467e-5
5.210e-04	-2.92844923303118906311180176310e-2	3.64074505011296348982489974513e-5
5.220e-04	-2.92835968863283864698789005153e-2	3.73281463596025767993324839346e-5
5.230e-04	-2.92827156138274454243922592050e-2	3.82662993765684136569109305210e-5
5.240e-04	-2.92818484617687059159251852619e-2	3.92220935787790429746371028341e-5
5.250e-04	-2.92809953774081704057883670490e-2	4.01957119011292427790640098994e-5
5.260e-04	-2.92801563062138219426262238086e-2	4.11873361364760226254913905742e-5
5.270e-04	-2.92793311919720901143980405411e-2	4.21971468766566289988373669320e-5
5.280e-04	-2.92785199767169287914101951181e-2	4.32253234632153956659271912907e-5
5.290e-04	-2.92777226008193509665992370249e-2	4.42720439305750875653372172054e-5
5.300e-04	-2.92769390028721228356245050320e-2	4.53374849610740192432099692015e-5
5.310e-04	-2.92761691198003130556950204119e-2	4.64218218286972065429106675845e-5
5.320e-04	-2.92754128868779772535792751374e-2	4.75252283485346301504003425592e-5
5.330e-04	-2.92746702376140060637812859598e-2	4.86478768350194242278650697424e-5
5.340e-04	-2.92739411039034162847225369303e-2	4.97899380457240621450387958712e-5
5.350e-04	-2.92732254159314488308071485683e-2	5.09515811406540439161328071898e-5
5.360e-04	-2.92725231022999367089410504164e-2	5.21329736291353681585118932025e-5
5.370e-04	-2.92718340898699674441000393211e-2	5.33342813354654598742574483830e-5
5.380e-04	-2.92711583039165405626758970290e-2	5.45556683461483677345854279562e-5
5.390e-04	-2.92704956681525109732798851843e-2	5.57972969660455827512995653320e-5
5.400e-04	-2.92698461045729803496047445044e-2	5.70593276880703722783917259953e-5
5.410e-04	-2.92692095336639736643404455889e-2	5.83419191396052729825477097052e-5
5.420e-04	-2.92685858743044892769990201545e-2	5.96452280506959241582971443187e-5
5.430e-04	-2.92679750437743219342284424963e-2	6.09694092165997702316358686100e-5
5.440e-04	-2.92673769578696040873219381855e-2	6.23146154535422232770465522832e-5
5.450e-04	-2.92667915308209240859772319097e-2	6.36809975700034970432418931236e-5
5.460e-04	-2.92662186753411074891846646500e-2	6.50687043299951435798048532792e-5
5.470e-04	-2.92656583026009966315016330263e-2	6.64778824230881289506114665616e-5
5.480e-04	-2.92651103223657434575465983821e-2	6.79086764230898142922116020998e-5
5.490e-04	-2.92645746428965819717891292714e-2	6.93612287663461325502492370647e-5
5.500e-04	-2.92640511710064491605775591354e-2	7.08356797194649063814093775164e-5
5.510e-04	-2.92635398120301897707846313508e-2	7.23321673553588792306384068972e-5
5.520e-04	-2.92630404700345920258863230301e-2	7.38508275101350702578611158779e-5
5.530e-04	-2.92625530474491734963215608598e-2	7.53917937910432283503015792054e-5
5.540e-04	-2.92620774456333945097900692143e-2	7.69551975046839883274768062090e-5
5.550e-04	-2.92616135643368635223827055256e-2	7.85411676833482417872480362359e-5
5.560e-04	-2.92611613021961862513659031682e-2	8.01498310208776373484376022521e-5
5.570e-04	-2.92607205563099586078132986220e-2	8.17813118932404285820814429755e-5
5.580e-04	-2.92602912225958657223900822403e-2	8.34357323088829648928015290221e-5
5.590e-04	-2.92598731958360554787234511212e-2	8.51132118878933916688992408525e-5
5.600e-04	-2.92594663693100144548575062255e-2	8.68138678837415351665405696151e-5
5.610e-04	-2.92590706352671675757860559377e-2	8.85378151244233748322739323071e-5
5.620e-04	-2.92586858846158222043468346984e-2	9.02851660318519006623655301886e-5
5.630e-04	-2.92583120073058497678770346243e-2	9.20560305726133771130632518504e-5
5.640e-04	-2.92579488918305802228521234376e-2	9.38505163010401664721048937168e-5
5.650e-04	-2.92575964257762226592897763908e-2	9.56687282945050647412890954522e-5
5.660e-04	-2.92572544955429624651494119836e-2	9.75107691765141926343678238701e-5
5.670e-04	-2.92569229863526106577939910394e-2	9.93767391119387667622620159442e-5
5.680e-04	-2.92566017826301889808075495838e-2	1.01266735760721017884365374886e-4
5.690e-04	-2.92562907673979209478157051492e-2	1.03180854344222141324910868387e-4
5.700e-04	-2.92559898229352500765757641547e-2	1.05119187569568723050191957437e-4
5.710e-04	-2.92556988303329553208985132472e-2	1.07081825681440564311233906125e-4
5.720e-04	-2.92554176700227084128778665795e-2	1.09068856400879327427169856352e-4
5.730e-04	-2.92551462210712454154915620430e-2	1.11080365013225197700328385115e-4
5.740e-04	-2.92548843619419008515813757057e-2	1.13116434280192439449644425864e-4
5.750e-04	-2.92546319699748094353506640529e-2	1.15177144508990146876866810327e-4
5.760e-04	-2.92543889219956242553676822071e-2	1.17262573481852188490799413865e-4
5.770e-04	-2.92541550934965765232840523646e-2	1.19372796568675429195384512701e-4
5.780e-04	-2.92539303595124411776157574060e-2	1.21507886623106652321461699050e-4
5.790e-04	-2.92537145941563569396974580812e-2	1.23667914052223915133542809335e-4
5.800e-04	-2.92535076707650632982583221018e-2	1.25852946808795125335033567341e-4
5.810e-04	-2.92533094617737506299472600356e-2	1.28063050421071015293884363819e-4
5.820e-04	-2.92531198391777581033087855839e-2	1.30298287941765971667318792508e-4
5.830e-04	-2.92529386741290735418002612363e-2	1.32558720017705285378345926326e-4
5.840e-04	-2.92527658370997007970776219235e-2	1.34844404882555841790575102403e-4
5.850e-04	-2.92526011977345280660260252173e-2	1.37155398394955990476595849488e-4
5.860e-04	-2.92524446255536974146155336084e-2	1.39491753951451718711484814294e-4
5.870e-04	-2.92522959887842916513033617333e-2	1.41853522678077791928664177049e-4
5.880e-04	-2.92521551555875625987553318527e-2	1.44240753266084508173189215101e-4
5.890e-04	-2.92520219931970718241560736565e-2	1.46653492121902453877353511365e-4
5.900e-04	-2.92518963688882737316904481219e-2	1.49091783236988047491160293683e-4
5.910e-04	-2.92517781486401533869279973475e-2	1.51555668419584078341628697395e-4
5.920e-04	-2.92516671985328098646486476818e-2	1.54045187096267693830073907977e-4
5.930e-04	-2.92515633839825014674217123771e-2	1.56560376455635803718836866545e-4
5.940e-04	-2.92514665699598439441449427253e-2	1.59101271437431668232245776083e-4
5.950e-04	-2.92513766207752827243679202882e-2	1.61667904793630558343565495719e-4
5.960e-04	-2.92512934010425298225000157918e-2	1.64260306949484845477943113393e-4
5.970e-04	-2.92512167740479559548647924220e-2	1.66878506307239915028153194020e-4
5.980e-04	-2.92511466031799056314387466676e-2	1.69522529029401740535223531981e-4
5.990e-04	-2.92510827520287704039193207326e-2	1.72192399042462635785400072075e-4
6.000e-04	-2.92510250831064979224864270574e-2	1.74888138291639638046790639637e-4
6.010e-04	-2.92509734586002668591968606253e-2	1.77609766638659005318611889259e-4
6.020e-04	-2.92509277409811948311047857573e-2	1.80357301776937931181948079612e-4
6.030e-04	-2.92508877922022448041478978101e-2	1.83130759406012232781540829197e-4
6.040e-04	-2.92508534739877901748116265397e-2	1.85930153208694639674131262281e-4
6.050e-04	-2.92508246475312412926833572899e-2	1.88755494939712191469666299124e-4
6.060e-04	-2.92508011744641746577296302740e-2	1.91606794269498128923091359036e-4
6.070e-04	-2.92507829159462525415003992414e-2	1.94484058988440795579700806213e-4
6.080e-04	-2.92507697329888631952901955421e-2	1.97387294976454153258032850192e-4
6.090e-04	-2.92507614864745549337285679395e-2	2.00316506230432009356820099310e-4
6.100e-04	-2.92507580371762021500321825826e-2	2.03271694892013998529083922760e-4
6.110e-04	-2.92507592453905830113418411106e-2	2.06252861356032966876866798908e-4
6.120e-04	-2.92507649720903443779156955659e-2	2.09260004064330178517494915323e-4
6.130e-04	-2.92507750778308058449933698386e-2	2.12293119762510393431515471446e-4
6.140e-04	-2.92507894231315073849416875121e-2	2.15352203454673969421395615701e-4
6.150e-04	-2.92508078684939835201210823011e-2	2.18437248432411649077315358762e-4
6.160e-04	-2.92508302739746961532646556623e-2	2.21548246402253317032012761096e-4
6.170e-04	-2.92508565005105341168031298977e-2	2.24685187228097517021494362663e-4
6.180e-04	-2.92508864086519202958915907672e-2	2.27848059240096423109931783880e-4
6.190e-04	-2.92509198589994623287898226849e-2	2.31036849173507671347965486611e-4
6.200e-04	-2.92509567122202732769374230684e-2	2.34251542198402233156884254733e-4
6.210e-04	-2.92509968285530676282131346843e-2	2.37492122068874198789381073346e-4
6.220e-04	-2.92510400698534345454150848963e-2	2.40758570679891575398069650547e-4
6.230e-04	-2.92510862960463007301683663885e-2	2.44050868928772237494231068821e-4
6.240e-04	-2.92511353687320665025878289233e-2	2.47368995904403541880967072227e-4
6.250e-04	-2.92511871491438441142194532395e-2	2.50712929399379316551928162562e-4
6.260e-04	-2.92512414980878942736290131861e-2	2.54082645964820939132493877848e-4
6.270e-04	-2.92512982782821886856272365631e-2	2.57478120368649900266825377831e-4
6.280e-04	-2.92513573502902483467688991381e-2	2.60899326630354680751037207406e-4
6.290e-04	-2.92514185766461393165558644032e-2	2.64346237035249564547166094505e-4
6.300e-04	-2.92514818195122204876663344989e-2	2.67818822746696141324744769882e-4
6.310e-04	-2.92515469412772204412940488179e-2	2.71317053691543394530117226558e-4
6.320e-04	-2.92516138045689887423119523189e-2	2.74840898589760018368761007165e-4
6.330e-04	-2.92516822715640020729825289091e-2	2.78390325170266774912681934046e-4
6.340e-04	-2.92517522060718099233358701477e-2	2.81965299654970682168944826491e-4
6.350e-04	-2.92518234715100697075798580281e-2	2.85565787320513127451021122542e-4
6.360e-04	-2.92518959315836061143941176808e-2	2.89191752354051060720032634782e-4
6.370e-04	-2.92519694502956999678613511256e-2	2.92843157882253363433699604127e-4
6.380e-04	-2.92520438919590891554917311119e-2	2.96519966000135379755452688692e-4
6.390e-04	-2.92521191203882453116538732666e-2	3.00222138029778994039671069311e-4
6.400e-04	-2.92521950013238696383677948709e-2	3.03949633874765362867336243319e-4
6.410e-04	-2.92522714000690078947690948664e-2	3.07702412707081949647871055811e-4
6.420e-04	-2.92523481822773033398257804432e-2	3.11480432780599211443329760788e-4
6.430e-04	-2.92524252139625871088531545842e-2	3.15283651458947225777426543467e-4
6.440e-04	-2.92525023615081930986112950733e-2	3.19112025243173787449813422311e-4
6.450e-04	-2.92525794907275148092285742436e-2	3.22965510081242907553209834836e-4
6.460e-04	-2.92526564706435593922126175840e-2	3.26844060276508930935697373285e-4
6.470e-04	-2.92527331668803068370100175868e-2	3.30747630480135115191657889157e-4
6.480e-04	-2.92528094483339750375210735047e-2	3.34676173733524233504300652082e-4
6.490e-04	-2.92528851833643064790323457543e-2	3.38629642632332239979953788967e-4
6.500e-04	-2.92529602396818996817052915993e-2	3.42607989403135833263226328316e-4
6.510e-04	-2.92530344886056981557560594047e-2	3.46611164610128672909148876494e-4
6.520e-04	-2.92531077976125877255326597244e-2	3.50639119498229339572763300634e-4
6.530e-04	-2.92531800378523882006491433844e-2	3.54691803679434156037475980477e-4
6.540e-04	-2.92532510798540730262992018424e-2	3.58769166498738080976665694182e-4
6.550e-04	-2.92533207946010981258208677048e-2	3.62871156726403133128676259426e-4
6.560e-04	-2.92533890535376199759059070977e-2	3.66997722582478581200620412635e-4
6.570e-04	-2.92534557273171853101137631482e-2	3.71148812176599123636993205730e-4
6.580e-04	-2.92535206908087376386757649935e-2	3.75324371882765921574448753596e-4
6.590e-04	-2.92535838143289352520768501465e-2	3.79524349259527811393136750952e-4
6.600e-04	-2.92536449724779209675220607459e-2	3.83748690150824478796178281226e-4
6.610e-04	-2.92537040390867966740638078515e-2	3.87997340384112115034968512624e-4
6.620e-04	-2.92537608884797463205381638860e-2	3.92270245377504613555184393014e-4
6.630e-04	-2.92538153954786499489003317529e-2	3.96567350162176646600966402079e-4
6.640e-04	-2.92538674339366589650237894014e-2	4.00888599919429338611410300928e-4
6.650e-04	-2.92539168825930117960169734786e-2	4.05233937958234761674980719480e-4
6.660e-04	-2.92539636148127528758665721135e-2	4.09603309326644212229978845671e-4
6.670e-04	-2.92540075089195434478944523065e-2	4.13996657212061208587544029988e-4
6.680e-04	-2.92540484422837883992900476498e-2	4.18413925037268973016769339418e-4
6.690e-04	-2.92540862927968263897365502719e-2	4.22855055965973149472650474196e-4
6.700e-04	-2.92541209371985421887821558467e-2	4.27319993537989447502842032508e-4
6.710e-04	-2.92541522577464251036806086697e-2	4.31808679247283833374396034206e-4
6.720e-04	-2.92541801305243555809959896343e-2	4.36321056849224164210103695207e-4
6.730e-04	-2.92542044372109510455755309203e-2	4.40857068056366252953925652312e-4
6.740e-04	-2.92542250601680932128213017171e-2	4.45416654344949618519162980793e-4
6.750e-04	-2.92542418749989595356146271041e-2	4.49999759808977401217374534523e-4
6.760e-04	-2.92542547687896237545518739532e-2	4.54606324277622901503223514506e-4
6.770e-04	-2.92542636218714110176196754760e-2	4.59236290234117782504574661050e-4
6.780e-04	-2.92542683149600104199735615396e-2	4.63889600155488289322085207673e-4
6.790e-04	-2.92542687352213907981836452613e-2	4.68566194151780057194902279258e-4
6.800e-04	-2.92542647624363798868270895772e-2	4.73266015369880198974743483752e-4
6.810e-04	-2.92542562829204775869790570766e-2	4.77989004580409638212415199032e-4
6.820e-04	-2.92542431815548198689305881339e-2	4.82735103305524157256366425002e-4
6.830e-04	-2.92542253437694767640851012218e-2	4.87504253062546778051354599905e-4
6.840e-04	-2.92542026555442224629914966860e-2	4.92296395379804543540752252855e-4
6.850e-04	-2.92541750011239861208573684339e-2	4.97111472748097386930314428919e-4
6.860e-04	-2.92541422721140219115054527286e-2	5.01949424917670474221482709152e-4
6.870e-04	-2.92541043515285591050042374338e-2	5.06810195440358281556221426075e-4
6.880e-04	-2.92540611298340116572197715591e-2	5.11693725106660698724956792794e-4
6.890e-04	-2.92540124957629941049856241427e-2	5.16599955728774612770934641764e-4
6.900e-04	-2.92539583385994227312945349590e-2	5.21528829218732028890868647212e-4
6.910e-04	-2.92538985481783153214960126055e-2	5.26480287602185041747610575708e-4
6.920e-04	-2.92538330122627341033718281966e-2	5.31454274158277830440630918686e-4
6.930e-04	-2.92537616269830813923302221345e-2	5.36450728956965170020172860331e-4
6.940e-04	-2.92536842785269932089295705475e-2	5.41469596728245137661047799905e-4
6.950e-04	-2.92536008615498197950937918242e-2	5.46510818960008800231553705000e-4
6.960e-04	-2.92535112686324048899281781791e-2	5.51574338444916094309210927068e-4
6.970e-04	-2.92534153929028959152186878461e-2	5.56660098166158628826078308252e-4
6.980e-04	-2.92533131280357138273351794604e-2	5.61768041309327522571713598221e-4
6.990e-04	-2.92532043682504152092615338186e-2	5.66898111274019660950717823187e-4
7.000e-04	-2.92530890083104491865079868813e-2	5.72050251685185612151149954679e-4
7.010e-04	-2.92529669404097400643006060569e-2	5.77224407820265505466250185247e-4
7.020e-04	-2.92528380633905887243386265422e-2	5.82420522443050558725976649367e-4
7.030e-04	-2.92527022768670150521224851965e-2	5.87638538434292770334978455633e-4
7.040e-04	-2.92525594713614863427049652344e-2	5.92878403369822743797798511611e-4
7.050e-04	-2.92524095475027584906713348772e-2	5.98140060713334755731119494324e-4
7.060e-04	-2.92522523998704681327889203409e-2	6.03423457269653009209959894992e-4
7.070e-04	-2.92520879337526440232558634617e-2	6.08728535376997969338693760271e-4
7.080e-04	-2.92519160448536330808749527910e-2	6.14055242406855254565070953217e-4
7.090e-04	-2.92517366291533159041105584965e-2	6.19403526205808014138514509867e-4
7.100e-04	-2.92515495902345700644636702941e-2	6.24773331586304168350435442154e-4
7.110e-04	-2.92513548324642868670398232747e-2	6.30164603530017501393799743434e-4
7.120e-04	-2.92511522495910466604989811531e-2	6.35577292734445533482812098410e-4
7.130e-04	-2.92509417469561473242577617420e-2	6.41011344917370709357376781079e-4
7.140e-04	-2.92507232228078437460937778922e-2	6.46466709856359507635987432829e-4
7.150e-04	-2.92504965876598073563040504987e-2	6.51943331928639122791479114113e-4
7.160e-04	-2.92502617408552355148585691685e-2	6.57441161608486233801051974332e-4
7.170e-04	-2.92500185819638295895848776775e-2	6.62960149937081482190462783024e-4
7.180e-04	-2.92497670234495948641501041884e-2	6.68500242160668675913266762664e-4
7.190e-04	-2.92495069616630695495426636164e-2	6.74061392234083430647711444660e-4
7.200e-04	-2.92492383059884758940682960922e-2	6.79643548235383395025415862542e-4
7.210e-04	-2.92489609621539008958421989983e-2	6.85246660730348640456790941412e-4
7.220e-04	-2.92486748363820100594922286931e-2	6.90870680701452406007197341030e-4
7.230e-04	-2.92483798353870102350579320038e-2	6.96515559554216470737365610661e-4
7.240e-04	-2.92480758616854638762914720959e-2	7.02181251559014937084786712500e-4
7.250e-04	-2.92477628322574178918431290345e-2	7.07867704169504163439675579581e-4
7.260e-04	-2.92474406458184334181585613562e-2	7.13574875024942886506094555087e-4
7.270e-04	-2.92471092206302033721303722242e-2	7.19302712247024915009032396212e-4
7.280e-04	-2.92467684560378116571704882861e-2	7.25051174597833009449688287333e-4
7.290e-04	-2.92464182664822553234035654945e-2	7.30820213601618889375002515274e-4
7.300e-04	-2.92460585620258574386884692252e-2	7.36609783792012986445989876489e-4
7.310e-04	-2.92456892531963165920884499060e-2	7.42419840170562195345686075892e-4
7.320e-04	-2.92453102456256332086371449408e-2	7.48250341115279129395500075594e-4
7.330e-04	-2.92449214613881563332197639338e-2	7.54101236833993700081584456009e-4
7.340e-04	-2.92445228071168394174469094800e-2	7.59972486602356937150666675195e-4
7.350e-04	-2.92441141895380800063975411023e-2	7.65864050437752633423517793520e-4
7.360e-04	-2.92436955268965930225530896232e-2	7.71775882788433874641850413368e-4
7.370e-04	-2.92432667382481770788727807601e-2	7.77707938333843564578475828825e-4
7.380e-04	-2.92428277257427065629852258634e-2	7.83660181876613342025508935133e-4
7.390e-04	-2.92423784092191305021883164585e-2	7.89632569166489672597755799435e-4
7.400e-04	-2.92419186971277583968886682566e-2	7.95625063064484566853433998340e-4
7.410e-04	-2.92414485165534214263569527594e-2	8.01637616691861828333980459967e-4
7.420e-04	-2.92409677768974965717278693660e-2	8.07670193863654760601306932812e-4
7.430e-04	-2.92404763875869317835432161318e-2	8.13722759204794118944633312619e-4
7.440e-04	-2.92399742775637695693477540908e-2	8.19795266951995280394159708486e-4
7.450e-04	-2.92394613505812982590206810825e-2	8.25887686516328845043522915317e-4
7.460e-04	-2.92389375301027809642225280814e-2	8.31999976776193345572988003823e-4
7.470e-04	-2.92384027335970951793312193349e-2	8.38132100802533475908227044463e-4
7.480e-04	-2.92378568789346280538169387598e-2	8.44284022199963944813411701707e-4
7.490e-04	-2.92372998843832657413139068859e-2	8.50455705109615253724112506763e-4
7.500e-04	-2.92367316686043602093129219702e-2	8.56647114211884571420863584440e-4
7.510e-04	-2.92361521506486743428740124461e-2	8.62858214729094383108510885577e-4
7.520e-04	-2.92355612425880461454561569590e-2	8.69088976821203541282643317054e-4
7.530e-04	-2.92349588788546992467680777704e-2	8.75339358103617745477007937259e-4
7.540e-04	-2.92343449647980421011583088236e-2	8.81609334316590573499090896126e-4
7.550e-04	-2.92337194283457345310064904702e-2	8.87898868486046059304294106760e-4
7.560e-04	-2.92330821904299699473372345594e-2	8.94207928585040626006612138497e-4
7.570e-04	-2.92324331802944168747550742271e-2	9.00536478295573547387744536187e-4
7.580e-04	-2.92317722957557782996607108411e-2	9.06884501246711929329752720662e-4
7.590e-04	-2.92310994826680990380788104415e-2	9.13251952544526350787417498087e-4
7.600e-04	-2.92304146554500391409225597269e-2	9.19638807246113364921260644661e-4
7.610e-04	-2.92297177368148965206035804987e-2	9.26045036125433390665798257997e-4
7.620e-04	-2.92290086412548857464191433805e-2	9.32470615860255763519772824412e-4
7.630e-04	-2.92282873091675763323801500668e-2	9.38915507784866627398339312151e-4
7.640e-04	-2.92275536470238675753537867390e-2	9.45379695157851535939142511103e-4
7.650e-04	-2.92268075874458118313043569688e-2	9.51863145693762400418915649475e-4
7.660e-04	-2.92260490548172138709778138488e-2	9.58365833017673574788121053819e-4
7.670e-04	-2.92252779738439451731993963052e-2	9.64887731328778370661236514273e-4
7.680e-04	-2.92244942695496229184478288349e-2	9.71428815401859042502086647467e-4
7.690e-04	-2.92236978672712781646503815187e-2	9.77989060588707183333742580661e-4
7.700e-04	-2.92228886926550136043264244634e-2	9.84568442819496601581150904588e-4
7.710e-04	-2.92220666716516512826269696499e-2	9.91166938604110720204724890825e-4
7.720e-04	-2.92212317205997124659505003621e-2	9.97784531471934956858144215199e-4
7.730e-04	-2.92203837857284073672672786008e-2	1.00442118633829316976990850565e-3
7.740e-04	-2.92195227739044289924213179594e-2	1.01107689445966569688245101912e-3
7.750e-04	-2.92186486221616006818431564532e-2	1.01775162824398812374768628877e-3
7.760e-04	-2.92177612579038547031323501875e-2	1.02444536712351399695441500215e-3
7.770e-04	-2.92168606194598282953090316803e-2	1.03115808406430539700330445357e-3
7.780e-04	-2.92159466028467299975527915017e-2	1.03788978083278502916806182850e-3
7.790e-04	-2.92150191682293573771614976952e-2	1.04464041746579554238829355552e-3
7.800e-04	-2.92140782334522285203794122995e-2	1.05140998280258064038541640309e-3
7.810e-04	-2.92131237272668653370524976007e-2	1.05819845922027698191587764839e-3
7.820e-04	-2.92121555672590213875401138214e-2	1.06500583740169235485311175764e-3
7.830e-04	-2.92111737053720018417855621591e-2	1.07183208561910408479369649203e-3
7.840e-04	-2.92101780481046539827568349291e-2	1.07867720359761185561526780290e-3
7.850e-04	-2.92091685485317977250694678631e-2	1.08554116024642562047399961920e-3
7.860e-04	-2.92081451129850695976985452102e-2	1.09242395704035543856731364475e-3
7.870e-04	-2.92071076834254568181661469191e-2	1.09932557193636806204663881660e-3
7.880e-04	-2.92060561902988879732552705172e-2	1.10624599148021664761789899050e-3
7.890e-04	-2.92049905642761590090402472149e-2	1.11318520281581190159478248492e-3
7.900e-04	-2.92039107362484371743725855017e-2	1.12014319368603857798287821773e-3
7.910e-04	-2.92028166373227587991446389126e-2	1.12711995243356176516930018222e-3
7.920e-04	-2.92017081857104822002215427963e-2	1.13411547718553363633125164284e-3
7.930e-04	-2.92005853389723145895007085791e-2	1.14112973927722059001789284276e-3
7.940e-04	-2.91994480024389361132135080768e-2	1.14816274738630331217940822238e-3
7.950e-04	-2.91982961347864267260867434036e-2	1.15521447341870309567836731869e-3
7.960e-04	-2.91971296410135715318197961896e-2	1.16228492790203822760588622964e-3
7.970e-04	-2.91959484668884569669538613558e-2	1.16937409329762704625298676102e-3
7.980e-04	-2.91947525448967152969563971971e-2	1.17648196217545858231369904104e-3
7.990e-04	-2.91935418077035445842135093718e-2	1.18360852771165589307726815012e-3
8.000e-04	-2.91923161881491498694074434668e-2	1.19075378368925737936525319184e-3
8.010e-04	-2.91910756192441778193448103953e-2	1.19791772449900223203488465175e-3
8.020e-04	-2.91898200341651447306856912637e-2	1.20510034514012134703804409755e-3
8.030e-04	-2.91885493662498577659744420098e-2	1.21230164122113503287985802517e-3
8.040e-04	-2.91872635336089249984119285628e-2	1.21952162019801104032490467342e-3
8.050e-04	-2.91859625004538771420083468052e-2	1.22676025661196441238876767927e-3
8.060e-04	-2.91846461696034545315778576278e-2	1.23401757057063499434386812949e-3
8.070e-04	-2.91833145063721577069697420588e-2	1.24129353709330577409704981074e-3
8.080e-04	-2.91819674130388167463195633818e-2	1.24858817826991818599755161791e-3
8.090e-04	-2.91806048395982449580315383503e-2	1.25590148177671114620850851267e-3
8.100e-04	-2.91792267203819238626160251709e-2	1.26323344751815846298343250187e-3
8.110e-04	-2.91778329898456616776495405018e-2	1.27058407601490781414583973041e-3
8.120e-04	-2.91764235825649452203874960409e-2	1.27795336840469802924672690045e-3
8.130e-04	-2.91749984332302830972781983783e-2	1.28534132644329569413979356426e-3
8.140e-04	-2.91735574766425399186348685893e-2	1.29274795250545226816818363788e-3
8.150e-04	-2.91721006299686597607890233573e-2	1.30017326301718601858927116075e-3
8.160e-04	-2.91706278634678139408197693090e-2	1.30761723494691444648990794934e-3
8.170e-04	-2.91691390765318811945825284192e-2	1.31507989961621408395825080237e-3
8.180e-04	-2.91676342405193217360131333854e-2	1.32256123437635357178000238245e-3
8.190e-04	-2.91661132540796846734569269376e-2	1.33006127266954329442147213660e-3
8.200e-04	-2.91645760707679356908334530793e-2	1.33758000674923626771575113461e-3
8.210e-04	-2.91630226451612224249523709714e-2	1.34511742859336353266785674744e-3
8.220e-04	-2.91614528747242351033473596812e-2	1.35267357487620300798527940079e-3
8.230e-04	-2.91598667139346272273341576994e-2	1.36024843906203360224693772605e-3
8.240e-04	-2.91582640984305765778439794299e-2	1.36784202978246177901750738738e-3
8.250e-04	-2.91566449437818943480855253424e-2	1.37545437201668700550341864041e-3
8.260e-04	-2.91550092257395262643510536847e-2	1.38308544447248534802942932495e-3
8.270e-04	-2.91533568602251394052993051337e-2	1.39073527315389186618233133495e-3
8.280e-04	-2.91516877830811243341198823981e-2	1.39840386922572866805866777952e-3
8.290e-04	-2.91500019090373269302175234871e-2	1.40609126120399418166657311954e-3
8.300e-04	-2.91482991946351560470271718455e-2	1.41379744532893717596099783367e-3
8.310e-04	-2.91465795974920199394331657282e-2	1.42152241745625822768831917261e-3
8.320e-04	-2.91448430104766021927388086006e-2	1.42926622551840055439999742408e-3
8.330e-04	-2.91430893909842194853545051399e-2	1.43702886691616423670251861750e-3
8.340e-04	-2.91413186750099565055874780575e-2	1.44481035666705638177425493782e-3
8.350e-04	-2.91395307985584234911069240261e-2	1.45261071043470470782412510508e-3
8.360e-04	-2.91377256976387999717371291670e-2	1.46042994453055695769954078760e-3
8.370e-04	-2.91359033082598601092333206309e-2	1.46826807591562673372836197417e-3
8.380e-04	-2.91340635664249790742182674215e-2	1.47612512220228686446194299729e-3
8.390e-04	-2.91322064081271198871483694395e-2	1.48400110165611141717558577643e-3
8.400e-04	-2.91303317693438001367323822878e-2	1.49189603319776747371856342417e-3
8.410e-04	-2.91284395615441906369261320924e-2	1.49980995643160981635355635167e-3
8.420e-04	-2.91265297693392319954317400689e-2	1.50774285183951190855215402020e-3
8.430e-04	-2.91246022793511890369273701932e-2	1.51569478067891840636715266373e-3
8.440e-04	-2.91226570519240617185385272078e-2	1.52366574449514521845616908647e-3
8.450e-04	-2.91206940485656076752559823197e-2	1.53165574428135367986581093334e-3
8.460e-04	-2.91187131539682952615617156363e-2	1.53966484511744221805079655427e-3
8.470e-04	-2.91167143292364715232432736074e-2	1.54769304964429969187843427413e-3
8.480e-04	-2.91146975100310617764668679004e-2	1.55574038210931973958851409274e-3
8.490e-04	-2.91126626319511314958948550587e-2	1.56380686743459451793418871872e-3
8.500e-04	-2.91106096305286151345180979438e-2	1.57189253121936872627040916816e-3
8.510e-04	-2.91085384412230174107641436594e-2	1.57999739974255612716077210394e-3
8.520e-04	-2.91064489714970391877605261369e-2	1.58812152348717690765095156843e-3
8.530e-04	-2.91043412121568084412763081550e-2	1.59626488339667944916690624996e-3
8.540e-04	-2.91022150708207979136902794922e-2	1.60442753098953238047394118925e-3
8.550e-04	-2.91000704536837377922365754563e-2	1.61260951984798931535596973223e-3
8.560e-04	-2.90979073532650313921762342609e-2	1.62081083092643973268695108392e-3
8.570e-04	-2.90957256462858277212729611495e-2	1.62903154411725314193660921999e-3
8.580e-04	-2.90935252964591845998509626240e-2	1.63727166598756462821985053211e-3
8.590e-04	-2.90913062687664058514425810089e-2	1.64553120236553033410652781294e-3
8.600e-04	-2.90890684375047539627163659079e-2	1.65381023741210297718661836505e-3
8.610e-04	-2.90868117670553786390100447134e-2	1.66210877873654089075903374766e-3
8.620e-04	-2.90845361917121604905583893108e-2	1.67042686029270168586487791338e-3
8.630e-04	-2.90822416456304001295508305089e-2	1.67876451674981655929308449986e-3
8.640e-04	-2.90799280628210844003970170093e-2	1.68712178349593631616388568389e-3
8.650e-04	-2.90775953446584992237357711624e-2	1.69549872493495463533966619983e-3
8.660e-04	-2.90752434894449672779717976603e-2	1.70389532171438953485557438677e-3
8.670e-04	-2.90728723986093830686877634127e-2	1.71231163930022379599881584243e-3
8.680e-04	-2.90704819719009513961559865302e-2	1.72074774549484348248190869568e-3
8.690e-04	-2.90680722093873966781157828186e-2	1.72920362074143252062921529110e-3
8.700e-04	-2.90656429764428899520506790838e-2	1.73767936424663488753535885234e-3
8.710e-04	-2.90631942743197606216157180114e-2	1.74617495628930014831732119018e-3
8.720e-04	-2.90607259664497767717427421291e-2	1.75469049924123300831158841735e-3
8.730e-04	-2.90582380196735810483435970818e-2	1.76322600481049374598748998979e-3
8.740e-04	-2.90557303662226328802305406937e-2	1.77178151579649536350952498143e-3
8.750e-04	-2.90532029745382812100195040878e-2	1.78035704326500503453759090431e-3
8.760e-04	-2.90506557039994084135257236305e-2	1.78895269608962390778264669487e-3
8.770e-04	-2.90480885221966428940350108496e-2	1.79756848731772335733495374121e-3
8.780e-04	-2.90455013228045404256391453721e-2	1.80620449668217171945523331779e-3
8.790e-04	-2.90428941118670099065206317585e-2	1.81486070359371176685442329198e-3
8.800e-04	-2.90402667830034455785138761131e-2	1.82353718889434662048418239211e-3
8.810e-04	-2.90376192668386821835484867703e-2	1.83223400081997487788705203943e-3
8.820e-04	-2.90349514543296898491080233242e-2	1.84095122414644038674466981640e-3
8.830e-04	-2.90322633539642347289362374386e-2	1.84968883770572631380616905413e-3
8.840e-04	-2.90295548163019772805888185283e-2	1.85844696412347267051363252359e-3
8.850e-04	-2.90268258510640129865606051627e-2	1.86722558190753890989616622699e-3
8.860e-04	-2.90240763064558937270479872677e-2	1.87602481728034019941185828352e-3
8.870e-04	-2.90213061517599530001856455087e-2	1.88484468663325400768751076336e-3
8.880e-04	-2.90185153578021540320563195319e-2	1.89368520516337221420319652920e-3
8.890e-04	-2.90157037691377088474285704753e-2	1.90254650461794596968832102312e-3
8.900e-04	-2.90128713555105192308553555830e-2	1.91142860238666308323441433571e-3
8.910e-04	-2.90100180446671230455809096524e-2	1.92033155493736993932369374279e-3
8.920e-04	-2.90071437640284234622951649229e-2	1.92925541959232986714633735491e-3
8.930e-04	-2.90042484406822958639874271657e-2	1.93820025453469544786541420546e-3
8.940e-04	-2.90013320013761150451170359767e-2	1.94716611881511499830403855728e-3
8.950e-04	-2.89983943269644884585143547832e-2	1.95615311487700314561507495835e-3
8.960e-04	-2.89954354340760228181056215448e-2	1.96516121905319571924740404175e-3
8.970e-04	-2.89924552033457898962351430699e-2	1.97419053499889342590101185524e-3
8.980e-04	-2.89894535130084600098465115980e-2	1.98324116953454795973214064180e-3
8.990e-04	-2.89864303816231543259689149082e-2	1.99231309827380239350019025708e-3
9.000e-04	-2.89833856390531838554763236824e-2	2.00140647467878989620271580540e-3
9.010e-04	-2.89803192565050507911813796661e-2	2.01052131985866112236776619189e-3
9.020e-04	-2.89772312068937438040467046187e-2	2.01965765347048785304419884016e-3
9.030e-04	-2.89741213157046592909783585287e-2	2.02881563531953189998131119667e-3
9.040e-04	-2.89709895544846350513148835822e-2	2.03799528754324356265050263664e-3
9.050e-04	-2.89678358457015227022050951072e-2	2.04719667923295266865038148356e-3
9.060e-04	-2.89646601113858501467828534813e-2	2.05641988043847706741046206583e-3
9.070e-04	-2.89614622731221242003875872137e-2	2.06566496217672095957220760946e-3
9.080e-04	-2.89582422520400233052598396048e-2	2.07493199644044705157817714522e-3
9.090e-04	-2.89549999688054777922442203852e-2	2.08422105620722587592461685234e-3
9.100e-04	-2.89517353436116350885629777119e-2	2.09353221544856569705603229189e-3
9.110e-04	-2.89484482961697072095888873458e-2	2.10286554913922650474571365188e-3
9.120e-04	-2.89451386908575232010476717341e-2	2.11222118631513299865000514465e-3
9.130e-04	-2.89418065554825441693273994022e-2	2.12159909857412766357516962255e-3
9.140e-04	-2.89384517540023438422313445662e-2	2.13099941632994493280035555148e-3
9.150e-04	-2.89350741474559353733006300779e-2	2.14042227379504793433123310284e-3
9.160e-04	-2.89316737084238543464754240409e-2	2.14986769739753920180676791488e-3
9.170e-04	-2.89282504113965783106130103541e-2	2.15933571180636946991013021781e-3
9.180e-04	-2.89248040572783800784896092302e-2	2.16882651170601098067962066207e-3
9.190e-04	-2.89213346188281520394236737995e-2	2.17834012464290673941200467376e-3
9.200e-04	-2.89178420707567914654933480972e-2	2.18787657634024079197536355072e-3
9.210e-04	-2.89143262084752052630591321232e-2	2.19743606914976269848521683645e-3
9.220e-04	-2.89107870048817082745224822478e-2	2.20701863176436764720739958221e-3
9.230e-04	-2.89072243731240792128315044248e-2	2.21662435202269455453640153779e-3
9.240e-04	-2.89036382257368569227646526646e-2	2.22625331890661922071654703146e-3
9.250e-04	-2.89000284746302168079678258522e-2	2.23590562255357212891837297123e-3
9.260e-04	-2.88963950310786808518619260349e-2	2.24558135426910467072603712697e-3
9.270e-04	-2.88927377412586975881625021106e-2	2.25528067073714961961406535498e-3
9.280e-04	-2.88890566433482535630734968016e-2	2.26500353805608285495867984679e-3
9.290e-04	-2.88853515828802301579187065793e-2	2.27475011450767688625819462333e-3
9.300e-04	-2.88816224019184885733563188196e-2	2.28452056286653315039023339128e-3
9.310e-04	-2.88778691407735739906379869428e-2	2.29431484798588599763260191679e-3
9.320e-04	-2.88740915728260466122910962251e-2	2.30413320265195141681471760611e-3
9.330e-04	-2.88702897398176259827199659006e-2	2.31397559086331333031492132050e-3
9.340e-04	-2.88664634107897217363999688378e-2	2.32384225135422474576790581813e-3
9.350e-04	-2.88626125587240319815104498838e-2	2.33373321822349493745468994968e-3
9.360e-04	-2.88587371588048107762056665530e-2	2.34364852337324511268418346391e-3
9.370e-04	-2.88548369733557340190373760287e-2	2.35358841472238182903383242032e-3
9.380e-04	-2.88509119752507600828682509451e-2	2.36355292773050468230342478014e-3
9.390e-04	-2.88469620663667819544829863085e-2	2.37354217018708424325582116818e-3
9.400e-04	-2.88429871477667648436995914558e-2	2.38355625125540174609833213159e-3
9.410e-04	-2.88389871196854212838567877855e-2	2.39359528148955927828555656812e-3
9.420e-04	-2.88349618815146430875466183716e-2	2.40365937285184070269024646632e-3
9.430e-04	-2.88309113317886842098768018079e-2	2.41374863873043127507242974202e-3
9.440e-04	-2.88268353681690884083854835451e-2	2.42386319395750414232306422005e-3
9.450e-04	-2.88227338093625505377336601506e-2	2.43400323519192221258398937439e-3
9.460e-04	-2.88186067065412586150349208280e-2	2.44416872048026131337721653762e-3
9.470e-04	-2.88144538774115850475502145810e-2	2.45435984847551154923389637427e-3
9.480e-04	-2.88102751353993167243614569291e-2	2.46457682337338930957405257004e-3
9.490e-04	-2.88060705338875227227969536462e-2	2.47481960174688739777419549441e-3
9.500e-04	-2.88018398029150673739269378462e-2	2.48508847535214799049730500289e-3
9.510e-04	-2.87975829973431874050327403715e-2	2.49538339976334719035197921944e-3
9.520e-04	-2.87932998417527464175444158205e-2	2.50570467411106790820777509113e-3
9.530e-04	-2.87889903075139385167020690632e-2	2.51605234165795033460799829873e-3
9.540e-04	-2.87846542826434909468116683551e-2	2.52642653279579432534182863858e-3
9.550e-04	-2.87802917408892210806703651755e-2	2.53682728868070630553258258328e-3
9.560e-04	-2.87759023954794767286620811270e-2	2.54725492375717311252736599811e-3
9.570e-04	-2.87714862170763947992865359070e-2	2.55770948370263345498384980262e-3
9.580e-04	-2.87670430893523890716245484365e-2	2.56819110573159518169981285206e-3
9.590e-04	-2.87625728948452526479097720644e-2	2.57869992882489490046560955025e-3
9.600e-04	-2.87580755149380053216391610795e-2	2.58923609375499466093715389406e-3
9.610e-04	-2.87535508298383506611003338706e-2	2.59979974311182725590086792719e-3
9.620e-04	-2.87489986251006347266444660969e-2	2.61039112037817941879660884679e-3
9.630e-04	-2.87444189644401608346134310135e-2	2.62101017497879047220779885793e-3
9.640e-04	-2.87398116319365924063250114023e-2	2.63165715296194581992100258124e-3
9.650e-04	-2.87351765028826405419117925283e-2	2.64233220445756024612084115906e-3
9.660e-04	-2.87305133537924864344377688046e-2	2.65303558556163880701396374340e-3
9.670e-04	-2.87258222513206207179878783468e-2	2.66376724359909541482932454759e-3
9.680e-04	-2.87211028707881873292364317056e-2	2.67452754398609139987442961234e-3
9.690e-04	-2.87163552803108957913801578696e-2	2.68531643299714612280779411433e-3
9.700e-04	-2.87115791482831624954432274824e-2	2.69613428534406340230876278221e-3
9.710e-04	-2.87067744414805789480955957858e-2	2.70698115680992706326480356211e-3
9.720e-04	-2.87019411295553803001873223437e-2	2.71785709999135881812399850931e-3
9.730e-04	-2.86970788701504320627176621690e-2	2.72876250402147208058769045369e-3
9.740e-04	-2.86921876288826643874859508254e-2	2.73969742724142925266786555085e-3
9.750e-04	-2.86872672670667366857100667175e-2	2.75066204079273659286541316713e-3
9.760e-04	-2.86823176444786428782282911953e-2	2.76165651809923723917874582471e-3
9.770e-04	-2.86773386193272872546546247290e-2	2.77268103490394798208555103618e-3
9.780e-04	-2.86723300482254462786543007092e-2	2.78373576930674749767783508749e-3
9.790e-04	-2.86672917861600991066021475541e-2	2.79482090180293941249981871927e-3
9.800e-04	-2.86622236864621090203606011124e-2	2.80593661532271434529433960501e-3
9.810e-04	-2.86571256007752373866405727042e-2	2.81708309527153587421848606849e-3
9.820e-04	-2.86519973790244711444353655695e-2	2.82826052957147621244288278326e-3
9.830e-04	-2.86468387526433949496291031397e-2	2.83946923665158304030365476398e-3
9.840e-04	-2.86416498002556179222789003866e-2	2.85070915526404495680018078013e-3
9.850e-04	-2.86364302509250617805862535010e-2	2.86198060754060898015392483942e-3
9.860e-04	-2.86311798268449531049240876221e-2	2.87328392460836564716393877507e-3
9.870e-04	-2.86258986086079581907983998112e-2	2.88461904384064322448368001067e-3
9.880e-04	-2.86205861927481186779264177897e-2	2.89598643626124860277661173508e-3
9.890e-04	-2.86152426611338873833999882821e-2	2.90738603836454493111740679144e-3
9.900e-04	-2.86098676011177145177745036563e-2	2.91881833347572921515698852009e-3
9.910e-04	-2.86044609686820786230814429886e-2	2.93028339828467059769260862390e-3
9.920e-04	-2.85990227231026467898317463718e-2	2.94178130568214209104283802237e-3
9.930e-04	-2.85935524374398742101416719095e-2	2.95331255814322694668463154328e-3
9.940e-04	-2.85880500653222566591921168608e-2	2.96487723643027901416616437302e-3
9.950e-04	-2.85825154310485647292562880616e-2	2.97647556549506781497897038667e-3
9.960e-04	-2.85769483566700381891549524055e-2	2.98810777350245121736638359109e-3
9.970e-04	-2.85713486619456150669063941035e-2	2.99977409188976368689374336491e-3
9.980e-04	-2.85657161642960634177305856799e-2	3.01147475542771273346922589577e-3
9.990e-04	-2.85600506787569816971158401589e-2	3.02321000228282993469517828076e-3
1.000e-03	-2.85543520179306324065728507044e-2	3.03498007408152462540790190896e-3
1.001e-03	-2.85486199919365723740236647987e-2	3.04678521597579012644806582865e-3
1.002e-03	-2.85428544083610416688844272353e-2	3.05862567671061424567084886268e-3
1.003e-03	-2.85370550722050717310394811675e-2	3.07050170869314772472764573985e-3
1.004e-03	-2.85312216396627365476358751635e-2	3.08241373334477908311663354718e-3
1.005e-03	-2.85253542011539522825078370131e-2	3.09436168208340596395350823720e-3
1.006e-03	-2.85194524089988164250947489072e-2	3.10634598200938063263802548758e-3
1.007e-03	-2.85135159063205238337706688014e-2	3.11836707237460814417697294484e-3
1.008e-03	-2.85075447847050753395140545620e-2	3.13042488417983713590086444408e-3
1.009e-03	-2.85015385288050096846849238851e-2	3.14252003847129469883596598496e-3
1.010e-03	-2.84954970748857131032166188213e-2	3.15465264400467997677166654702e-3
1.011e-03	-2.84894203628712909603819200245e-2	3.16682280518713445774422326453e-3
1.012e-03	-2.84833078581904070618295823826e-2	3.17903116887955268380881395542e-3
1.013e-03	-2.84771594927537651018611563373e-2	3.19127785053250312721396104067e-3
1.014e-03	-2.84709752021752207945546736453e-2	3.20356296117742093066805409313e-3
1.015e-03	-2.84647544316846244685369117848e-2	3.21588717481430999456905532948e-3
1.016e-03	-2.84584971083990151328479048919e-2	3.22825061416988566283014231207e-3
1.017e-03	-2.84522029947834903881811565426e-2	3.24065359141180805180218071515e-3
1.018e-03	-2.84458718497523784503148960980e-2	3.25309642366406497962866562647e-3
1.019e-03	-2.84395034285900089321360551973e-2	3.26557943311359476367906493861e-3
1.020e-03	-2.84330974828692395523770401114e-2	3.27810294711997982878062487880e-3
1.021e-03	-2.84266537603676593337457583081e-2	3.29066729832831945992310482151e-3
1.022e-03	-2.84201720049813855088933208879e-2	3.30327282478539460160529260891e-3
1.023e-03	-2.84136519566363678445099681313e-2	3.31591987005924239848990575931e-3
1.024e-03	-2.84070933511971104125926219306e-2	3.32860878336226320107837107727e-3
1.025e-03	-2.84004957364069345333341386334e-2	3.34134013385084663915849714954e-3
1.026e-03	-2.83938592055957887377563479455e-2	3.35411385675162399544458875188e-3
1.027e-03	-2.83871832999351695023386227576e-2	3.36693053050865314134746530389e-3
1.028e-03	-2.83804675478470425871598322235e-2	3.37979075057237858702150042222e-3
1.029e-03	-2.83737120417390770317129956685e-2	3.39269445444991803691304273083e-3
1.030e-03	-2.83669161083731477483225054975e-2	3.40564247561369539557931334542e-3
1.031e-03	-2.83600798392786803462533725459e-2	3.41863475343743529852779756506e-3
1.032e-03	-2.83532025428514685759784398612e-2	3.43167214615959844224874012020e-3
1.033e-03	-2.83462843095062909013469458798e-2	3.44475459533163331398654788741e-3
1.034e-03	-2.83393244285648181969762792039e-2	3.45788298492482231752299204433e-3
1.035e-03	-2.83323227832278251460638489109e-2	3.47105750183892190651821402438e-3
1.036e-03	-2.83252790523252486762026543441e-2	3.48427857423351513387604128551e-3
1.037e-03	-2.83181931197353582942429994081e-2	3.49754638883472576200850385739e-3
1.038e-03	-2.83110642343333282885854458326e-2	3.51086188421635784241360824814e-3
1.039e-03	-2.83038922661197856435002901793e-2	3.52422526609128311015095729802e-3
1.040e-03	-2.82966768709323151394747035625e-2	3.53763699432279364267029404229e-3
1.041e-03	-2.82894176984881031914337641332e-2	3.55109753720487844879504262953e-3
1.042e-03	-2.82821143922251542816772816221e-2	3.56460737167760123480229115055e-3
1.043e-03	-2.82747665891381904273844707959e-2	3.57816698354974291594783821617e-3
1.044e-03	-2.82673739196090125406518860474e-2	3.59177686772901083839309966515e-3
1.045e-03	-2.82599360072310915691815184963e-2	3.60543752846013166902841013048e-3
1.046e-03	-2.82524524686281457020489697197e-2	3.61914947957116076983936384057e-3
1.047e-03	-2.82449229132664476455849729494e-2	3.63291324472835765649744138038e-3
1.048e-03	-2.82373467041352758155729596050e-2	3.64672964452018671241048458622e-3
1.049e-03	-2.82297239112256305918805752488e-2	3.66059865319743392367338889005e-3
1.050e-03	-2.82220538849935146984146525192e-2	3.67452110869129415793202350959e-3
1.051e-03	-2.82143359565394447291942913063e-2	3.68849787500294160136031247118e-3
1.052e-03	-2.82065701889856862352754979863e-2	3.70252893656905221512713416832e-3
1.053e-03	-2.81987556460340164072742934757e-2	3.71661548251915015663021793868e-3
1.054e-03	-2.81908923855109512105482948869e-2	3.73075750504099907142237312069e-3
1.055e-03	-2.81829794415368240248441824986e-2	3.74495623336277772772483063084e-3
1.056e-03	-2.81750168660014310126580205416e-2	3.75921166828290007692089151542e-3
1.057e-03	-2.81670036620481892960262428616e-2	3.77352508103865919383770765702e-3
1.058e-03	-2.81589396055802880857130052494e-2	3.78789680906974756183868009966e-3
1.059e-03	-2.81508244753186543783833189330e-2	3.80232718639705458740151638517e-3
1.060e-03	-2.81426572251037841307776009004e-2	3.81681755115533309424957005517e-3
1.061e-03	-2.81344376094282091366292331647e-2	3.83136827044837023957336860084e-3
1.062e-03	-2.81261651024844031139434119180e-2	3.84598005346755658400363097899e-3
1.063e-03	-2.81178394534624246627151488488e-2	3.86065327509441487110552584171e-3
1.064e-03	-2.81094595446092009420404319457e-2	3.87538937067913558944685837521e-3
1.065e-03	-2.81010250979792415136820574198e-2	3.89018875215150345501950387972e-3
1.066e-03	-2.80925355404566075511468915113e-2	3.90505219346629958303943228614e-3
1.067e-03	-2.80839902861497947410110668675e-2	3.91998048606107244736458612483e-3
1.068e-03	-2.80753887359809059048876131722e-2	3.93497443941586095936602344764e-3
1.069e-03	-2.80667302772576201797601959589e-2	3.95003488163642276916890113263e-3
1.070e-03	-2.80580139708232801199121357724e-2	3.96516304493132653539711554718e-3
1.071e-03	-2.80492397962237675080056858228e-2	3.98035903213549255701503482979e-3
1.072e-03	-2.80404067886811752672606276208e-2	3.99562411058246258166410191774e-3
1.073e-03	-2.80315142763869610462108551129e-2	4.01095918922998228607821281798e-3
1.074e-03	-2.80225615714866052651652661852e-2	4.02636519897581830215558713676e-3
1.075e-03	-2.80135476365020209109153769224e-2	4.04184350609371591098092471905e-3
1.076e-03	-2.80044724115174759986474574714e-2	4.05739426815010744265690417821e-3
1.077e-03	-2.79953344865711260381413335468e-2	4.07301931797594195851798238149e-3
1.078e-03	-2.79861337829383870554218246097e-2	4.08871883912392254354453438509e-3
1.079e-03	-2.79768691863553647843853309460e-2	4.10449430275680008506575441484e-3
1.080e-03	-2.79675395446400046316465848927e-2	4.12034723161041438341474436550e-3
1.081e-03	-2.79581443866974511986957959233e-2	4.13627830302367068587710469389e-3
1.082e-03	-2.79486832390342674837001852194e-2	4.15228819784228438133604423968e-3
1.083e-03	-2.79391545156299565612176842788e-2	4.16837898877050771167969096125e-3
1.084e-03	-2.79295580683152434546521358552e-2	4.18455095495807360607433735288e-3
1.085e-03	-2.79198922447250439223248787815e-2	4.20080625955824956727742029739e-3
1.086e-03	-2.79101564829439100040269370110e-2	4.21714570427882684170056317747e-3
1.087e-03	-2.79003498253568909128131902287e-2	4.23357058867317528101375578955e-3
1.088e-03	-2.78904716838740231145626265048e-2	4.25008175041314992612800918579e-3
1.089e-03	-2.78805202596908205890547585311e-2	4.26668155238306670440784425142e-3
1.090e-03	-2.78704949027312483185192858697e-2	4.28337091689727749000896947253e-3
1.091e-03	-2.78603945421465315562296388780e-2	4.30015129819527438435101734715e-3
1.092e-03	-2.78502180758181728979368824340e-2	4.31702419323097547466863062818e-3
1.093e-03	-2.78399643690446916914551563980e-2	4.33399114346589680474951014605e-3
1.094e-03	-2.78296322531562199366970624730e-2	4.35105373676095786575856852610e-3
1.095e-03	-2.78192205240520344463817440077e-2	4.36821360937365075928462182314e-3
1.096e-03	-2.78087279406557028056993563927e-2	4.38547244806785359723373903728e-3
1.097e-03	-2.77981532232820799709877947307e-2	4.40283199234417176790879964639e-3
1.098e-03	-2.77874945949691938139537603992e-2	4.42029461793135789916243941840e-3
1.099e-03	-2.77767516006020398355590772918e-2	4.43786102406351183848282232719e-3
1.100e-03	-2.77659223836111450739191226334e-2	4.45553369520707245659186150363e-3
1.101e-03	-2.77550054915481323370263264182e-2	4.47331460684561416024869765341e-3
1.102e-03	-2.77439989384988756389528890793e-2	4.49120642016717549545782351066e-3
1.103e-03	-2.77329021358453799761681925370e-2	4.50921001669608415400911826425e-3
1.104e-03	-2.77217130011934979339502520372e-2	4.52732818939262690702977433460e-3
1.105e-03	-2.77104293662506931376072869469e-2	4.54556384865069596555686154731e-3
1.106e-03	-2.76990505203051363140501076569e-2	4.56391804263412354128258546452e-3
1.107e-03	-2.76875736586611148274283942416e-2	4.58239450818577645548262045470e-3
1.108e-03	-2.76759979764846261779524987323e-2	4.60099442190693368416030626843e-3
1.109e-03	-2.76643205036068957148223146631e-2	4.61972174685606071918197812378e-3
1.110e-03	-2.76525403291266391339138017278e-2	4.63857780435679555322188780138e-3
1.111e-03	-2.76406543012991255952609087101e-2	4.65756680573549233493166642197e-3
1.112e-03	-2.76286613894003679190829970722e-2	4.67669023579688532178101964852e-3
1.113e-03	-2.76165582417742228739450437236e-2	4.69595257924429645505520828526e-3
1.114e-03	-2.76043431042687870733154803733e-2	4.71535626645403806944250074325e-3
1.115e-03	-2.75920135696913698372179095884e-2	4.73490457725952990443149153288e-3
1.116e-03	-2.75795677395125623062074303890e-2	4.75460013892313201527609887177e-3
1.117e-03	-2.75670017961600096006312055982e-2	4.77444807340660436042651108196e-3
1.118e-03	-2.75543136136813113110877129323e-2	4.79445131883769699199009702818e-3
1.119e-03	-2.75415003497345369618840273405e-2	4.81461374968598475363896032733e-3
1.120e-03	-2.75285590359079926890676935639e-2	4.83493941271355150252975291701e-3
1.121e-03	-2.75154865696603582476611688940e-2	4.85543253799776471418154586432e-3
1.122e-03	-2.75022797055830018771425527984e-2	4.87609755088164588409598899750e-3
1.123e-03	-2.74889350459133140467222197066e-2	4.89693908494925417641307552757e-3
1.124e-03	-2.74754490302188893261717013810e-2	4.91796199613584131048213764150e-3
1.125e-03	-2.74618179241620297591479402853e-2	4.93917137809671715607578897141e-3
1.126e-03	-2.74480378072421112195527534020e-2	4.96057257897510564534480229777e-3
1.127e-03	-2.74341045593995686971552096721e-2	4.98217121972814969983893521022e-3
1.128e-03	-2.74200138463492838449157715401e-2	5.00397321419209870111466475185e-3
1.129e-03	-2.74057611034925964717418160995e-2	5.02598479109313326007194462877e-3
1.130e-03	-2.73913415182355246028994067198e-2	5.04821251823991598705791437873e-3
1.131e-03	-2.73767492034581160387347001607e-2	5.07066439187653472185919961282e-3
1.132e-03	-2.73619803871080070328445817455e-2	5.09334563893193575199584282208e-3
1.133e-03	-2.73470285968645545417745913024e-2	5.11626505568364108471056379595e-3
1.134e-03	-2.73318878118370900550454944160e-2	5.13943086226785362603619815096e-3
1.135e-03	-2.73165507630165688883353582691e-2	5.16285294573255169102575365820e-3
1.136e-03	-2.73010123995369734302138967665e-2	5.18653828004997690417929652437e-3
1.137e-03	-2.72852646330026347814297918905e-2	5.21049787274909799201589996695e-3
1.138e-03	-2.72692988148310946009459270655e-2	5.23474349877335061369474870658e-3
1.139e-03	-2.72531085763758553127751942618e-2	5.25928393299744400829194723141e-3
1.140e-03	-2.72366832015726256983957725120e-2	5.28413373953768972787723537215e-3
1.141e-03	-2.72200152016256916655478109192e-2	5.30930322447461146751661015729e-3
1.142e-03	-2.72030924293134653888293520852e-2	5.33480891135994230021391105410e-3
1.143e-03	-2.71859060168589980327018345907e-2	5.36066299168719044385810444998e-3
1.144e-03	-2.71684420720384491881128270276e-2	5.38688437826893805656327604214e-3
1.145e-03	-2.71506900093762281109470453175e-2	5.41348761161324793497615315702e-3
1.146e-03	-2.71326337804327503568968157664e-2	5.44049455699473238136875265044e-3
1.147e-03	-2.71142606313460130346642846062e-2	5.46792272088394458804181429529e-3
1.148e-03	-2.70955518088243823997172558903e-2	5.49579767247124907987329997142e-3
1.149e-03	-2.70764905153671853710898406711e-2	5.52414241539990462937614711314e-3
1.150e-03	-2.70570583379815486318299263846e-2	5.55298216274132007189490136677e-3
1.151e-03	-2.70372309778345713894410846977e-2	5.58235007813237112008787220325e-3
1.152e-03	-2.70169856473006770543318995640e-2	5.61227736426688128539682510978e-3
1.153e-03	-2.69962970525569391574041690200e-2	5.64279865288229203467133021231e-3
1.154e-03	-2.69751325048470148464217554394e-2	5.67395859853310284313295015457e-3
1.155e-03	-2.69534598737296910277556641106e-2	5.70580119507251139413410305204e-3
1.156e-03	-2.69312413067680092053379435011e-2	5.73837823737586010875583605870e-3
1.157e-03	-2.69084354683871465713047313157e-2	5.77174632205664977396634102575e-3
1.158e-03	-2.68849898565575757227758725928e-2	5.80597724390329409569362671973e-3
1.159e-03	-2.68608493163307449866100107115e-2	5.84114652840510973886036262180e-3
1.160e-03	-2.68359478010496914872788813713e-2	5.87734458790214199695497190620e-3
1.161e-03	-2.68102097117922461871250307697e-2	5.91467494866799762420179680979e-3
1.162e-03	-2.67835388860920313474182972001e-2	5.95326922241604098196234622707e-3
1.163e-03	-2.67558261700182204204454433416e-2	5.99327690838679538650453461552e-3
1.164e-03	-2.67269381629209688904783764759e-2	6.03488072351837627669201232596e-3
1.165e-03	-2.66967012538081398207292967622e-2	6.07831840635415156877941592202e-3
1.166e-03	-2.66649028102367813558953868446e-2	6.12388124880338204660211406959e-3
1.167e-03	-2.66312653705991118326545090671e-2	6.17194938288091661813746975881e-3
1.168e-03	-2.65954052249946316665967846248e-2	6.22304849395437806226412692959e-3
1.169e-03	-2.65567974402024925247135983563e-2	6.27789792242273075185185243736e-3
1.170e-03	-2.65146502543826353834406249906e-2	6.33758270046600946797007526015e-3
1.171e-03	-2.64676978012202456629671192852e-2	6.40383780941071648537821790619e-3
1.172e-03	-2.64136560601275292725101071729e-2	6.47979407193219934432523283474e-3
1.173e-03	-2.63474877787391126538630975662e-2	6.57235715705260756811000264817e-3
1.174e-03	-2.62512271172144547607367143710e-2	6.70616010013289599603724925217e-3
