0.000e+00	-3.12500000000000000000000000000e-2	0
1.000e-06	-3.12620043212739156364623738714e-2	0
2.000e-06	-3.12740172902082130048739260190e-2	0
3.000e-06	-3.12860389145098066424127562476e-2	0
4.000e-06	-3.12980692019365593204880602103e-2	0
5.000e-06	-3.13101081602974878815478148255e-2	0
6.000e-06	-3.13221557974529714439577530454e-2	0
7.000e-06	-3.13342121213149619958393670511e-2	0
8.000e-06	-3.13462771398471973991159995451e-2	0
9.000e-06	-3.13583508610654168253622048614e-2	0
1.000e-05	-3.13704332930375786454027997205e-2	0
1.100e-05	-3.13825244438840807949644878041e-2	0
1.200e-05	-3.13946243217779836390447451430e-2	0
1.300e-05	-3.14067329349452353580299098854e-2	0
1.400e-05	-3.14188502916648998789672473637e-2	0
1.500e-05	-3.14309764002693873757742799712e-2	0
1.600e-05	-3.14431112691446873625530033096e-2	0
1.700e-05	-3.14552549067306044045668811632e-2	0
1.800e-05	-3.14674073215209964718348497209e-2	0
1.900e-05	-3.14795685220640159606990974689e-2	0
2.000e-05	-3.14917385169623534091322549291e-2	0
2.100e-05	-3.15039173148734839319649663050e-2	0
2.200e-05	-3.15161049245099164026367978735e-2	0
2.300e-05	-3.15283013546394454085017871397e-2	0
2.400e-05	-3.15405066140854060071566239441e-2	0
2.500e-05	-3.15527207117269313117006005503e-2	0
2.600e-05	-3.15649436564992129332859601069e-2	0
2.700e-05	-3.15771754573937643097809667643e-2	0
2.800e-05	-3.15894161234586869498153633013e-2	0
2.900e-05	-3.16016656637989396219778291889e-2	0
3.000e-05	-3.16139240875766105193920624031e-2	0
3.100e-05	-3.16261914040111924303808956793e-2	0
3.200e-05	-3.16384676223798609464698337604e-2	0
3.300e-05	-3.16507527520177557394211054023e-2	0
3.400e-05	-3.16630468023182649395474603673e-2	0
3.500e-05	-3.16753497827333126480869524321e-2	0
3.600e-05	-3.16876617027736496168640905594e-2	0
3.700e-05	-3.16999825720091471291009283171e-2	0
3.800e-05	-3.17123124000690941161788538869e-2	0
3.900e-05	-3.17246511966424975437335296099e-2	0
4.000e-05	-3.17369989714783861053176713440e-2	0
4.100e-05	-3.17493557343861172569331601348e-2	0
4.200e-05	-3.17617214952356876308359940199e-2	0
4.300e-05	-3.17740962639580468652390286837e-2	0
4.400e-05	-3.17864800505454148879816145669e-2	0
4.500e-05	-3.17988728650516026925782729463e-2	0
4.600e-05	-3.18112747175923366458744250116e-2	0
4.700e-05	-3.18236856183455863670087814791e-2	0
4.800e-05	-3.18361055775518962181968716986e-2	0
4.900e-05	-3.18485346055147204483853817216e-2	0
5.000e-05	-3.18609727126007620315902110461e-2	0
5.100e-05	-3.18734199092403152424028398242e-2	0
5.200e-05	-3.18858762059276120118131379434e-2	0
5.300e-05	-3.18983416132211721072936748256e-2	0
5.400e-05	-3.19108161417441571817496983160e-2	0
5.500e-05	-3.19232998021847287367081524629e-2	0
5.600e-05	-3.19357926052964100459064501117e-2	0
5.700e-05	-3.19482945618984520861711589021e-2	0
5.800e-05	-3.19608056828762035232816885216e-2	0
5.900e-05	-3.19733259791814848013369832984e-2	0
6.000e-05	-3.19858554618329663849309973568e-2	0
6.100e-05	-3.19983941419165512042872911543e-2	0
6.200e-05	-3.20109420305857613543694706315e-2	0
6.300e-05	-3.20234991390621290998306668456e-2	0
6.400e-05	-3.20360654786355922385656352444e-2	0
6.500e-05	-3.20486410606648938774448894385e-2	0
6.600e-05	-3.20612258965779866749642584031e-2	0
6.700e-05	-3.20738199978724416062751141481e-2	0
6.800e-05	-3.20864233761158613067164724569e-2	0
6.900e-05	-3.20990360429462980519844325915e-2	0
7.000e-05	-3.21116580100726764327027905128e-2	0
7.100e-05	-3.21242892892752207832125629249e-2	0
7.200e-05	-3.21369298924058874249555193771e-2	0
7.300e-05	-3.21495798313888017860008731386e-2	0
7.400e-05	-3.21622391182207004593317407575e-2	0
7.500e-05	-3.21749077649713782636060557678e-2	0
7.600e-05	-3.21875857837841403712280803775e-2	0
7.700e-05	-3.22002731868762595697114430765e-2	0
7.800e-05	-3.22129699865394387234831452824e-2	0
7.900e-05	-3.22256761951402785044708193619e-2	0
8.000e-05	-3.22383918251207504610333384616e-2	0
8.100e-05	-3.22511168889986754960382929343e-2	0
8.200e-05	-3.22638513993682078261595196570e-2	0
8.300e-05	-3.22765953689003244957644757157e-2	0
8.400e-05	-3.22893488103433205200534447190e-2	0
8.500e-05	-3.23021117365233097336897592979e-2	0
8.600e-05	-3.23148841603447314218669559222e-2	0
8.700e-05	-3.23276660947908628132969965818e-2	0
8.800e-05	-3.23404575529243375149172885356e-2	0
8.900e-05	-3.23532585478876699702660514613e-2	0
9.000e-05	-3.23660690929037860247549830195e-2	0
9.100e-05	-3.23788892012765596826395655145e-2	0
9.200e-05	-3.23917188863913561420603639057e-2	0
9.300e-05	-3.24045581617155811961366076232e-2	0
9.400e-05	-3.24174070407992370897371692036e-2	0
9.500e-05	-3.24302655372754849232347249516e-2	0
9.600e-05	-3.24431336648612136962674114544e-2	0
9.700e-05	-3.24560114373576160862897136407e-2	0
9.800e-05	-3.24688988686507710584917055486e-2	0
9.900e-05	-3.24817959727122334055042191556e-2	0
1.000e-04	-3.24947027635996303171881807772e-2	0
1.010e-04	-3.25076192554572650827304072432e-2	0
1.020e-04	-3.25205454625167280292368128810e-2	0
1.030e-04	-3.25334813990975148030285013429e-2	0
1.040e-04	-3.25464270796076521019079033126e-2	0
1.050e-04	-3.25593825185443309687723159154e-2	0
1.060e-04	-3.25723477304945477591122911442e-2	0
1.070e-04	-3.25853227301357528971437449438e-2	0
1.080e-04	-3.25983075322365075375869011521e-2	0
1.090e-04	-3.26113021516571482524237814937e-2	0
1.100e-04	-3.26243066033504598643404936577e-2	0
1.110e-04	-3.26373209023623565509926991281e-2	0
1.120e-04	-3.26503450638325713467240628363e-2	0
1.130e-04	-3.26633791029953541709199605660e-2	0
1.140e-04	-3.26764230351801785147940717169e-2	0
1.150e-04	-3.26894768758124569210856047245e-2	0
1.160e-04	-3.27025406404142653938917475295e-2	0
1.170e-04	-3.27156143446050768786755347203e-2	0
1.180e-04	-3.27286980041025039553757783127e-2	0
1.190e-04	-3.27417916347230508905052000149e-2	0
1.200e-04	-3.27548952523828751971576886622e-2	0
1.210e-04	-3.27680088730985588549580308322e-2	0
1.220e-04	-3.27811325129878893451799564098e-2	0
1.230e-04	-3.27942661882706506595334267342e-2	0
1.240e-04	-3.28074099152694244444823889472e-2	0
1.250e-04	-3.28205637104104014464024446046e-2	0
1.260e-04	-3.28337275902242034264268561090e-2	0
1.270e-04	-3.28469015713467157174619732778e-2	0
1.280e-04	-3.28600856705199305995825510211e-2	0
1.290e-04	-3.28732799045928016738467141258e-2	0
1.300e-04	-3.28864842905221094185027988215e-2	0
1.310e-04	-3.28996988453733381155993867338e-2	0
1.320e-04	-3.29129235863215643401591069513e-2	0
1.330e-04	-3.29261585306523572083399227023e-2	0
1.340e-04	-3.29394036957626905853884990981e-2	0
1.350e-04	-3.29526590991618674586928855687e-2	0
1.360e-04	-3.29659247584724566858703266309e-2	0
1.370e-04	-3.29792006914312423325848993394e-2	0
1.380e-04	-3.29924869158901858196834122967e-2	0
1.390e-04	-3.30057834498174011042713316157e-2	0
1.400e-04	-3.30190903112981431245283712692e-2	0
1.410e-04	-3.30324075185358097433909628093e-2	1.14668223788773641268724487904e-22
1.420e-04	-3.30457350898529574317114946315e-2	1.68068031191212691191687922376e-22
1.430e-04	-3.30590730436923309371476168643e-2	2.58088993633919166896728800674e-22
1.440e-04	-3.30724213986179071908449318113e-2	4.02410362827962528389763724847e-22
1.450e-04	-3.30857801733159537099591878829e-2	6.28720681878942645322727763112e-22
1.460e-04	-3.30991493865961017602261074302e-2	9.79245789324701886776302649817e-22
1.470e-04	-3.31125290573924345491349472580e-2	1.51749499997574785826959987210e-21
1.480e-04	-3.31259192047645907268028749943e-2	2.33812332736685168877027951065e-21
1.490e-04	-3.31393198478988834783886433291e-2	3.58119220751963080409911964690e-21
1.500e-04	-3.31527310061094354988336145512e-2	5.45262969909353534981043904768e-21
1.510e-04	-3.31661526988393301478840682802e-2	8.25339389317988983012598534916e-21
1.520e-04	-3.31795849456617790907394596427e-2	1.24207947310622105921779078873e-20
1.530e-04	-3.31930277662813067372958586487e-2	1.85867129907333121004237482083e-20
1.540e-04	-3.32064811805349518008216290304e-2	2.76591788469317626889525643201e-20
1.550e-04	-3.32199452083934863050234211643e-2	4.09360756687013833492741952946e-20
1.560e-04	-3.32334198699626523768452067302e-2	6.02627971257145726161551506925e-20
1.570e-04	-3.32469051854844171710023785712e-2	8.82497371983654431696922094387e-20
1.580e-04	-3.32604011753382462811984809758e-2	1.28570826549797975979412034098e-19
1.590e-04	-3.32739078600423960022161647686e-2	1.86371316931160125403154750179e-19
1.600e-04	-3.32874252602552248166294028780e-2	2.68822127604218539092008062847e-19
1.610e-04	-3.33009533967765244897645119815e-2	3.85869894748154400160757735340e-19
1.620e-04	-3.33144922905488711667575446832e-2	5.51247145265766525967144652148e-19
1.630e-04	-3.33280419626589968761304249964e-2	7.83826670394550975680570315345e-19
1.640e-04	-3.33416024343391818552539788173e-2	1.10942934347261425587333741845e-18
1.650e-04	-3.33551737269686681243999073000e-2	1.56322671855068858149409881706e-18
1.660e-04	-3.33687558620750947478239465318e-2	2.19292049473521178954389834259e-18
1.670e-04	-3.33823488613359552324882432698e-2	3.06293245491449510623871242947e-18
1.680e-04	-3.33959527465800775276428343360e-2	4.25990337257204932744756404272e-18
1.690e-04	-3.34095675397891271015658008611e-2	5.89988076552907588469411059493e-18
1.700e-04	-3.34231932630991335853322951651e-2	8.13767705568247099435497516790e-18
1.710e-04	-3.34368299388020414875687829165e-2	1.11790062442348762186539158996e-17
1.720e-04	-3.34504775893472854987766389667e-2	1.52961641205116950045321046974e-17
1.730e-04	-3.34641362373433909190064768702e-2	2.08482108454569003720973771215e-17
1.740e-04	-3.34778059055595997584608456136e-2	2.83068533127077066775314922112e-17
1.750e-04	-3.34914866169275230770296434914e-2	3.82895172515980487757047565942e-17
1.760e-04	-3.35051783945428201458532310097e-2	5.16014565782303370653260420484e-17
1.770e-04	-3.35188812616669050317983470621e-2	6.92891829198502173878223811996e-17
1.780e-04	-3.35325952417286812242593649195e-2	9.27080267342248652366897380931e-17
1.790e-04	-3.35463203583263049430023551643e-2	1.23607280731775041032636627281e-16
1.800e-04	-3.35600566352289777858945327740e-2	1.64237147125653302456688397626e-16
1.810e-04	-3.35738040963787693963522530091e-2	2.17482636571607143794775221519e-16
1.820e-04	-3.35875627658924708522448202610e-2	2.87030676471954771900980485858e-16
1.830e-04	-3.36013326680634795008598745756e-2	3.77578011669317717686360376420e-16
1.840e-04	-3.36151138273637159884228750769e-2	4.95089058611791274319349805523e-16
1.850e-04	-3.36289062684455742576251279934e-2	6.47114747106685463178068057382e-16
1.860e-04	-3.36427100161439053127119873917e-2	8.43185600673839655440762151611e-16
1.870e-04	-3.36565250954780355789786039743e-2	1.09529492231329188278493581369e-15
1.880e-04	-3.36703515316538207120815252379e-2	1.41849103063600892301478744562e-15
1.890e-04	-3.36841893500657357424705150034e-2	1.83160110245498471457567880162e-15
1.900e-04	-3.36980385762990024715494810160e-2	2.35811340370879837858015754656e-15
1.910e-04	-3.37118992361317550689650527343e-2	3.02724962068214611168834055736e-15
1.920e-04	-3.37257713555372448547761375778e-2	3.87526474148705037913982320006e-15
1.930e-04	-3.37396549606860852862609572907e-2	4.94701859562352594989300151610e-15
1.940e-04	-3.37535500779485382068560299306e-2	6.29787086813985096495815323367e-15
1.950e-04	-3.37674567338968424542837217942e-2	7.99596030343650543213935835833e-15
1.960e-04	-3.37813749553075859664035591887e-2	1.01249390617392293578429178328e-14
1.970e-04	-3.37953047691641225668122377213e-2	1.27872449651832114844685045034e-14
1.980e-04	-3.38092462026590346578152368966e-2	1.61080078578377401332009699563e-14
1.990e-04	-3.38231992831966430961980872601e-2	2.02397017269646133422075210305e-14
2.000e-04	-3.38371640383955655773380788543e-2	2.53676718159650404325886291169e-14
2.010e-04	-3.38511404960913249057189727699e-2	3.17166859636800626000774985103e-14
2.020e-04	-3.38651286843390085849439477145e-2	3.95586821149219970901684705244e-14
2.030e-04	-3.38791286314159812179872464906e-2	4.92219096505921163980882702795e-14
2.040e-04	-3.38931403658246512687835336386e-2	6.11016912426953070330425717369e-14
2.050e-04	-3.39071639162952937994248732790e-2	7.56730646801952805410281342023e-14
2.060e-04	-3.39211993117889308633149280035e-2	9.35056009454053326473020071260e-14
2.070e-04	-3.39352465815002713037113426705e-2	1.15280736151816727192329537407e-13
2.080e-04	-3.39493057548607117792585628395e-2	1.41812001260251483831124854559e-13
2.090e-04	-3.39633768615414009134570224523e-2	1.74068585196768454594318001319e-13
2.100e-04	-3.39774599314563685436061772739e-2	2.13202724707687563073942162724e-13
2.110e-04	-3.39915549947657221266653667284e-2	2.60581478467235680447449259693e-13
2.120e-04	-3.40056620818789124447552886788e-2	3.17823514249343548571790580374e-13
2.130e-04	-3.40197812234580708417200127290e-2	3.86841616983832565031194068679e-13
2.140e-04	-3.40339124504214203143180923334e-2	4.69891712904915722840032736902e-13
2.150e-04	-3.40480557939467628772300470072e-2	5.69629301461969794159845620923e-13
2.160e-04	-3.40622112854750457201605210880e-2	6.89174292931623040300319640849e-13
2.170e-04	-3.40763789567140087778608606088e-2	8.32185366515380627130069037813e-13
2.180e-04	-3.40905588396419164398656845744e-2	1.00294509193314465420906759662e-12
2.190e-04	-3.41047509665113762360672173252e-2	1.20645719796999736611647330158e-12
2.200e-04	-3.41189553698532474468615908828e-2	1.44855752497540763148173490095e-12
2.210e-04	-3.41331720824806427023837900934e-2	1.73604036585709349585450420050e-12
2.220e-04	-3.41474011374930257541659528897e-2	2.07680208259351244119624111079e-12
2.230e-04	-3.41616425682804087242405617348e-2	2.48000408367556320810215848168e-12
2.240e-04	-3.41758964085276522610664189570e-2	2.95625746317217606290662733318e-12
2.250e-04	-3.41901626922188721584473329721e-2	3.51783183531225343621398519414e-12
2.260e-04	-3.42044414536419561225705984179e-2	4.17889115062353297246368624341e-12
2.270e-04	-3.42187327273931945031052841035e-2	4.95575955182085808596361619386e-12
2.280e-04	-3.42330365483820289366188804331e-2	5.86722062085840014841044657771e-12
2.290e-04	-3.42473529518359229840020337084e-2	6.93485368392740208476978201506e-12
2.300e-04	-3.42616819733053589776972641720e-2	8.18341117977150531421693690934e-12
2.310e-04	-3.42760236486689654288245583873e-2	9.64124145958265020113268549541e-12
2.320e-04	-3.42903780141387794782522320974e-2	1.13407617750017250166215173323e-11
2.330e-04	-3.43047451062656490086934288421e-2	1.33189866254362286858554723061e-11
2.340e-04	-3.43191249619447791663837687604e-2	1.56181170780592663620882840307e-11
2.350e-04	-3.43335176184214281701285196175e-2	1.82861971444808764969025462842e-11
2.360e-04	-3.43479231132967574117590213092e-2	2.13778437981610835513242408174e-11
2.370e-04	-3.43623414845338409745146497126e-2	2.49550577471001667041427503938e-11
2.380e-04	-3.43767727704638398137202753213e-2	2.90881226380824432633865012867e-11
2.390e-04	-3.43912170097923459564556447758e-2	3.38566009625952419687101609832e-11
2.400e-04	-3.44056742416059021827542408923e-2	3.93504355612589159229672702913e-11
2.410e-04	-3.44201445053787027492089854684e-2	4.56711662838765921587024266183e-11
2.420e-04	-3.44346278409794808056330960829e-2	5.29332720566504344726211686297e-11
2.430e-04	-3.44491242886785882354998098239e-2	6.12656493372286002402633134150e-11
2.440e-04	-3.44636338891552737200906132620e-2	7.08132387024561112427256472717e-11
2.450e-04	-3.44781566835051648833862624556e-2	8.17388121133046317368769259785e-11
2.460e-04	-3.44926927132479604184595840180e-2	9.42249342366310282004012207392e-11
2.470e-04	-3.45072420203353381251486841676e-2	1.08476112074212677438484287286e-10
2.480e-04	-3.45218046471590848017228692925e-2	1.24721148055839087427489355999e-10
2.490e-04	-3.45363806365594539286931206623e-2	1.43215712694865500380921016569e-10
2.500e-04	-3.45509700318337570594046065114e-2	1.64245153881157092563476027850e-10
2.510e-04	-3.45655728767451947880728632908e-2	1.88127560897206606587952655533e-10
2.520e-04	-3.45801892155319330999933603423e-2	2.15217102287651264876136407976e-10
2.530e-04	-3.45948190929164308191636618344e-2	2.45907657789518446745373757580e-10
2.540e-04	-3.46094625541150237539804763862e-2	2.80636765639171538801026009428e-10
2.550e-04	-3.46241196448477710003582295858e-2	3.19889907710783002168735745965e-10
2.560e-04	-3.46387904113485686919931711337e-2	3.64205156108696487662006574674e-10
2.570e-04	-3.46534749003755362879014021170e-2	4.14178206030502013040561220121e-10
2.580e-04	-3.46681731592216802562266736739e-2	4.70467820937062092372722551157e-10
2.590e-04	-3.46828852357258397489120042967e-2	5.33801717307886454686793220146e-10
2.600e-04	-3.46976111782839185626935395922e-2	6.04982917522717088414403092019e-10
2.610e-04	-3.47123510358604073462877007285e-2	6.84896600690271667931710895758e-10
2.620e-04	-3.47271048580001996400584383103e-2	7.74517482539874983736422489559e-10
2.630e-04	-3.47418726948407049213563538854e-2	8.74917756798009507265393179080e-10
2.640e-04	-3.47566545971242613746361884546e-2	9.87275631786211342633953098219e-10
2.650e-04	-3.47714506162108506088797919157e-2	1.11288449730665274896529790671e-9
2.660e-04	-3.47862608040911160042081021222e-2	1.25316275812466088942834987921e-9
2.670e-04	-3.48010852133996857840502210404e-2	1.40966437189823695965597013915e-9
2.680e-04	-3.48159238974288012768299449636e-2	1.58409013034298515946320386798e-9
2.690e-04	-3.48307769101422501514610821851e-2	1.77829972407848479007880073861e-9
2.700e-04	-3.48456443061896036817765515950e-2	1.99432463266465737262432715254e-9
2.710e-04	-3.48605261409207563170458037587e-2	2.23438188266083550275162740455e-9
2.720e-04	-3.48754224704007650061274852427e-2	2.50088871775581374855149786213e-9
2.730e-04	-3.48903333514249848421130092201e-2	2.79647822620856834599884424762e-9
2.740e-04	-3.49052588415344966621349448731e-2	3.12401597199079581700996346668e-9
2.750e-04	-3.49201989990318212491235685416e-2	3.48661767712783190882261813699e-9
2.760e-04	-3.49351538829969137481527834885e-2	3.88766800378755112243325151465e-9
2.770e-04	-3.49501235533034308110831894044e-2	4.33084048566099285117958039749e-9
2.780e-04	-3.49651080706352618466821442552e-2	4.82011865910700131579574662324e-9
2.790e-04	-3.49801074965033145432587142798e-2	5.35981844538921519406090767095e-9
2.800e-04	-3.49951218932625435927128795590e-2	5.95461183611024534546427647631e-9
2.810e-04	-3.50101513241292102228720970225e-2	6.60955193463763355188966429642e-9
2.820e-04	-3.50251958531983588093278534897e-2	7.33009940691185315161073532434e-9
2.830e-04	-3.50402555454614954043760888307e-2	8.12215039552074027518092607806e-9
2.840e-04	-3.50553304668244515882580596231e-2	8.99206595130977481857134835361e-9
2.850e-04	-3.50704206841254155194514763153e-2	9.94670303706592826412993547534e-9
2.860e-04	-3.50855262651531105179436454409e-2	1.09934471579566607263147089244e-8
2.870e-04	-3.51006472786650998993082168571e-2	1.21402466734173438017931894923e-8
2.880e-04	-3.51157837944061951666176425821e-2	1.33956488450521483930437012069e-8
2.890e-04	-3.51309358831269429137934804121e-2	1.47688376748375167161923869405e-8
2.900e-04	-3.51461036166021641480713220273e-2	1.62696735874860016470594311949e-8
2.910e-04	-3.51612870676495179098516303155e-2	1.79087350102338378048524043908e-8
2.920e-04	-3.51764863101480592818582016597e-2	1.96973619025505060818092421877e-8
2.930e-04	-3.51917014190567600926156946164e-2	2.16477012873252768084512592149e-8
2.940e-04	-3.52069324704329586994834813438e-2	2.37727548339569151733695235942e-8
2.950e-04	-3.52221795414507033600040823064e-2	2.60864285424512062401176888505e-8
2.960e-04	-3.52374427104189518752161978094e-2	2.86035845761097013952065714994e-8
2.970e-04	-3.52527220567995881473533181475e-2	3.13400952886653376950328658953e-8
2.980e-04	-3.52680176612252144780452025911e-2	3.43128994897797910950630968767e-8
2.990e-04	-3.52833296055166762665407550543e-2	3.75400609906573880353667437427e-8
3.000e-04	-3.52986579727002743602604682102e-2	4.10408294691451297331182428768e-8
3.010e-04	-3.53140028470246174889204589490e-2	4.48357036910724623447698940286e-8
3.020e-04	-3.53293643139770662659153872436e-2	4.89464971217324593603968444717e-8
3.030e-04	-3.53447424602997174607188804882e-2	5.33964059583135805449855323019e-8
3.040e-04	-3.53601373740048758627555755826e-2	5.82100796107536204947812986560e-8
3.050e-04	-3.53755491443899593889586575132e-2	6.34136936549011738528582019208e-8
3.060e-04	-3.53909778620517798337934590946e-2	6.90350252780318669752614009424e-8
3.070e-04	-3.54064236189001422593914718535e-2	7.51035312326734479520909727351e-8
3.080e-04	-3.54218865081707019364684409294e-2	8.16504283103444667220046777028e-8
3.090e-04	-3.54373666244370171014181119391e-2	8.87087763422034489323175148712e-8
3.100e-04	-3.54528640636217342042650214714e-2	9.63135637287388900334787021485e-8
3.110e-04	-3.54683789230068408449869003783e-2	1.04501795495504991464915172231e-7
3.120e-04	-3.54839113012429186046771398060e-2	1.13312583866524967380643943088e-7
3.130e-04	-3.54994612983573294069601465660e-2	1.22787241341343466771915233616e-7
3.140e-04	-3.55150290157612640716228052488e-2	1.32969376255816647745738424595e-7
3.150e-04	-3.55306145562555835016385061333e-2	1.43904990800583630452316846565e-7
3.160e-04	-3.55462180240353812157174338541e-2	1.55642581464772539855232303006e-7
3.170e-04	-3.55618395246931921123712156757e-2	1.68233241865863589934523271555e-7
3.180e-04	-3.55774791652207753367293614224e-2	1.81730767919764480036692723632e-7
3.190e-04	-3.55931370540093975030138304695e-2	1.96191765298059736900872852770e-7
3.200e-04	-3.56088133008485374596208659218e-2	2.11675759112084523081336356262e-7
3.210e-04	-3.56245080169229395002602705136e-2	2.28245305755949471762140961473e-7
3.220e-04	-3.56402213148079409545237506612e-2	2.45966106832921934186159773158e-7
3.230e-04	-3.56559533084629878048159326226e-2	2.64907125081666502987202670208e-7
3.240e-04	-3.56717041132232779930657583351e-2	2.85140702210755062298426666717e-7
3.250e-04	-3.56874738457894382408618437884e-2	3.06742678541629961540160306660e-7
3.260e-04	-3.57032626242151745122367670268e-2	3.29792514351803414887591901470e-7
3.270e-04	-3.57190705678928076817413130700e-2	3.54373412801577524744510329032e-7
3.280e-04	-3.57348977975366207772872828968e-2	3.80572444318942232679761771777e-7
3.290e-04	-3.57507444351639592773051345036e-2	4.08480672308586733320771397933e-7
3.300e-04	-3.57666106040739955168469015194e-2	4.38193280042198558601277983593e-7
3.310e-04	-3.57824964288240773146156168669e-2	4.69809698578396902206609901714e-7
3.320e-04	-3.57984020352036176518752294217e-2	5.03433735551768493481978803408e-7
3.330e-04	-3.58143275502054449772736487990e-2	5.39173704661650052353076758827e-7
3.340e-04	-3.58302731019945310639686062838e-2	5.77142555682487995231567438912e-7
3.350e-04	-3.58462388198740567682581169292e-2	6.17458004808800767777034882117e-7
3.360e-04	-3.58622248342487415978158729741e-2	6.60242665139112683469726762904e-7
3.370e-04	-3.58782312765853805449627532215e-2	7.05624177094641019731692906798e-7
3.380e-04	-3.58942582793705253327895394704e-2	7.53735338560096161761796663156e-7
3.390e-04	-3.59103059760652978472348053967e-2	8.04714234525633522914661220403e-7
3.400e-04	-3.59263745010571875170273569031e-2	8.58704366001124210346856015253e-7
3.410e-04	-3.59424639896089060855569761323e-2	9.15854777965822569380035186563e-7
3.420e-04	-3.59585745778042114297808104254e-2	9.76320186109165540186487215733e-7
3.430e-04	-3.59747064024906222259518036972e-2	1.04026110211123202478187835169e-6
3.440e-04	-3.59908596012189945627863664437e-2	1.10784395720445752992186316565e-6
3.450e-04	-3.60070343121800951273988075607e-2	1.17924122375137868278216325109e-6
3.460e-04	-3.60232306741378131737977481962e-2	1.25463153456801424375369693348e-6
3.470e-04	-3.60394488263594129091985870700e-2	1.33419979971546776359154937588e-6
3.480e-04	-3.60556889085424540423974095686e-2	1.41813732047866448514590907374e-6
3.490e-04	-3.60719510607384743593862119154e-2	1.50664190024572445840058455697e-6
3.500e-04	-3.60882354232736886831841699563e-2	1.59991795199692377951798816503e-6
3.510e-04	-3.61045421366663068685049674059e-2	1.69817660211033344786737588670e-6
3.520e-04	-3.61208713415406128854748711490e-2	1.80163579018730157730808846244e-6
3.530e-04	-3.61372231785382295241729092448e-2	1.91052036459779824769368979011e-6
3.540e-04	-3.61535977882257151973191570048e-2	2.02506217344800225585958491681e-6
3.550e-04	-3.61699953109996764319767302043e-2	2.14550015066583206682934383976e-6
3.560e-04	-3.61864158869881746486412030530e-2	2.27208039690762259439332697391e-6
3.570e-04	-3.62028596559495966438670314023e-2	2.40505625498250352868420724842e-6
3.580e-04	-3.62193267571683344412622348224e-2	2.54468837949866930693793425420e-6
3.590e-04	-3.62358173293475989492467547762e-2	2.69124480043518232316817204532e-6
3.600e-04	-3.62523315104993918010786730551e-2	2.84500098034741899992267097327e-6
3.610e-04	-3.62688694378317104990377110801e-2	3.00623986491850941042269950419e-6
3.620e-04	-3.62854312476330695212557306529e-2	3.17525192657442320251360689343e-6
3.630e-04	-3.63020170751545586206867168995e-2	3.35233520088588050606951425250e-6
3.640e-04	-3.63186270544887646775695989107e-2	3.53779531549233864428071067493e-6
3.650e-04	-3.63352613184477176320230654411e-2	3.73194551127618496506401305732e-6
3.660e-04	-3.63519199984367201871209353764e-2	3.93510665555320174021216326513e-6
3.670e-04	-3.63686032243274899969565948374e-2	4.14760724701959725081724197661e-6
3.680e-04	-3.63853111243286032707099740130e-2	4.36978341223688038910929055953e-6
3.690e-04	-3.64020438248541738622715732721e-2	4.60197889343170721977363974731e-6
3.700e-04	-3.64188014503910492020934730415e-2	4.84454502740381720791587838625e-6
3.710e-04	-3.64355841233630765114222517783e-2	5.09784071536265120801681484970e-6
3.720e-04	-3.64523919639968443331653942480e-2	5.36223238348337798240543786641e-6
3.730e-04	-3.64692250901823395648146078353e-2	5.63809393407303661133648012651e-6
3.740e-04	-3.64860836173359202507832025755e-2	5.92580668714561506949524610549e-6
3.750e-04	-3.65029676582589915072057050761e-2	6.22575931233532128405179003247e-6
3.760e-04	-3.65198773230005373153961026096e-2	6.53834775096800138945980833812e-6
3.770e-04	-3.65368127187134249056033374943e-2	6.86397512829599668461406283848e-6
3.780e-04	-3.65537739495148247712698683227e-2	7.20305165573122417570659934460e-6
3.790e-04	-3.65707611163443818530950385915e-2	7.55599452308842320427683282611e-6
3.800e-04	-3.65877743168235015039281257024e-2	7.92322778077810012174210729834e-6
3.810e-04	-3.66048136451121224365408408470e-2	8.30518221198677051105295258075e-6
3.820e-04	-3.66218791917697772518701041813e-2	8.70229519478179129598146543622e-6
3.830e-04	-3.66389710436147953379240493862e-2	9.11501055425140995252691215724e-6
3.840e-04	-3.66560892835859498058054819448e-2	9.54377840469031967156624077501e-6
3.850e-04	-3.66732339906012185462471896442e-2	9.98905498199104996271039544561e-6
3.860e-04	-3.66904052394234120066947578784e-2	1.04513024662140348042805123162e-5
3.870e-04	-3.67076031005236821243125234585e-2	1.09309887945927884461344816773e-5
3.880e-04	-3.67248276399490335357966642779e-2	1.14285874650420529769981256731e-5
3.890e-04	-3.67420789191861240024776516790e-2	1.19445773304762815212399043682e-5
3.900e-04	-3.67593569950352045132226977324e-2	1.24794423839123239468124199238e-5
3.910e-04	-3.67766619194831442518670330386e-2	1.30336715347571111655787540902e-5
3.920e-04	-3.67939937395729457112171385377e-2	1.36077583765987152126612517455e-5
3.930e-04	-3.68113524972864240048311599305e-2	1.42022009464567371299184266122e-5
3.940e-04	-3.68287382294255997200326894439e-2	1.48175014760440448992151348950e-5
3.950e-04	-3.68461509674868061940027267982e-2	1.54541661355151326622149089837e-5
3.960e-04	-3.68635907375675343395029067246e-2	1.61127047691570037471049676084e-5
3.970e-04	-3.68810575602283205294855090653e-2	1.67936306251024558029650651488e-5
3.980e-04	-3.68985514504169600645813008919e-2	1.74974600770173466923673047329e-5
3.990e-04	-3.69160724173437310385698983781e-2	1.82247123407187200520971610614e-5
4.000e-04	-3.69336204643993337230339821136e-2	1.89759091839706543446883337907e-5
4.010e-04	-3.69511955890471276559471508015e-2	1.97515746315699480602244199470e-5
4.020e-04	-3.69687977827446408623309402146e-2	2.05522346647532053273478736302e-5
4.030e-04	-3.69864270308555120411440313621e-2	2.13784169163915745193229729661e-5
4.040e-04	-3.70040833125749449414164695413e-2	2.22306503618144516276649792745e-5
4.050e-04	-3.70217666008449553717923249824e-2	2.31094650064550039616135697559e-5
4.060e-04	-3.70394768622758017619771335383e-2	2.40153915703711830662456257468e-5
4.070e-04	-3.70572140571168441491528496985e-2	2.49489611686140186201076518947e-5
4.080e-04	-3.70749781391623058451182498398e-2	2.59107049917515701690593217638e-5
4.090e-04	-3.70927690556994979124053958765e-2	2.69011539836008311518836378604e-5
4.100e-04	-3.71105867474734614475609297837e-2	2.79208385173873589944137429991e-5
4.110e-04	-3.71284311486366496270186735371e-2	2.89702880720156564822390137755e-5
4.120e-04	-3.71463021867202776007165609191e-2	3.00500309076288074215132488898e-5
4.130e-04	-3.71641997825838613161211613722e-2	3.11605937427010640053018619482e-5
4.140e-04	-3.71821238503844364272980550237e-2	3.23025014316016403161144873238e-5
4.150e-04	-3.72000742975750651333442539553e-2	3.34762766425733257421630188698e-5
4.160e-04	-3.72180510248926335866341044114e-2	3.46824395382937876036154026755e-5
4.170e-04	-3.72360539263100868315802876300e-2	3.59215074609045786024067248050e-5
4.180e-04	-3.72540828890672596411485290385e-2	3.71939946166799112018495222803e-5
4.190e-04	-3.72721377936764277419397257694e-2	3.85004117654578901058844132596e-5
4.200e-04	-3.72902185139000547680955680395e-2	3.98412659157760216771041499787e-5
4.210e-04	-3.73083249167392498260355789510e-2	4.12170600244281095874335281226e-5
4.220e-04	-3.73264568625761699820209602951e-2	4.26282926926736747529184066405e-5
4.230e-04	-3.73446142049985762986389709521e-2	4.40754578855352385169897419273e-5
4.240e-04	-3.73627967910343786197129520050e-2	4.55590446343809636732552671786e-5
4.250e-04	-3.73810044610535495267780694146e-2	4.70795367646145012014121826776e-5
4.260e-04	-3.73992370488186826275172152063e-2	4.86374126221231278460238777109e-5
4.270e-04	-3.74174943816024887496292429193e-2	5.02331448024841592324123497548e-5
4.280e-04	-3.74357762801385728995952678688e-2	5.18671998983469082104083318590e-5
4.290e-04	-3.74540825587505914545003566061e-2	5.35400382434586296160891908274e-5
4.300e-04	-3.74724130254205735032685344883e-2	5.52521136685341665342083614162e-5
4.310e-04	-3.74907674817591057223712107811e-2	5.70038732728868920782678776864e-5
4.320e-04	-3.75091457232014172183980011902e-2	5.87957571889388538745523838437e-5
4.330e-04	-3.75275475389454540804190375397e-2	6.06281983744784594362697287499e-5
4.340e-04	-3.75459727121735127093035838237e-2	6.25016223932681144712201471100e-5
4.350e-04	-3.75644210200256354378826302481e-2	6.44164472238766990941995991447e-5
4.360e-04	-3.75828922336264450570599343034e-2	6.63730830751790833186409126639e-5
4.370e-04	-3.76013861184957720930284895230e-2	6.83719321793544132068745472493e-5
4.380e-04	-3.76199024341856151636118618825e-2	7.04133886595235895449906754846e-5
4.390e-04	-3.76384409346953634087447443722e-2	7.24978383427577335235620766925e-5
4.400e-04	-3.76570013685431076544253471046e-2	7.46256586112757302342358179509e-5
4.410e-04	-3.76755834786986193745873444453e-2	7.67972182776717204211484255236e-5
4.420e-04	-3.76941870029212492176945467273e-2	7.90128774332082022274847372781e-5
4.430e-04	-3.77128116736254346184647671427e-2	8.12729873508573903025437261522e-5
4.440e-04	-3.77314572182519506229258042857e-2	8.35778903501858831650509193720e-5
4.450e-04	-3.77501233591879509891404477403e-2	8.59279197165730853723022423508e-5
4.460e-04	-3.77688098137817675805398827333e-2	8.83233996234895932151717472178e-5
4.470e-04	-3.77875162950282478942726425224e-2	9.07646449924974799829295537578e-5
4.480e-04	-3.78062425108847759479830266736e-2	9.32519615100079981869535811731e-5
4.490e-04	-3.78249881649560072925369076661e-2	9.57856455080133984735903050607e-5
4.500e-04	-3.78437529565647483929848703481e-2	9.83659839189582417133062626550e-5
4.510e-04	-3.78625365806901880101876132298e-2	1.00993254257442359662056747407e-4
4.520e-04	-3.78813387280695871911795041988e-2	1.03667724594473417476901673196e-4
4.530e-04	-3.79001590856565590028716824353e-2	1.06389653496621944605213434826e-4
4.540e-04	-3.79189973363073285194485278237e-2	1.09159290069190814087499778126e-4
4.550e-04	-3.79378531593789577317334038118e-2	1.11976873895323163496374124473e-4
4.560e-04	-3.79567262303689683330178516583e-2	1.14842635105887884073454048106e-4
4.570e-04	-3.79756162215648526982159222505e-2	1.17756794327119741011125123448e-4
4.580e-04	-3.79945228017859759062246706165e-2	1.20719562755900077322592527408e-4
4.590e-04	-3.80134456364804755330425776399e-2	1.23731142199049401160601729710e-4
4.600e-04	-3.80323843881568232421709914946e-2	1.26791725072245534766931791524e-4
4.610e-04	-3.80513387165548067423118704393e-2	1.29901494440526184834947735787e-4
4.620e-04	-3.80703082784476898615161334118e-2	1.33060624121985784677735314091e-4
4.630e-04	-3.80892927279277926174268164932e-2	1.36269278729331300542914541644e-4
4.640e-04	-3.81082917161271859108497241485e-2	1.39527613805497535278253881509e-4
4.650e-04	-3.81273048927555025755776711032e-2	1.42835775679002691829037674349e-4
4.660e-04	-3.81463319042243301157114105828e-2	1.46193901863575262739902001420e-4
4.670e-04	-3.81653723954096690932611630615e-2	1.49602120888761009533518945496e-4
4.680e-04	-3.81844260087024700465003504582e-2	1.53060552570941847206717071008e-4
4.690e-04	-3.82034923850582755831410982453e-2	1.56569307960894167079766821904e-4
4.700e-04	-3.82225711631564018093169573466e-2	1.60128489615447649064136014108e-4
4.710e-04	-3.82416619805351208655593834151e-2	1.63738191534495991417177387494e-4
4.720e-04	-3.82607644729518345346308715876e-2	1.67398499410570735237147002739e-4
4.730e-04	-3.82798782744427414658451540934e-2	1.71109490766242297395596040924e-4
4.740e-04	-3.82990030183403028685553795317e-2	1.74871234913676152043409763633e-4
4.750e-04	-3.83181383361830182902396120118e-2	1.78683793310130139500987446102e-4
4.760e-04	-3.83372838590936642295132089251e-2	1.82547219452434812266224469713e-4
4.770e-04	-3.83564392169420618424312341444e-2	1.86461559195258473546201072020e-4
4.780e-04	-3.83756040383840366145118101450e-2	1.90426850912100918592107996275e-4
4.790e-04	-3.83947779520856094890894141314e-2	1.94443125413642565959098133311e-4
4.800e-04	-3.84139605857491523082818175543e-2	1.98510406310749301599067525062e-4
4.810e-04	-3.84331515661384028224970254333e-2	2.02628710186945070120386723464e-4
4.820e-04	-3.84523505204451472486020854353e-2	2.06798046481021972693793804722e-4
4.830e-04	-3.84715570746945482279704526145e-2	2.11018418002728525231729188320e-4
4.840e-04	-3.84907708556136669339756402671e-2	2.15289820703606822983618228263e-4
4.850e-04	-3.85099914893965954371164597611e-2	2.19612244123041244982448677364e-4
4.860e-04	-3.85292186017039735127515434477e-2	2.23985671575926436547114635630e-4
4.870e-04	-3.85484518193020204407567233221e-2	2.28410079955287392525230850539e-4
4.880e-04	-3.85676907680769233053589260394e-2	2.32885440372224050767253228640e-4
4.890e-04	-3.85869350752848851787981446006e-2	2.37411717808435553999089014867e-4
4.900e-04	-3.86061843680103171290504305984e-2	2.41988871659735106614007162960e-4
4.910e-04	-3.86254382737798600466039579992e-2	2.46616855773496821017520127298e-4
4.920e-04	-3.86446964199775988034730676527e-2	2.51295618779405754379010036759e-4
4.930e-04	-3.86639584358760224015739532180e-2	2.56025103758302454692790933309e-4
4.940e-04	-3.86832239500928134149583344407e-2	2.60805249065927029678914748081e-4
4.950e-04	-3.87024925933884017102780092958e-2	2.65635987794000682086861037235e-4
4.960e-04	-3.87217639966877994999083919821e-2	2.70517248456814821291449985316e-4
4.970e-04	-3.87410377910157622316265005107e-2	2.75448955199291990208930906673e-4
4.980e-04	-3.87603136099161848953818789407e-2	2.80431027318440243817618719892e-4
4.990e-04	-3.87795910872250230595826405178e-2	2.85463380034999350533277790098e-4
5.000e-04	-3.87988698569862188398630069241e-2	2.90545924705081900240708185703e-4
5.010e-04	-3.88181495561341604409453517738e-2	2.95678568235594340180960340612e-4
5.020e-04	-3.88374298219954439832669625513e-2	3.00861213951713056170141569648e-4
5.030e-04	-3.88567102921849128918711753194e-2	3.06093761811699223060506342118e-4
5.040e-04	-3.88759906075755275671422850945e-2	3.11376107701808666466371444578e-4
5.050e-04	-3.88952704095053208798492121174e-2	3.16708144411784713305974189203e-4
5.060e-04	-3.89145493396529196770301697152e-2	3.22089761852667213016455673836e-4
5.070e-04	-3.89338270433207338728532054539e-2	3.27520846215561279721256281529e-4
5.080e-04	-3.89531031663219956565400162215e-2	3.33001281068820541507099746762e-4
5.090e-04	-3.89723773548351424851269631804e-2	3.38530947578888655336056097322e-4
5.100e-04	-3.89916492602903137053482388737e-2	3.44109723108508189899454953474e-4
5.110e-04	-3.90109185295974709426881914943e-2	3.49737484488536447579925623675e-4
5.120e-04	-3.90301848189523363864799013447e-2	3.55414103720885496633732703021e-4
5.130e-04	-3.90494477798561342800167030653e-2	3.61139452651303175022310485159e-4
5.140e-04	-3.90687070695520108870594368446e-2	3.66913399704821986785868130074e-4
5.150e-04	-3.90879623443105239840275435287e-2	3.72735812245064698181203085990e-4
5.160e-04	-3.91072132651293657734242150581e-2	3.78606554791588012970626631495e-4
5.170e-04	-3.91264594934945579669589551955e-2	3.84525490580099829344266619154e-4
5.180e-04	-3.91457006928026964288842866217e-2	3.90492481216100073477950362826e-4
5.190e-04	-3.91649365267011743262182775176e-2	3.96507387395531399024222986282e-4
5.200e-04	-3.91841666640683394989098317174e-2	4.02570067260623256834146525425e-4
5.210e-04	-3.92033907741858572775477466810e-2	4.08680378221863088677709101522e-4
5.220e-04	-3.92226085264942845784209866491e-2	4.14838177197183666226644410082e-4
5.230e-04	-3.92418195960527894515253533426e-2	4.21043318724857821031488105523e-4
5.240e-04	-3.92610236582306227576688602421e-2	4.27295657008154721409426751978e-4
5.250e-04	-3.92802203904656508711159810747e-2	4.33595045388176372305690159959e-4
5.260e-04	-3.92994094701919123060082825271e-2	4.39941337247990035481491284189e-4
5.270e-04	-3.93185905809962583437546864241e-2	4.46334383762061770408854314794e-4
5.280e-04	-3.93377634066127772415907486625e-2	4.52774036276706171054961147213e-4
5.290e-04	-3.93569276306199435253583394599e-2	4.59260146565985605649830731899e-4
5.300e-04	-3.93760829431655606398031966499e-2	4.65792564276418056395277986719e-4
5.310e-04	-3.93952290343940723992050759838e-2	4.72371139591073108924672068796e-4
5.320e-04	-3.94143655941173780346418517021e-2	4.78995723494710831331500545371e-4
5.330e-04	-3.94334923217122574115282983321e-2	4.85666163827223300428712602736e-4
5.340e-04	-3.94526089087629392021198929913e-2	4.92382312447152680947981843730e-4
5.350e-04	-3.94717150538615330996983105859e-2	4.99144019288174680660724023977e-4
5.360e-04	-3.94908104633526477865777758436e-2	5.05951132027024480228198247259e-4
5.370e-04	-3.95098948349139769594952450710e-2	5.12803503075628741317589168851e-4
5.380e-04	-3.95289678766253499850877893017e-2	5.19700981630953774840269011850e-4
5.390e-04	-3.95480292930125654020455344249e-2	5.26643419664882063940473643327e-4
5.400e-04	-3.95670787966886638572092354476e-2	5.33630666986240181230092541222e-4
5.410e-04	-3.95861161027918489846976700335e-2	5.40662573657126313685176989015e-4
5.420e-04	-3.96051409158394226670020047469e-2	5.47738995927597357372746959701e-4
5.430e-04	-3.96241529617538341544659601077e-2	5.54859782096265790436794843169e-4
5.440e-04	-3.96431519523597503651477941965e-2	5.62024788347817789715529048410e-4
5.450e-04	-3.96621376116246106231939756837e-2	5.69233867082949322070821680126e-4
5.460e-04	-3.96811096624032699094737667104e-2	5.76486872911013375403733455937e-4
5.470e-04	-3.97000678259643863963671232564e-2	5.83783662984118662257698977778e-4
5.480e-04	-3.97190118330642385666369769204e-2	5.91124091909184744446220226314e-4
5.490e-04	-3.97379414130544529536414203954e-2	5.98508016817152902204817749321e-4
5.500e-04	-3.97568562974413572470890849209e-2	6.05935295773516065419784954240e-4
5.510e-04	-3.97757562198785414320168092994e-2	6.13405787823066643176874225160e-4
5.520e-04	-3.97946409118801144479716297564e-2	6.20919355110166178693155671005e-4
5.530e-04	-3.98135101154279575658910298340e-2	6.28475856828354045686266147485e-4
5.540e-04	-3.98323635660591572925948308113e-2	6.36075157436412038453740041884e-4
5.550e-04	-3.98512010148122653114465091724e-2	6.43717115949614764571142476891e-4
5.560e-04	-3.98700221968172094382855319509e-2	6.51401601442613898555665336823e-4
5.570e-04	-3.98888268629116058467890732020e-2	6.59128477471668592210813876276e-4
5.580e-04	-3.99076147615115176536389389912e-2	6.66897611057923687783030221409e-4
5.590e-04	-3.99263856380038715832949886845e-2	6.74708873108803820370582207619e-4
5.600e-04	-3.99451392497747068599168092275e-2	6.82562130788641001493551784407e-4
5.610e-04	-3.99638753514020455190100820863e-2	6.90457255045138169628300232322e-4
5.620e-04	-3.99825936994953639715827821275e-2	6.98394118189441324811428583957e-4
5.630e-04	-4.00012940526825941987217268603e-2	7.06372593922131124567199868983e-4
5.640e-04	-4.00199761658434963232342542635e-2	7.14392560409733472567779524302e-4
5.650e-04	-4.00386398070786662401652751036e-2	7.22453891343100260285576191529e-4
5.660e-04	-4.00572847409825238899183067201e-2	7.30556464741014486400360723345e-4
5.670e-04	-4.00759107279354579569826746059e-2	7.38700163447831612034963209844e-4
5.680e-04	-4.00945175423279071764935905036e-2	7.46884865323504872060116095047e-4
5.690e-04	-4.01131049610652102575435856224e-2	7.55110449341870495066457635127e-4
5.700e-04	-4.01316727370792327701360242367e-2	7.63376810223037097563668908669e-4
5.710e-04	-4.01502206640439249838478530738e-2	7.71683822925618776651260336602e-4
5.720e-04	-4.01687485046918476199928695113e-2	7.80031382068925554769009895106e-4
5.730e-04	-4.01872560507529619487251004647e-2	7.88419368769613176126123661817e-4
5.740e-04	-4.02057430680590048226760826100e-2	7.96847681276619810864341735955e-4
5.750e-04	-4.02242093378249500882087358556e-2	8.05316211923453628803046268054e-4
5.760e-04	-4.02426546582652920043946365147e-2	8.13824845958875604639786814687e-4
5.770e-04	-4.02610787996886347156584105098e-2	8.22373487215807450003911666825e-4
5.780e-04	-4.02794815566429507933329277013e-2	8.30962028335600951143181110730e-4
5.790e-04	-4.02978627180245607236350355393e-2	8.39590367845729618290146090795e-4
5.800e-04	-4.03162220744885881739659593084e-2	8.48258405930817975150892714556e-4
5.810e-04	-4.03345594099450827493622169436e-2	8.56966049462342787070936916799e-4
5.820e-04	-4.03528745266286965113191912483e-2	8.65713197220530683119341182026e-4
5.830e-04	-4.03711672203608972198538008318e-2	8.74499754411180978727619182335e-4
5.840e-04	-4.03894372886545047180797077195e-2	8.83325627921921565909644246624e-4
5.850e-04	-4.04076845214395291097213788466e-2	8.92190731933990743448040170400e-4
5.860e-04	-4.04259087378741942581505897821e-2	9.01094965650478113199313086360e-4
5.870e-04	-4.04441097217213840126525559559e-2	9.10038252403903505611109873771e-4
5.880e-04	-4.04622872863358889941094111710e-2	9.19020500249008177720113624506e-4
5.890e-04	-4.04804412273405220244551536737e-2	9.28041630790552922535692440560e-4
5.900e-04	-4.04985713719739860908798339292e-2	9.37101548764758576938188772575e-4
5.910e-04	-4.05166775087168209776138521227e-2	9.46200185595060239585280857353e-4
5.920e-04	-4.05347594580564755036047404057e-2	9.55337455504944968737406570113e-4
5.930e-04	-4.05528170319366356248165252599e-2	9.64513280662785444866790491906e-4
5.940e-04	-4.05708500438205960859907526214e-2	9.73727584936006155190824024974e-4
5.950e-04	-4.05888582972521705864873093188e-2	9.82980301197947441322159686576e-4
5.960e-04	-4.06068416196313209515408557315e-2	9.92271349782586790254098953753e-4
5.970e-04	-4.06247998288658435386439164292e-2	1.00160065965722765941188812532e-3
5.980e-04	-4.06427327443143550936608517647e-2	1.01096816148112895094459107368e-3
5.990e-04	-4.06606401867692073312643053253e-2	1.02037378760266804517920672233e-3
6.000e-04	-4.06785219657960739869418433096e-2	1.02981748035540852347889862358e-3
6.010e-04	-4.06963779300345265456979552474e-2	1.03929915906771879650287538157e-3
6.020e-04	-4.07142078789250881734225542718e-2	1.04881877795205976489325103113e-3
6.030e-04	-4.07320116514562805406234606410e-2	1.05837626779117667465451703387e-3
6.040e-04	-4.07497890616296403534353386692e-2	1.06797157850352650726663990410e-3
6.050e-04	-4.07675399655834323385510721425e-2	1.07760463440084603432747722808e-3
6.060e-04	-4.07852641659928223269176178250e-2	1.08727539812989270585813889606e-3
6.070e-04	-4.08029615081773030861818982741e-2	1.09698380626962272509187692479e-3
6.080e-04	-4.08206318250457709833972324613e-2	1.10672980621487555212794158303e-3
6.090e-04	-4.08382749507724058579644659158e-2	1.11651334700409191274717692466e-3
6.100e-04	-4.08558907053868263866266487819e-2	1.12633438991378886877517701795e-3
6.110e-04	-4.08734789403400012849063077491e-2	1.13619287716146241247535081741e-3
6.120e-04	-4.08910394934900829740322109684e-2	1.14608876269373006213516946660e-3
6.130e-04	-4.09085722038949764075565356550e-2	1.15602200207572867852365532555e-3
6.140e-04	-4.09260769117962098837308474526e-2	1.16599255248432128859512082769e-3
6.150e-04	-4.09435534586028927236551343693e-2	1.17600037270114233868558536074e-3
6.160e-04	-4.09610016696184927896632971556e-2	1.18604543531266432161989831197e-3
6.170e-04	-4.09784214051424752680047382476e-2	1.19612769065243418847697280060e-3
6.180e-04	-4.09958125099768892354259478266e-2	1.20624710228886816346259641721e-3
6.190e-04	-4.10131748300278912917227294877e-2	1.21640363536620443910576242200e-3
6.200e-04	-4.10305082122901624707969147612e-2	1.22659725659689750103709224504e-3
6.210e-04	-4.10478124858879578405143628095e-2	1.23682794794271879843144028455e-3
6.220e-04	-4.10650875374815245166843276716e-2	1.24709565216422162482368813460e-3
6.230e-04	-4.10823331789889076510853721550e-2	1.25740036833355107961581284449e-3
6.240e-04	-4.10995492805329971805493768377e-2	1.26774205568622650430817681135e-3
6.250e-04	-4.11167356739204730067961218709e-2	1.27812070364985939374609970302e-3
6.260e-04	-4.11338922527353623586025478491e-2	1.28853625858629280587140996184e-3
6.270e-04	-4.11510188299940119602070930777e-2	1.29898872827911491549456745973e-3
6.280e-04	-4.11681153027240465536143552792e-2	1.30947806076428728190751523215e-3
6.290e-04	-4.11851814843452921490362207193e-2	1.32000426819423386436852842476e-3
6.300e-04	-4.12022172306984687149419965644e-2	1.33056733362639714958990907298e-3
6.310e-04	-4.12192224439321934875925610770e-2	1.34116720747437631895209019278e-3
6.320e-04	-4.12361969609777498204304402376e-2	1.35180389103950279932610169024e-3
6.330e-04	-4.12531406180438686768043208852e-2	1.36247738856561787116984288986e-3
6.340e-04	-4.12700532984406563764129761350e-2	1.37318767085778974105013739647e-3
6.350e-04	-4.12869348636354168256583773820e-2	1.38393472724888352297063199894e-3
6.360e-04	-4.13037851759477016708384681121e-2	1.39471854851069578868936261129e-3
6.370e-04	-4.13206040985354751695443977767e-2	1.40553912684563459245106939715e-3
6.380e-04	-4.13373914696967594037032712639e-2	1.41639647570851918250098877389e-3
6.390e-04	-4.13541472051454499842433429440e-2	1.42729055089757742704898968982e-3
6.400e-04	-4.13708711186413950961590110355e-2	1.43822138895173591454636831922e-3
6.410e-04	-4.13875631022258096472094585237e-2	1.44918896790410703807647762077e-3
6.420e-04	-4.14042230230258451381325733548e-2	1.46019328700755028040403097276e-3
6.430e-04	-4.14208507209297499814049248209e-2	1.47123436889876649539025201284e-3
6.440e-04	-4.14374461200773200190088006737e-2	1.48231217203684313390802236864e-3
6.450e-04	-4.14540090333406800048853565769e-2	1.49342674427113165248990715959e-3
6.460e-04	-4.14705393882367235311730758469e-2	1.50457804495736919359863218482e-3
6.470e-04	-4.14870369971072873106670142535e-2	1.51576612650766159020402842148e-3
6.480e-04	-4.15035017299021899975457202070e-2	1.52699099780441207900198505739e-3
6.490e-04	-4.15199335191888318313519646102e-2	1.53825261939754141374782386427e-3
6.500e-04	-4.15363322078069889339086165972e-2	1.54955102526475810454145456357e-3
6.510e-04	-4.15526976371732143067702824086e-2	1.56088625269910125686703589826e-3
6.520e-04	-4.15690297123577182332071041800e-2	1.57225828960063589781364618400e-3
6.530e-04	-4.15853283080719373031653931750e-2	1.58366715002911008244623017622e-3
6.540e-04	-4.16015932996456788599960908497e-2	1.59511284933992261598804627188e-3
6.550e-04	-4.16178245630151420580917393043e-2	1.60659540417663894707491899612e-3
6.560e-04	-4.16340219747110373076631948380e-2	1.61811483246358223333925319961e-3
6.570e-04	-4.16501853764666181986104021732e-2	1.62967118251647821533013317947e-3
6.580e-04	-4.16663147161445391753787706274e-2	1.64126441713442374145530254987e-3
6.590e-04	-4.16824098006298284461423307446e-2	1.65289461686602674219139062125e-3
6.600e-04	-4.16984705440712530786256316882e-2	1.66456177559518560980716700715e-3
6.610e-04	-4.17144968257736207413663217799e-2	1.67626591756912353800781711846e-3
6.620e-04	-4.17304884871927131881665725557e-2	1.68800710034143928629439080550e-3
6.630e-04	-4.17464454847972988203727480928e-2	1.69978528711116672649056864650e-3
6.640e-04	-4.17623676220456186825978937636e-2	1.71160057059382004847891342009e-3
6.650e-04	-4.17782548186244450973278991299e-2	1.72345294791069854802118120313e-3
6.660e-04	-4.17941069972433722192866551009e-2	1.73534241486472074236108395519e-3
6.670e-04	-4.18099239589885376725441812870e-2	1.74726907160284741035546745954e-3
6.680e-04	-4.18257055846107292942555430788e-2	1.75923295290318015021825409863e-3
6.690e-04	-4.18414518410822050731585984966e-2	1.77123402159689881001158907537e-3
6.700e-04	-4.18571625704359496573909589592e-2	1.78327234812641289254492999214e-3
6.710e-04	-4.18728376124174508336197976962e-2	1.79534800684567757308023067077e-3
6.720e-04	-4.18884768943619201348887626915e-2	1.80746099872866203600982866592e-3
6.730e-04	-4.19040803010977838986922935462e-2	1.81961136251907362836099382150e-3
6.740e-04	-4.19196477178488260572155425992e-2	1.83179913812459572845689035267e-3
6.750e-04	-4.19351790302239953185707388926e-2	1.84402436661127125015899787268e-3
6.760e-04	-4.19506741242072918648123884339e-2	1.85628709019799318064854190790e-3
6.770e-04	-4.19661328375125197467751907439e-2	1.86858739465569334202806022812e-3
6.780e-04	-4.19815551039633559071101199064e-2	1.88092528363909872743137441704e-3
6.790e-04	-4.19969408607419946607670637116e-2	1.89330075885983651190427578693e-3
6.800e-04	-4.20122898956579431089619094731e-2	1.90571395426707799208561387924e-3
6.810e-04	-4.20276021457855311327856892536e-2	1.91816487461966015679905127401e-3
6.820e-04	-4.20428774991209441606715478837e-2	1.93065356897965968773848798535e-3
6.830e-04	-4.20581157906331881796923069484e-2	1.94318013476169290843365525748e-3
6.840e-04	-4.20733170147691222388330528236e-2	1.95574452963634289928758507689e-3
6.850e-04	-4.20884809529078858814351012194e-2	1.96834690134736174297597305495e-3
6.860e-04	-4.21036075475145185044338167781e-2	1.98098725620384744633819034711e-3
6.870e-04	-4.21186967446609886252471839653e-2	1.99366559815110159852669911595e-3
6.880e-04	-4.21337482639889209617548890810e-2	2.00638213502760193615693755486e-3
6.890e-04	-4.21487621654227271022889012457e-2	2.01913677156948611009546101876e-3
6.900e-04	-4.21637382824381543414499949897e-2	2.03192961639813364498501443572e-3
6.910e-04	-4.21786765054143811414745565898e-2	2.04476072852063141516982585330e-3
6.920e-04	-4.21935766638618292045747920142e-2	2.05763022334580004503226267399e-3
6.930e-04	-4.22084387078508027101293192355e-2	2.07053810864826051829467853768e-3
6.940e-04	-4.22232625913054387800465949353e-2	2.08348438944404230251545169764e-3
6.950e-04	-4.22380480804682161800214216740e-2	2.09646924262300719035576216146e-3
6.960e-04	-4.22527951287147565489523746051e-2	2.10949267632002765432834323825e-3
6.970e-04	-4.22675035617895798815676552340e-2	2.12255481630749608303651531387e-3
6.980e-04	-4.22821734020266688404227741134e-2	2.13565560959691987643484104061e-3
6.990e-04	-4.22968044764645960706624442792e-2	2.14879518306157890038241241650e-3
7.000e-04	-4.23113966083593132220566629761e-2	2.16197366880488046672179821510e-3
7.010e-04	-4.23259497566176274748277153781e-2	2.17519107526887687310107354461e-3
7.020e-04	-4.23404638135043517324598882628e-2	2.18844747326994830550501764623e-3
7.030e-04	-4.23549386714100634656160011509e-2	2.20174293467471433169117291104e-3
7.040e-04	-4.23693742228427286775625220400e-2	2.21507753239785508683295819130e-3
7.050e-04	-4.23837703604193714499153011157e-2	2.22845134040005876624271965615e-3
7.060e-04	-4.23981269768577878470621993767e-2	2.24186443368609593637719721106e-3
7.070e-04	-4.24124438888202619046065056141e-2	2.25531695963646388107277920264e-3
7.080e-04	-4.24267210631346665351804664124e-2	2.26880892638910681539809971764e-3
7.090e-04	-4.24409584711098080413064264556e-2	2.28234033838427431206906965941e-3
7.100e-04	-4.24551558501218418674589400946e-2	2.29591142108167472692733746713e-3
7.110e-04	-4.24693131704844500406092517330e-2	2.30952218220624802546320870047e-3
7.120e-04	-4.24834303253060776895650103247e-2	2.32317270304527117609484554336e-3
7.130e-04	-4.24975071247325705936003026966e-2	2.33686314466206290825233700045e-3
7.140e-04	-4.25115436267704777059210457782e-2	2.35059343422523664187451727615e-3
7.150e-04	-4.25255396428061019404108174697e-2	2.36436373358881948742268672480e-3
7.160e-04	-4.25394949794442293474378233187e-2	2.37817421085498991289890184401e-3
7.170e-04	-4.25534096140838699088560091701e-2	2.39202487249721597689511012227e-3
7.180e-04	-4.25672834399288909295464239549e-2	2.40591580605711925226883545214e-3
7.190e-04	-4.25811163501783593706396883177e-2	2.41984710010886027348771910693e-3
7.200e-04	-4.25949082380187276381618707465e-2	2.43381884425906981891997369361e-3
7.210e-04	-4.26086589966160446589265246819e-2	2.44783112914691598246568317829e-3
7.220e-04	-4.26223685191081909516775768697e-2	2.46188404644430771390581486481e-3
7.230e-04	-4.26360366029716029799219471301e-2	2.47597778138198693512210661725e-3
7.240e-04	-4.26496633311678666858030594791e-2	2.49011224412996190229011510786e-3
7.250e-04	-4.26632484040697505376719854280e-2	2.50428771603788286922172104648e-3
7.260e-04	-4.26767918102013433195616665531e-2	2.51850420044802663568052754435e-3
7.270e-04	-4.26902934423937936480975760102e-2	2.53276179426518820615476568240e-3
7.280e-04	-4.27037531934031844348045647527e-2	2.54706059543198069129434756288e-3
7.290e-04	-4.27171709559028885501906768308e-2	2.56140070293002860269144370647e-3
7.300e-04	-4.27305466224759377611898635239e-2	2.57578221678130397503317682117e-3
7.310e-04	-4.27438800856074035900115989599e-2	2.59020523804960618367330872914e-3
7.320e-04	-4.27571711292920042710166816109e-2	2.60466997547668047614070705979e-3
7.330e-04	-4.27704197511689303645382416253e-2	2.61917642893109168696365508677e-3
7.340e-04	-4.27836259547475227352027392147e-2	2.63372459266851948286663573785e-3
7.350e-04	-4.27967894106978826532454381165e-2	2.64831479030470499951245050242e-3
7.360e-04	-4.28099101207379627935056274628e-2	2.66294701989687654198039580848e-3
7.370e-04	-4.28229879765490425441961999471e-2	2.67762138886847071471385356042e-3
7.380e-04	-4.28360228696604856601896788846e-2	2.69233800570029292731221936932e-3
7.390e-04	-4.28490145721163579275641247048e-2	2.70709709878192817048886515826e-3
7.400e-04	-4.28619632121321556226954148015e-2	2.72189854285773554960670023029e-3
7.410e-04	-4.28748685630294420215886551268e-2	2.73674256663208836088750881709e-3
7.420e-04	-4.28877303913487359880894884877e-2	2.75162940728318138848453296658e-3
7.430e-04	-4.29005487086503548336118314139e-2	2.76655905800937997114501901822e-3
7.440e-04	-4.29133234053315713997106309648e-2	2.78153163377279698572580818834e-3
7.450e-04	-4.29260543715836547842969174264e-2	2.79654725061611062810020023491e-3
7.460e-04	-4.29387414973842340118658333361e-2	2.81160602566635864507303617196e-3
7.470e-04	-4.29513846724896502649355631850e-2	2.82670807713889462502610943093e-3
7.480e-04	-4.29639837864272961395264418428e-2	2.84185352434150774741434844042e-3
7.490e-04	-4.29765387284879403733672684874e-2	2.85704248767870742928683023076e-3
7.500e-04	-4.29890492492082844804546837740e-2	2.87227522914004247954040359342e-3
7.510e-04	-4.30015153721447359328332556241e-2	2.88755173510629725891374874311e-3
7.520e-04	-4.30139371280489684295743440739e-2	2.90287198461347074032960432065e-3
7.530e-04	-4.30263141224729353862862805451e-2	2.91823638993691637634949925916e-3
7.540e-04	-4.30386463837253648991375932328e-2	2.93364493450756956459006684840e-3
7.550e-04	-4.30509337994451619081025489778e-2	2.94909774549626344883076286408e-3
7.560e-04	-4.30631762569792780009912585748e-2	2.96459495120666142825118325493e-3
7.570e-04	-4.30753736433748458101668653912e-2	2.98013668108093924870654204613e-3
7.580e-04	-4.30875256912115302573379693928e-2	2.99572322401385759253235510272e-3
7.590e-04	-4.30996325931699478755649780941e-2	3.01135439748583677614148879314e-3
7.600e-04	-4.31116939249142851921501301196e-2	3.02703065343259030448634618461e-3
7.610e-04	-4.31237098867294117964143828263e-2	3.04275180220582890954890180799e-3
7.620e-04	-4.31356800452480833919361810990e-2	3.05851830764752065827842192327e-3
7.630e-04	-4.31476044437891773308294456839e-2	3.07433014319251014185020336388e-3
7.640e-04	-4.31594829670002389899517747005e-2	3.09018744652389671607412263344e-3
7.650e-04	-4.31713154991636619445268519745e-2	3.10609035651694679483134789736e-3
7.660e-04	-4.31831019241884741095462555804e-2	3.12203901324649367574638167657e-3
7.670e-04	-4.31948421256020777382348293408e-2	3.13803355799453666245276101250e-3
7.680e-04	-4.32065358105684770552285961026e-2	3.15407431663038982083255285345e-3
7.690e-04	-4.32181832114464083182826062907e-2	3.17016106881719437055177907522e-3
7.700e-04	-4.32297838562332377085555422007e-2	3.18629432901337969631506572737e-3
7.710e-04	-4.32413379857854041593738376124e-2	3.20247386859083721888679259941e-3
7.720e-04	-4.32528451178281440706367776634e-2	3.21870021539965266724688817773e-3
7.730e-04	-4.32643053139975123506381104816e-2	3.23497332945558972175326088347e-3
7.740e-04	-4.32757184548259966924450619925e-2	3.25129336083065575830745585932e-3
7.750e-04	-4.32870844203951062629364816618e-2	3.26766046087407060180265101953e-3
7.760e-04	-4.32984030903265836418424140138e-2	3.28407478222180280797909373903e-3
7.770e-04	-4.33096743437735495405595689173e-2	3.30053647880633228819088539778e-3
7.780e-04	-4.33208980594115780514957260310e-2	3.31704570586664230936133619081e-3
7.790e-04	-4.33320739122156859850787889223e-2	3.33360283493208685985155337466e-3
7.800e-04	-4.33432021836497185705821450686e-2	3.35020759703740129780269460467e-3
7.810e-04	-4.33542823417470583582909747483e-2	3.36686058453579560857471170836e-3
7.820e-04	-4.33653144662999835719789483888e-2	3.38356174314395913530632247555e-3
7.830e-04	-4.33762984333619371515018979689e-2	3.40031123491422717504456512075e-3
7.840e-04	-4.33872343353009082905001271272e-2	3.41710899237363387436897632581e-3
7.850e-04	-4.33981216162215820111850708040e-2	3.43395563882085612071346658533e-3
7.860e-04	-4.34089601420657330985043381969e-2	3.45085135039370792544591221549e-3
7.870e-04	-4.34197502288704045475560084828e-2	3.46779582298261118500622835843e-3
7.880e-04	-4.34304915302463490895421566375e-2	3.48478945983574469850289278894e-3
7.890e-04	-4.34411839188972183483812900393e-2	3.50183243142733648744575411196e-3
7.900e-04	-4.34518270326024002365937219655e-2	3.51892516109142829805552991870e-3
7.910e-04	-4.34624212084976221864225013991e-2	3.53606732295925969687010521061e-3
7.920e-04	-4.34729658456993093465729721001e-2	3.55325959838424512013479146966e-3
7.930e-04	-4.34834610487007338635790212928e-2	3.57050191243965878389025467577e-3
7.940e-04	-4.34939066870281589219124983336e-2	3.58779444311592561695715046786e-3
7.950e-04	-4.35043026295619058128528848902e-2	3.60513736992307373828065499480e-3
7.960e-04	-4.35146487445256858275104233043e-2	3.62253087390555219395306829060e-3
7.970e-04	-4.35249448994758107004864604023e-2	3.63997513765735366792510912193e-3
7.980e-04	-4.35351909612902783915902957860e-2	3.65747034533744710135519433903e-3
7.990e-04	-4.35453867961577309304942623656e-2	3.67501668268552527499080355109e-3
8.000e-04	-4.35555320031078370651143464517e-2	3.69261462638747584909870985684e-3
8.010e-04	-4.35656269764051490952471376629e-2	3.71026379076017322643133059462e-3
8.020e-04	-4.35756710436663628119519090573e-2	3.72796494926130331792251906546e-3
8.030e-04	-4.35856646114279930797948235388e-2	3.74571770320364690257076410288e-3
8.040e-04	-4.35956069919258124788823997503e-2	3.76352284585129488396082305313e-3
8.050e-04	-4.36054983202090185387577602735e-2	3.78138027539794756152720376571e-3
8.060e-04	-4.36153384571888934062546303740e-2	3.79929018928300299148723488910e-3
8.070e-04	-4.36251272629918394483602313904e-2	3.81725278666740312079008570830e-3
8.080e-04	-4.36348645969469889122037646802e-2	3.83526826845251713759033783699e-3
8.090e-04	-4.36445503175736482738074890933e-2	3.85333683729939871783274020318e-3
8.100e-04	-4.36541842825685731662484304092e-2	3.87145869764842378161334401453e-3
8.110e-04	-4.36637660421731567535406919716e-2	3.88963439289545212435810112136e-3
8.120e-04	-4.36732960617182462482928064533e-2	3.90786346147667273939160980513e-3
8.130e-04	-4.36827735790885866298226271343e-2	3.92614679242474102943076593590e-3
8.140e-04	-4.36921990735832284027881813251e-2	3.94448390910247373994801768811e-3
8.150e-04	-4.37015717654224459436287599026e-2	3.96287572331160951202183520724e-3
8.160e-04	-4.37108918214622382940534263389e-2	3.98132210418717559405927628415e-3
8.170e-04	-4.37201594240342567580593661151e-2	3.99982290314503157666639439794e-3
8.180e-04	-4.37293737660166202190049897079e-2	4.01837906724751909973056910390e-3
8.190e-04	-4.37385350236842769888855515751e-2	4.03699045685205076659028345341e-3
8.200e-04	-4.37476427018593348960293001095e-2	4.05565767724101904003108828167e-3
8.210e-04	-4.37566973312544031568128553096e-2	4.07438019596349980395092133714e-3
8.220e-04	-4.37656984190505937101178023059e-2	4.09315861717298384441700529891e-3
8.230e-04	-4.37746458108409863196150985073e-2	4.11199317062823914567384161556e-3
8.240e-04	-4.37835389895778637047718515572e-2	4.13088449138977240063132475502e-3
8.250e-04	-4.37923785174235007618120598982e-2	4.14983201260018495472712229955e-3
8.260e-04	-4.38011635088924401972907166309e-2	4.16883678251273371829358490562e-3
8.270e-04	-4.38098941668315324453449518656e-2	4.18789863647430815508359529311e-3
8.280e-04	-4.38185707117762565966371639997e-2	4.20701738936065737797252160908e-3
8.290e-04	-4.38271922268040390740802729332e-2	4.22619413008622804372882242359e-3
8.300e-04	-4.38357589254319248026645684130e-2	4.24542868382591998813386076237e-3
8.310e-04	-4.38442706444201978443505701064e-2	4.26472129815672805358160853179e-3
8.320e-04	-4.38527272193677145814647816941e-2	4.28407222298765940219962771384e-3
8.330e-04	-4.38611284846937861473172762649e-2	4.30348171059055821247401579334e-3
8.340e-04	-4.38694738632547658422970049455e-2	4.32295047784343296331146448465e-3
8.350e-04	-4.38777640025729368944505946398e-2	4.34247786374874488354891153162e-3
8.360e-04	-4.38859983282001340123425429762e-2	4.36206458381873383375891811534e-3
8.370e-04	-4.38941762434396769301923953310e-2	4.38171138157645623865035663712e-3
8.380e-04	-4.39022979919088876174045884340e-2	4.40141805330206914422336174518e-3
8.390e-04	-4.39103638374702877861354379492e-2	4.42118437161943623973274933947e-3
8.400e-04	-4.39183727368622616808774003456e-2	4.44101158928055197305445988800e-3
8.410e-04	-4.39263249458002232947574174702e-2	4.46089949083444839675761391215e-3
8.420e-04	-4.39342202870070661536715385373e-2	4.48084835158377620207348705021e-3
8.430e-04	-4.39420585818231647408607945820e-2	4.50085844954278596133526678555e-3
8.440e-04	-4.39498396501844008973463739047e-2	4.52093006547564578960275058947e-3
8.450e-04	-4.39575633105997924992657209554e-2	4.54106348293552239497701174823e-3
8.460e-04	-4.39652293801287146507600236642e-2	4.56125898830444225826535811047e-3
8.470e-04	-4.39728376743577033719318887894e-2	4.58151687083395014159846980932e-3
8.480e-04	-4.39803880073768314939841063537e-2	4.60183742268658259896391346605e-3
8.490e-04	-4.39878796958299111825243827135e-2	4.62222150567306230617244151466e-3
8.500e-04	-4.39953135362997487281613014737e-2	4.64266829224243770051896089102e-3
8.510e-04	-4.40026883399215714393905637281e-2	4.66317922488787848908971278922e-3
8.520e-04	-4.40100044102387264650178365643e-2	4.68375404146591838281005274163e-3
8.530e-04	-4.40172620748710293882630087914e-2	4.70439245138440117864971247746e-3
8.540e-04	-4.40244601015359812923050796855e-2	4.72509595391132922945440394496e-3
8.550e-04	-4.40315988079717055373907189957e-2	4.74586427292801480908410095816e-3
8.560e-04	-4.40386779951325608746042843567e-2	4.76669772581861035531713822962e-3
8.570e-04	-4.40456974622379347952550711382e-2	4.78759663329792302685293668757e-3
8.580e-04	-4.40526570067436105567050235179e-2	4.80856131946226954773771311137e-3
8.590e-04	-4.40595564243125704660424878743e-2	4.82959211184138009077906124350e-3
8.600e-04	-4.40663955087852210868167696916e-2	4.85068934145137600219654662739e-3
8.610e-04	-4.40731734750265012437869362896e-2	4.87185400961453675112589867372e-3
8.620e-04	-4.40798912600442152829353444720e-2	4.89308513003914024194380991647e-3
8.630e-04	-4.40865474902333264754934162103e-2	4.91438438741636779766929136664e-3
8.640e-04	-4.40931431281369052912654067728e-2	4.93575076642586890077047135441e-3
8.650e-04	-4.40996767664350110288059437715e-2	4.95718599613463126848831878864e-3
8.660e-04	-4.41061493938339405513865522981e-2	4.97868903143572604929450807958e-3
8.670e-04	-4.41125595683936980753496804387e-2	5.00026164702044038289730019295e-3
8.680e-04	-4.41189076750157969865479394357e-2	5.02190350033715230582238704638e-3
8.690e-04	-4.41251934893820883484491288369e-2	5.04361495676437791583898198058e-3
8.700e-04	-4.41314167850128103789513392257e-2	5.06539638577020238790412652083e-3
8.710e-04	-4.41375773332292489729151826108e-2	5.08724816097912433529817029674e-3
8.720e-04	-4.41436749031156083812689292944e-2	5.10917066024034076020089820657e-3
8.730e-04	-4.41497092614800710306335864221e-2	5.13116426569750912016685805450e-3
8.740e-04	-4.41556801728150248248123030148e-2	5.15322936386002416429425673872e-3
8.750e-04	-4.41615867100245528387584346101e-2	5.17536715187127122001884251272e-3
8.760e-04	-4.41674300024960983552004717152e-2	5.19757642382102166416250461674e-3
8.770e-04	-4.41732084199946445313929133192e-2	5.21985920350269793263929956804e-3
8.780e-04	-4.41789231222836757646063945941e-2	5.24221425013378244425697743140e-3
8.790e-04	-4.41845724383385373962981518781e-2	5.26464364168092473400019874616e-3
8.800e-04	-4.41901575590564914661834258471e-2	5.28714610162525350246800259603e-3
8.810e-04	-4.41956767714926904063989070804e-2	5.30972376358106661784471740682e-3
8.820e-04	-4.42011305449332476221809624177e-2	5.33237620104307935458867447234e-3
8.830e-04	-4.42065186207033823748601660914e-2	5.35510384380279452428542724116e-3
8.840e-04	-4.42118407373559207531696642972e-2	5.37790712683365159036634976232e-3
8.850e-04	-4.42170966306205451731204887540e-2	5.40078649038208634239643759256e-3
8.860e-04	-4.42222860333518868270306984409e-2	5.42374238006066942479269333294e-3
8.870e-04	-4.42274086754764284066679188615e-2	5.44677524694338064945546029099e-3
8.880e-04	-4.42324642839381833485144258275e-2	5.46988554766307790625707160047e-3
8.890e-04	-4.42374525826431167306713468765e-2	5.49307374451122144224063757364e-3
8.900e-04	-4.42423724576179595032845751104e-2	5.51634129465819913074542370269e-3
8.910e-04	-4.42472252853103353396316179360e-2	5.53968670740986456646722809684e-3
8.920e-04	-4.42520090994974518767476724703e-2	5.56311245494147638491017908860e-3
8.930e-04	-4.42567253133082043016116003789e-2	5.58661700405011958022639987960e-3
8.940e-04	-4.42613719101383102211344809177e-2	5.61020289455650293311406243348e-3
8.950e-04	-4.42659503407281330408114372627e-2	5.63386854961919599365855576042e-3
8.960e-04	-4.42704585366366740887559044331e-2	5.65761657876841889061243827555e-3
8.970e-04	-4.42748970736649487113028733513e-2	5.68144644921836810285054811701e-3
8.980e-04	-4.42792656451587961220761323854e-2	5.70535867973974417874217785338e-3
8.990e-04	-4.42835639407819581634885687846e-2	5.72935379591298928572119385549e-3
9.000e-04	-4.42877916464437273852893529948e-2	5.75343233025786753437387160502e-3
9.010e-04	-4.42919484442248052856788676575e-2	5.77759482236622610835432975780e-3
9.020e-04	-4.42960340123013162707097682595e-2	5.80184181903803214481817065916e-3
9.030e-04	-4.43000480248669209352685846633e-2	5.82617387442078371912922119654e-3
9.040e-04	-4.43039901520529702348059224127e-2	5.85059155015239683894595311611e-3
9.050e-04	-4.43078600598466399972552616007e-2	5.87509541550767405321274491088e-3
9.060e-04	-4.43116563833882830886342325828e-2	5.89968728061524483442604707868e-3
9.070e-04	-4.43153808199016120181023730032e-2	5.92436528157208996739942849397e-3
9.080e-04	-4.43190309553179368653421382974e-2	5.94913249539903831698904245801e-3
9.090e-04	-4.43226085318637686027875018750e-2	5.97398700556557573077780929928e-3
9.100e-04	-4.43261110717061851576478479792e-2	5.99893197583635320199494930446e-3
9.110e-04	-4.43295392672846293158847991607e-2	6.02396675759645482771041773796e-3
9.120e-04	-4.43328938629155129287168767031e-2	6.04909063827632727506545380572e-3
9.130e-04	-4.43361722814144892158747824390e-2	6.07430691709404568189515253329e-3
9.140e-04	-4.43393752427313728462895230646e-2	6.09961491821226570949517953492e-3
9.150e-04	-4.43425023657601598030569449595e-2	6.12501529709988765022632452734e-3
9.160e-04	-4.43455532641820175167032270195e-2	6.15050871876655555724121455148e-3
9.170e-04	-4.43485275463531386868870344142e-2	6.17609585796255839308354464769e-3
9.180e-04	-4.43514248151895341430709015994e-2	6.20177739938412679878497843835e-3
9.190e-04	-4.43542446680486622147783857035e-2	6.22755403788430423721843026098e-3
9.200e-04	-4.43569854625706905186279343291e-2	6.25342797875178621492446290172e-3
9.210e-04	-4.43596492362216736783184493025e-2	6.27939695903251251837111948710e-3
9.220e-04	-4.43622343511406724172746881706e-2	6.30546318442150827030576254681e-3
9.230e-04	-4.43647390969426518556243306381e-2	6.33162895779853905254244378454e-3
9.240e-04	-4.43671655925792310871246390203e-2	6.35789192021411223718451386484e-3
9.250e-04	-4.43695108130911170776302502600e-2	6.38425598569552527524648120389e-3
9.260e-04	-4.43717769335677417150755105393e-2	6.41071872908044118294687824127e-3
9.270e-04	-4.43739608459037756183148071588e-2	6.43728417930881578455893314800e-3
9.280e-04	-4.43760634096994185674224175515e-2	6.46395152397948949217091639687e-3
9.290e-04	-4.43780855502971152125822589684e-2	6.49071986860707504439205891360e-3
9.300e-04	-4.43800240296919492677844674368e-2	6.51759342211072124978581693854e-3
9.310e-04	-4.43818797402200960943885280843e-2	6.54457134042418453155840829499e-3
9.320e-04	-4.43836521936519386158899502410e-2	6.57165447379274262130249712738e-3
9.330e-04	-4.43853408941189744941869613068e-2	6.59884368630860343504626107324e-3
9.340e-04	-4.43869453379317150879315283046e-2	6.62613985623363282670624891991e-3
9.350e-04	-4.43884650133920446558793609906e-2	6.65354387633179432286537046502e-3
9.360e-04	-4.43898994005998327479023638509e-2	6.68105665421166141254387414028e-3
9.370e-04	-4.43912479712535835126211134200e-2	6.70867911267937898523015844669e-3
9.380e-04	-4.43925086160535614905935954926e-2	6.73641413205164261760180386166e-3
9.390e-04	-4.43936839123925725945131451999e-2	6.76425881127334399068592025179e-3
9.400e-04	-4.43947701383240199976873843780e-2	6.79221803443400996673376822643e-3
9.410e-04	-4.43957699396895216249894351600e-2	6.82028881924649463179651222117e-3
9.420e-04	-4.43966811488419400127203666296e-2	6.84847414077190855913098023911e-3
9.430e-04	-4.43975014982172231162714000830e-2	6.87677711073767529950941369590e-3
9.440e-04	-4.43982320319213287825627722310e-2	6.90519674167113041464771760339e-3
9.450e-04	-4.43988738769801311500711445030e-2	6.93373194126571967266817881257e-3
9.460e-04	-4.43994229791788053510059739662e-2	6.96238806121817452204080634180e-3
9.470e-04	-4.43998804203353301053376718548e-2	6.99116407925503541156655440354e-3
9.480e-04	-4.44002455633912389992045339063e-2	7.02006111381877214198886930829e-3
9.490e-04	-4.44005177599018352241615746969e-2	7.04908030381401086965440380185e-3
9.500e-04	-4.44006963497332895297407043983e-2	7.07822280914144833278754068496e-3
9.510e-04	-4.44007806607494037548752415386e-2	7.10748981124981592056432182582e-3
9.520e-04	-4.44007700084876058234211584266e-2	7.13688251370664832807546544638e-3
9.530e-04	-4.44006636958237203387939402962e-2	7.16640214278864928030522155666e-3
9.540e-04	-4.44004610126250358932457339981e-2	7.19604994809248674640075339872e-3
9.550e-04	-4.44001612353911658338586063081e-2	7.22582720316689234817481725710e-3
9.560e-04	-4.43997636268821734088854623382e-2	7.25573520616698445137714077440e-3
9.570e-04	-4.43992653852238915139886538878e-2	7.28577785860743398580263115653e-3
9.580e-04	-4.43986698159969316336779554298e-2	7.31595139348802884980902792176e-3
9.590e-04	-4.43979741169105069328406621682e-2	7.34625972602141722744270225087e-3
9.600e-04	-4.43971753509971563671541788916e-2	7.37670695937666858135516734148e-3
9.610e-04	-4.43962769566701654653089068324e-2	7.40728916828300010825557864451e-3
9.620e-04	-4.43952737918526129087124751697e-2	7.43801325638139726271230079274e-3
9.630e-04	-4.43941671506114005784789776986e-2	7.46887801734508402052464333550e-3
9.640e-04	-4.43929584376619251383943626117e-2	7.49988210279426836908185710462e-3
9.650e-04	-4.43916422671992070640404766831e-2	7.53103276814603371350380137670e-3
9.660e-04	-4.43902199749400935219885672046e-2	7.56232877391236228228273348761e-3
9.670e-04	-4.43886906418259761139182460371e-2	7.59377174226694380893007253866e-3
9.680e-04	-4.43870533293082338529937867634e-2	7.62536333007513797232540365722e-3
9.690e-04	-4.43853070787452280671474002522e-2	7.65710522995075754515638849847e-3
9.700e-04	-4.43834509107752323070816336124e-2	7.68899917135473496850391211178e-3
9.710e-04	-4.43814838246641116524446217147e-2	7.72104692173772893221974747129e-3
9.720e-04	-4.43794047976264960320569689735e-2	7.75325028772884833051129532932e-3
9.730e-04	-4.43772127841191176087630329932e-2	7.78561111637280002553939399413e-3
9.740e-04	-4.43749067151049025504239782527e-2	7.81813129641790483776852916783e-3
9.750e-04	-4.43724854972863222064155591663e-2	7.85081275965757379666167698814e-3
9.760e-04	-4.43699452999441700748989957963e-2	7.88366096034924211227034558812e-3
9.770e-04	-4.43672903619671757041630734668e-2	7.91667102180843281292447740909e-3
9.780e-04	-4.43645168407739013340045843836e-2	7.94984843555978054907064703306e-3
9.790e-04	-4.43616206980330737024110026854e-2	7.98319897356331861394517412952e-3
9.800e-04	-4.43586063416605298997147216113e-2	8.01671755916115943454272607335e-3
9.810e-04	-4.43554667896126121259703171141e-2	8.05041378424493461056269469341e-3
9.820e-04	-4.43522065658806422538927518092e-2	8.08428243517664418465776382002e-3
9.830e-04	-4.43488184461304545228373640721e-2	8.11833346304121527946354047539e-3
9.840e-04	-4.43453040041065066221865545695e-2	8.15256548550808567730914750816e-3
9.850e-04	-4.43416618507566664970186010142e-2	8.18698095696255777000157105888e-3
9.860e-04	-4.43378937290064743724335417074e-2	8.22157828623903619643856582120e-3
9.870e-04	-4.43339918937805917486467764465e-2	8.25636820008804048012617795136e-3
9.880e-04	-4.43299579636716098871547025785e-2	8.29134930823714215441746261883e-3
9.890e-04	-4.43257904001582504784932139189e-2	8.32652432874502187410848974308e-3
9.900e-04	-4.43214876237772997400063070222e-2	8.36189605181934045089441237623e-3
9.910e-04	-4.43170480125553925572696948777e-2	8.39746734254941608860057629395e-3
9.920e-04	-4.43124699003628188968748419808e-2	8.43324114377412510582975774470e-3
9.930e-04	-4.43077515751845514621683071267e-2	8.46922047909332996365940260722e-3
9.940e-04	-4.43028912773033397192087199896e-2	8.50540845603174929271911207460e-3
9.950e-04	-4.42978871973893311101597238178e-2	8.54180826936484801158316003006e-3
9.960e-04	-4.42927337495677394313268058148e-2	8.57842809562345461222454969230e-3
9.970e-04	-4.42874364064037070721527626651e-2	8.61526162134995581789366940258e-3
9.980e-04	-4.42819895335105108833873405273e-2	8.65231712933055414606386583944e-3
9.990e-04	-4.42763871847940711717880049423e-2	8.68960336372224400828805947576e-3
1.000e-03	-4.42706350376831623087942691235e-2	8.72711378026022234995142913576e-3
1.001e-03	-4.42647270872648272365987035716e-2	8.76485724821921755809310679934e-3
1.002e-03	-4.42586569914554233997067080077e-2	8.80284313865055899046868253550e-3
1.003e-03	-4.42524264408581251366680257511e-2	8.84107023630470853076914586263e-3
1.004e-03	-4.42460373377271115284462557327e-2	8.87953704720860139042749869414e-3
1.005e-03	-4.42394787798467840338097758611e-2	8.91825909441160754417742038745e-3
1.006e-03	-4.42327568614689095889518526610e-2	8.95722937756400225872583151394e-3
1.007e-03	-4.42258602177045287512366267645e-2	8.99646413426370903629994803877e-3
1.008e-03	-4.42187905017508582480437540789e-2	9.03596233027585049987522095666e-3
1.009e-03	-4.42115449327980347501894919732e-2	9.07572886208485043649843967290e-3
1.010e-03	-4.42041206347971367381481405837e-2	9.11576879266273557536833507492e-3
1.011e-03	-4.41965194670235418040229909730e-2	9.15608087812630983206927933713e-3
1.012e-03	-4.41887287676076827805051119670e-2	9.19668337241529619570371610769e-3
1.013e-03	-4.41807500936306548506099903760e-2	9.23757553340640311543254953571e-3
1.014e-03	-4.41725801383186657503829301047e-2	9.27876317633834914854117953690e-3
1.015e-03	-4.41642154730480252574053684767e-2	9.32025232907432613069543033371e-3
1.016e-03	-4.41556525409114187111794401163e-2	9.36204924324973780944023117393e-3
1.017e-03	-4.41468822410641077004473858229e-2	9.40416772329225850985273666453e-3
1.018e-03	-4.41379114515944583451915922961e-2	9.44660002448509373761500658771e-3
1.019e-03	-4.41287308806600844693490761946e-2	9.48936031264365610428871754294e-3
1.020e-03	-4.41193363842796644366675825350e-2	9.53245586253851592368068696000e-3
1.021e-03	-4.41097236505253655957363658742e-2	9.57589424139078249931196827725e-3
1.022e-03	-4.40998822256847966565545790857e-2	9.61969145995989433774078660875e-3
1.023e-03	-4.40898192391872316858857343928e-2	9.66383963277390311633645638355e-3
1.024e-03	-4.40795177570922822367801523833e-2	9.70836377005811459829359701256e-3
1.025e-03	-4.40689849813571522070075091995e-2	9.75325598593224362918453348906e-3
1.026e-03	-4.40582095124191211774117609008e-2	9.79853390468441477607775081442e-3
1.027e-03	-4.40471791895871217226459406214e-2	9.84421634223574814455702731312e-3
1.028e-03	-4.40359012781982950543216066876e-2	9.89029549909891946214949349366e-3
1.029e-03	-4.40243563340720033256845368854e-2	9.93680041961793657960083327198e-3
1.030e-03	-4.40125445807890480555364306224e-2	9.98373318034652428463134553266e-3
1.031e-03	-4.40004665242016540619370283797e-2	1.00310955084564532981112305675e-2
1.032e-03	-4.39881008994970915164658687349e-2	1.00789193970212049911818988329e-2
1.033e-03	-4.39754473694023522403794231939e-2	1.01272079994834527933282268914e-2
1.034e-03	-4.39625058700962764958508229355e-2	1.01759641434037626495430146479e-2
1.035e-03	-4.39492530084415625095939604273e-2	1.02252232893559800457631294729e-2
1.036e-03	-4.39356876974373519313097604055e-2	1.02749899997410136493088246619e-2
1.037e-03	-4.39218008477878979911586932465e-2	1.03252801306716261455688328972e-2
1.038e-03	-4.39075828570476092616632494284e-2	1.03761104267146630778630427681e-2
1.039e-03	-4.38930322296050450814341677536e-2	1.04274863973756393426305432612e-2
1.040e-03	-4.38781210991906544247648519373e-2	1.04794508485347824296450020279e-2
1.041e-03	-4.38628465099537337454813110653e-2	1.05320117740514405809392995890e-2
1.042e-03	-4.38471963422255242125163221543e-2	1.05851902732363969778210278357e-2
1.043e-03	-4.38311577032746969756635363153e-2	1.06390087817741749570404480438e-2
1.044e-03	-4.38147168560867434482908641324e-2	1.06934911943881064431137771520e-2
1.045e-03	-4.37978591394583017805532898403e-2	1.07486630024347484626850453026e-2
1.046e-03	-4.37805688780739804052550624350e-2	1.08045514487151778510366319919e-2
1.047e-03	-4.37628292809845056633160665284e-2	1.08611857022173416478704726099e-2
1.048e-03	-4.37446113529959174492392087361e-2	1.09186128252925696776219068129e-2
1.049e-03	-4.37259173378941265831448354014e-2	1.09768354222365272773213411714e-2
1.050e-03	-4.37067156725036751978442079924e-2	1.10359050363872899705915176926e-2
1.051e-03	-4.36869837803169918894898167575e-2	1.10958608175963634599100107415e-2
1.052e-03	-4.36666972063627616845094381795e-2	1.11567451539843301365591724876e-2
1.053e-03	-4.36458293897577121205934886861e-2	1.12186040629277635286426412397e-2
1.054e-03	-4.36243382258364841214905207191e-2	1.12815068737412894205234161496e-2
1.055e-03	-4.36022180088925069981884410430e-2	1.13454705462361603239018283438e-2
1.056e-03	-4.35794213304056561036823870911e-2	1.14105736018811052891524104857e-2
1.057e-03	-4.35559100681803819389015814518e-2	1.14768819661246307463877036291e-2
1.058e-03	-4.35316421220279926770616179162e-2	1.15444684094787863893003389008e-2
1.059e-03	-4.35065551046912272569872926673e-2	1.16134368477885522369133455473e-2
1.060e-03	-4.34806277908167333196310653438e-2	1.16838315742313806217978544360e-2
1.061e-03	-4.34537868233443523842710276665e-2	1.17557754337150586043377443247e-2
1.062e-03	-4.34259666577136425967548503566e-2	1.18293815048282235760603549724e-2
1.063e-03	-4.33970930754711661241722865620e-2	1.19047777687650000499967266052e-2
1.064e-03	-4.33670621583483095995410389454e-2	1.19821391332017744467440654969e-2
1.065e-03	-4.33358144865191775668778733047e-2	1.20615762407077401294150478134e-2
1.066e-03	-4.33032191208908409969191981578e-2	1.21433104667702729888705606898e-2
1.067e-03	-4.32691446534490094473069310932e-2	1.22275679664142734608755655217e-2
1.068e-03	-4.32334359237284591357845565364e-2	1.23146156408105566249611778922e-2
1.069e-03	-4.31959075132147220744839379818e-2	1.24047722812069988216702775968e-2
1.070e-03	-4.31563347487287803259350366881e-2	1.24984239764490529076968886878e-2
1.071e-03	-4.31144409383650643790272005285e-2	1.25960459676664706599957984623e-2
1.072e-03	-4.30699094318434891040514276052e-2	1.26981867345607830080122785822e-2
1.073e-03	-4.30222350110560958506835177891e-2	1.28057035744408081043282176137e-2
1.074e-03	-4.29708926949406800992688303826e-2	1.29195066215734139422173975856e-2
1.075e-03	-4.29150454764588093339019171891e-2	1.30410258149992985658698611503e-2
1.076e-03	-4.28535362403358652652024063689e-2	1.31722435700253074795341056259e-2
1.077e-03	-4.27845962483635369415664914998e-2	1.33161885620459017551526142586e-2
1.078e-03	-4.27053263396051189505087998460e-2	1.34778281686807268449844786489e-2
1.079e-03	-4.26100531091650314847911395308e-2	1.36668674800840349934442704213e-2
1.080e-03	-4.24845483200875309365133910260e-2	1.39076373567411494395130012145e-2
1.081e-03	-4.22341660282172689980902328954e-2	1.43618581045481215651866616791e-2
