0.000e+00	-3.12500000000000000000000000000e-2	0
1.000e-06	-3.12500033600014047658947175651e-2	0
2.000e-06	-3.12500134400224763382521128728e-2	0
3.000e-06	-3.12500302401137871693258535860e-2	0
4.000e-06	-3.12500537603596267740931212587e-2	0
5.000e-06	-3.12500840008780048722912189404e-2	0
6.000e-06	-3.12501209618206557877682508661e-2	0
7.000e-06	-3.12501646433730441056219053644e-2	0
8.000e-06	-3.12502150457543715877496851474e-2	0
9.000e-06	-3.12502721692175853475727485296e-2	0
1.000e-05	-3.12503360140493872848345243694e-2	0
1.100e-05	-3.12504065805702447815144750771e-2	0
1.200e-05	-3.12504838691344026600368388054e-2	0
1.300e-05	-3.12505678801298964050939170231e-2	0
1.400e-05	-3.12506586139785666505435202336e-2	0
1.500e-05	-3.12507560711360749329805775115e-2	0
1.600e-05	-3.12508602520919207137237339361e-2	0
1.700e-05	-3.12509711573694596710985498155e-2	0
1.800e-05	-3.12510887875259232650416864590e-2	0
1.900e-05	-3.12512131431524395761909019435e-2	0
2.000e-05	-3.12513442248740554217694216091e-2	0
2.100e-05	-3.12514820333497597507161301663e-2	0
2.200e-05	-3.12516265692725083206586532402e-2	0
2.300e-05	-3.12517778333692496594637880055e-2	0
2.400e-05	-3.12519358264009523142548196349e-2	0
2.500e-05	-3.12521005491626333909275649637e-2	0
2.600e-05	-3.12522720024833883873340094103e-2	0
2.700e-05	-3.12524501872264223234648678939e-2	0
2.800e-05	-3.12526351042890821720999607470e-2	0
2.900e-05	-3.12528267546028905935474524251e-2	0
3.000e-05	-3.12530251391335809782423519059e-2	0
3.100e-05	-3.12532302588811338011279022088e-2	0
3.200e-05	-3.12534421148798142918850144723e-2	0
3.300e-05	-3.12536607081982114252427604716e-2	0
3.400e-05	-3.12538860399392782357476438813e-2	0
3.500e-05	-3.12541181112403734615180584193e-2	0
3.600e-05	-3.12543569232733045216862815307e-2	0
3.700e-05	-3.12546024772443718323501532385e-2	0
3.800e-05	-3.12548547743944144660680302223e-2	0
3.900e-05	-3.12551138159988571600425089835e-2	0
4.000e-05	-3.12553796033677586783107018119e-2	0
4.100e-05	-3.12556521378458615334424377173e-2	0
4.200e-05	-3.12559314208126430733950528316e-2	0
4.300e-05	-3.12562174536823679393072810106e-2	0
4.400e-05	-3.12565102379041419002647720385e-2	0
4.500e-05	-3.12568097749619670711287556585e-2	0
4.600e-05	-3.12571160663747985197831314454e-2	0
4.700e-05	-3.12574291136966022702689201354e-2	0
4.800e-05	-3.12577489185164147084610094603e-2	0
4.900e-05	-3.12580754824584033971377428043e-2	0
5.000e-05	-3.12584088071819293074269910867e-2	0
5.100e-05	-3.12587488943816104738352170677e-2	0
5.200e-05	-3.12590957457873870802154421718e-2	0
5.300e-05	-3.12594493631645879842061677331e-2	0
5.400e-05	-3.12598097483139986879113002618e-2	0
5.500e-05	-3.12601769030719307626649370002e-2	0
5.600e-05	-3.12605508293102927360711957316e-2	0
5.700e-05	-3.12609315289366624495145563834e-2	0
5.800e-05	-3.12613190038943608946970612889e-2	0
5.900e-05	-3.12617132561625275378392450528e-2	0
6.000e-05	-3.12621142877561971404007843857e-2	0
6.100e-05	-3.12625221007263780854474963991e-2	0
6.200e-05	-3.12629366971601322188576995360e-2	0
6.300e-05	-3.12633580791806562148818181635e-2	0
6.400e-05	-3.12637862489473644757490278421e-2	0
6.500e-05	-3.12642212086559735751416754436e-2	0
6.600e-05	-3.12646629605385882556812392947e-2	0
6.700e-05	-3.12651115068637889907445850428e-2	0
6.800e-05	-3.12655668499367211210688033279e-2	0
6.900e-05	-3.12660289920991855769357186181e-2	0
7.000e-05	-3.12664979357297311969219891408e-2	0
7.100e-05	-3.12669736832437486543278181581e-2	0
7.200e-05	-3.12674562370935660027449089765e-2	0
7.300e-05	-3.12679455997685458524145355587e-2	0
7.400e-05	-3.12684417737951841892884365624e-2	0
7.500e-05	-3.12689447617372108487625584450e-2	0
7.600e-05	-3.12694545661956916565864799064e-2	0
7.700e-05	-3.12699711898091322496878812936e-2	0
7.800e-05	-3.12704946352535835891487327714e-2	0
7.900e-05	-3.12710249052427491793401858245e-2	0
8.000e-05	-3.12715620025280940058047076669e-2	0
8.100e-05	-3.12721059298989552058473301025e-2	0
8.200e-05	-3.12726566901826544856783458550e-2	0
8.300e-05	-3.12732142862446122982119119325e-2	0
8.400e-05	-3.12737787209884637959214827276e-2	0
8.500e-05	-3.12743499973561765734889623697e-2	0
8.600e-05	-3.12749281183281702150549136028e-2	0
8.700e-05	-3.12755130869234376617193695101e-2	0
8.800e-05	-3.12761049061996684142103564200e-2	0
8.900e-05	-3.12767035792533735871289283908e-2	0
9.000e-05	-3.12773091092200128305596173652e-2	0
9.100e-05	-3.12779214992741231355831196716e-2	0
9.200e-05	-3.12785407526294495404016269642e-2	0
9.300e-05	-3.12791668725390777541362911540e-2	0
9.400e-05	-3.12797998622955687156482431484e-2	0
9.500e-05	-3.12804397252310951050283142408e-2	0
9.600e-05	-3.12810864647175798259114768961e-2	0
9.700e-05	-3.12817400841668364766756836170e-2	0
9.800e-05	-3.12824005870307118295869673876e-2	0
9.900e-05	-3.12830679768012303364821883022e-2	0
1.000e-04	-3.12837422570107406808297712547e-2	0
1.010e-04	-3.12844234312320643954943053575e-2	0
1.020e-04	-3.12851115030786465665475754660e-2	0
1.030e-04	-3.12858064762047086435134563943e-2	0
1.040e-04	-3.12865083543054033768818271799e-2	0
1.050e-04	-3.12872171411169719041260773801e-2	0
1.060e-04	-3.12879328404169030058370099093e-2	0
1.070e-04	-3.12886554560240945539802414125e-2	0
1.080e-04	-3.12893849917990171746858495351e-2	0
1.090e-04	-3.12901214516438801483979347877e-2	0
1.100e-04	-3.12908648395027995706297267127e-2	0
1.110e-04	-3.12916151593619687969891787994e-2	0
1.120e-04	-3.12923724152498311965775806480e-2	0
1.130e-04	-3.12931366112372552383082384031e-2	0
1.140e-04	-3.12939077514377119351427703629e-2	0
1.150e-04	-3.12946858400074546717006189526e-2	0
1.160e-04	-3.12954708811457014411656102450e-2	0
1.170e-04	-3.12962628790948195178946632556e-2	0
1.180e-04	-3.12970618381405125926197643084e-2	0
1.190e-04	-3.12978677626120103976283054413e-2	0
1.200e-04	-3.12986806568822608498234202743e-2	0
1.210e-04	-3.12995005253681247399564900412e-2	0
1.220e-04	-3.13003273725305729973868794793e-2	0
1.230e-04	-3.13011612028748865590465802551e-2	0
1.240e-04	-3.13020020209508588736036104321e-2	0
1.250e-04	-3.13028498313530010704874546578e-2	0
1.260e-04	-3.13037046387207498256596299758e-2	0
1.270e-04	-3.13045664477386779554046107325e-2	0
1.280e-04	-3.13054352631367077706470612711e-2	0
1.290e-04	-3.13063110896903272246969272253e-2	0
1.300e-04	-3.13071939322208088879754356037e-2	0
1.310e-04	-3.13080837955954317839073579620e-2	0
1.320e-04	-3.13089806847277061208110190206e-2	0
1.330e-04	-3.13098846045776009552769399444e-2	0
1.340e-04	-3.13107955601517748232000567041e-2	0
1.350e-04	-3.13117135565038093753188410409e-2	0
1.360e-04	-3.13126385987344460548180239796e-2	0
1.370e-04	-3.13135706919918258552703973630e-2	0
1.380e-04	-3.13145098414717321979277491245e-2	0
1.390e-04	-3.13154560524178369681218270652e-2	0
1.400e-04	-3.13164093301219497513037863757e-2	0
1.410e-04	-3.13173696799242703100353362854e-2	0
1.420e-04	-3.13183371072136443440472560497e-2	0
1.430e-04	-3.13193116174278225763016118867e-2	0
1.440e-04	-3.13202932160537232088334045249e-2	0
1.450e-04	-3.13212819086276977930060603746e-2	0
1.460e-04	-3.13222777007358005596937161897e-2	0
1.470e-04	-3.13232805980140612558022261607e-2	0
1.480e-04	-3.13242906061487615344608516771e-2	0
1.490e-04	-3.13253077308767149471583097547e-2	0
1.500e-04	-3.13263319779855505870609121509e-2	0
1.510e-04	-3.13273633533140004337376034312e-2	0
1.520e-04	-3.13284018627521904505275085138e-2	0
1.530e-04	-3.13294475122419354868208609125e-2	0
1.540e-04	-3.13305003077770380385846626404e-2	0
1.550e-04	-3.13315602554035909215509156192e-2	0
1.560e-04	-3.13326273612202839125985834744e-2	0
1.570e-04	-3.13337016313787144160014453191e-2	5.19587715972804591716558336959e-22
1.580e-04	-3.13347830720837022123835772762e-2	7.65254060952836603405111370577e-22
1.590e-04	-3.13358716895936083494232667172e-2	1.12313464095281370792654143136e-21
1.600e-04	-3.13369674902206582345756899749e-2	1.64130542566234824693661605877e-21
1.610e-04	-3.13380704803312689913456680157e-2	2.38751675598749378316627465548e-21
1.620e-04	-3.13391806663463811419352995378e-2	3.45673104943842231594918734701e-21
1.630e-04	-3.13402980547417946804183449537e-2	4.98139596203659839162410554483e-21
1.640e-04	-3.13414226520485096019550320400e-2	7.14537571296455448395949010378e-21
1.650e-04	-3.13425544648530709549586586462e-2	1.02027555952573185237455517449e-20
1.660e-04	-3.13436934997979184845602157630e-2	1.45031119177476624275774600668e-20
1.670e-04	-3.13448397635817409371905367548e-2	2.05253246869772925823470327795e-20
1.680e-04	-3.13459932629598350976125453916e-2	2.89226317049649136392415603786e-20
1.690e-04	-3.13471540047444696312904381217e-2	4.05824156540190408769424686344e-20
1.700e-04	-3.13483219958052538065795719883e-2	5.67052235935799665799322313539e-20
1.710e-04	-3.13494972430695111728619854289e-2	7.89087944500574271816570334676e-20
1.720e-04	-3.13506797535226582724394752719e-2	1.09364479889394169315169121899e-19
1.730e-04	-3.13518695342085884657306881766e-2	1.50975467049603840927963564207e-19
1.740e-04	-3.13530665922300609511025400967e-2	2.07608744830593770460316372122e-19
1.750e-04	-3.13542709347490950625013225326e-2	2.84395915946082036491748224644e-19
1.760e-04	-3.13554825689873699299370526138e-2	3.88121886226428726825878006754e-19
1.770e-04	-3.13567015022266295898180372818e-2	5.27725330756372211731072987546e-19
1.780e-04	-3.13579277418090936341334178010e-2	7.14940846932749432021185843934e-19
1.790e-04	-3.13591612951378734895419183094e-2	9.65120101018863257522281239056e-19
1.800e-04	-3.13604021696773944195475389681e-2	1.29827834644385633031502544669e-18
1.810e-04	-3.13616503729538233451300335533e-2	1.74042378292127766956183079691e-18
1.820e-04	-3.13629059125555025814523494033e-2	2.32524074096319076320651375439e-18
1.830e-04	-3.13641687961333895905915819253e-2	3.09621409629694687621563536781e-18
1.840e-04	-3.13654390314015028526373528454e-2	4.10930220459235695711963802763e-18
1.850e-04	-3.13667166261373739599749654458e-2	5.43628965929005145810203269494e-18
1.860e-04	-3.13680015881825060421234922469e-2	7.16898008199672995863013882857e-18
1.870e-04	-3.13692939254428386311345577328e-2	9.42442385523727438266298446504e-18
1.880e-04	-3.13705936458892190802796230503e-2	1.23514172388581156093635452656e-17
1.890e-04	-3.13719007575578806515658882179e-2	1.61385588834958944147230556830e-17
1.900e-04	-3.13732152685509273905275323580e-2	2.10242087520525223778311576072e-17
1.910e-04	-3.13745371870368259097441605865e-2	2.73087644939699112279845674501e-17
1.920e-04	-3.13758665212509042056464893946e-2	3.53697532152443363615931760669e-17
1.930e-04	-3.13772032794958576363851874412e-2	4.56803344692539984312975303665e-17
1.940e-04	-3.13785474701422621918673475681e-2	5.88319255420696697341097001025e-17
1.950e-04	-3.13798991016290951905115054203e-2	7.55617954901471844616619885044e-17
1.960e-04	-3.13812581824642635408419114862e-2	9.67866329813391402217875344333e-17
1.970e-04	-3.13826247212251397097416517649e-2	1.23643278365247755725931995919e-16
1.980e-04	-3.13839987265591055430182248088e-2	1.57538026462140762589075618458e-16
1.990e-04	-3.13853802071841040879106374138e-2	2.00206157907338953927062674369e-16
2.000e-04	-3.13867691718891995712905931273e-2	2.53783648464053793804756239443e-16
2.010e-04	-3.13881656295351456915888364472e-2	3.20893343239526374134948584574e-16
2.020e-04	-3.13895695890549623869184097920e-2	4.04748272594912832221082614102e-16
2.030e-04	-3.13909810594545212464770217807e-2	5.09275235617503493910955606882e-16
2.040e-04	-3.13924000498131397370987715477e-2	6.39262293506805280308645056486e-16
2.050e-04	-3.13938265692841844217992983650e-2	8.00534407568998261737889122976e-16
2.060e-04	-3.13952606270956833523265177756e-2	1.00016213457730167194542157825e-15
2.070e-04	-3.13967022325509478231002655270e-2	1.24670906693904225221050340757e-15
2.080e-04	-3.13981513950292036795075062074e-2	1.55052458768542430572261964995e-15
2.090e-04	-3.13996081239862323793246799198e-2	1.92408951474810336584317683314e-15
2.100e-04	-3.14010724289550220120749504261e-2	2.38242334871659516486672492671e-15
2.110e-04	-3.14025443195464284874055477736e-2	2.94356312945549757000558321992e-15
2.120e-04	-3.14040238054498471100992894481e-2	3.62912536734611280140789011933e-15
2.130e-04	-3.14055108964338947661251735624e-2	4.46496416136773843988750195185e-15
2.140e-04	-3.14070056023471029511963330472e-2	5.48194047224479312564594816788e-15
2.150e-04	-3.14085079331186218806504707831e-2	6.71681960356629022371949986278e-15
2.160e-04	-3.14100178987589359271091606577e-2	8.21331628344821005585509281078e-15
2.170e-04	-3.14115355093605906403192091431e-2	1.00233093585472278905515477968e-14
2.180e-04	-3.14130607750989316118428063440e-2	1.22082510418395913372359315843e-14
2.190e-04	-3.14145937062328554558546579343e-2	1.48407989203135294206554072031e-14
2.200e-04	-3.14161343131055731862348542976e-2	1.80067025698895697935088007453e-14
2.210e-04	-3.14176826061453862794269890084e-2	2.18069806687933301872288294942e-14
2.220e-04	-3.14192385958664757221729253538e-2	2.63604289910717790864978493228e-14
2.230e-04	-3.14208022928697043532493504907e-2	3.18065046347751593357439210950e-14
2.240e-04	-3.14223737078434328187272854176e-2	3.83086373453630401728468434198e-14
2.250e-04	-3.14239528515643494710640994372e-2	4.60580248625227989071641101403e-14
2.260e-04	-3.14255397348983145535279202499e-2	5.52779759227761234208435915545e-14
2.270e-04	-3.14271343688012190230557002841e-2	6.62288719155763778708349753585e-14
2.280e-04	-3.14287367643198583766670204829e-2	7.92138262906711858239867929240e-14
2.290e-04	-3.14303469325928218590036651170e-2	9.45851296923648279619334654705e-14
2.300e-04	-3.14319648848513974414469156324e-2	1.12751578541239293269555379104e-13
2.310e-04	-3.14335906324204929765862544279e-2	1.34186795396884852520490598264e-13
2.320e-04	-3.14352241867195739455795257862e-2	1.59438661078767608819130875861e-13
2.330e-04	-3.14368655592636182301591508867e-2	1.89139991169917069286800922755e-13
2.340e-04	-3.14385147616640883557039843501e-2	2.24020603318845885406492690650e-13
2.350e-04	-3.14401718056299216669126134631e-2	2.64920936737105464933190109317e-13
2.360e-04	-3.14418367029685389131805192476e-2	3.12807401550308954863701070441e-13
2.370e-04	-3.14435094655868717367979807272e-2	3.68789653281501917448857066663e-13
2.380e-04	-3.14451901054924095735434651889e-2	4.34140006813499024025119267998e-13
2.390e-04	-3.14468786347942664921420326481e-2	5.10315224780276316738881236725e-13
2.400e-04	-3.14485750657042685163813378885e-2	5.98980937568630810048373366134e-13
2.410e-04	-3.14502794105380619914181552245e-2	7.02038976064761367313077192500e-13
2.420e-04	-3.14519916817162435739525170368e-2	8.21657924053463304886502610813e-13
2.430e-04	-3.14537118917655124444784534234e-2	9.60307224869982409348546520807e-13
2.440e-04	-3.14554400533198453587210710704e-2	1.12079520661821436351847147806e-12
2.450e-04	-3.14571761791216951746175073864e-2	1.30631142210787842621187727926e-12
2.460e-04	-3.14589202820232135107692523346e-2	1.52047373373336390226479616289e-12
2.470e-04	-3.14606723749874982121573310493e-2	1.76738060992551962512537624341e-12
2.480e-04	-3.14624324710898663190384032275e-2	2.05166913866337443544192116673e-12
2.490e-04	-3.14642005835191532552939713283e-2	2.37857930494524749413955104962e-12
2.500e-04	-3.14659767255790389730479673462e-2	2.75402512319817109412989860782e-12
2.510e-04	-3.14677609106894018110576181129e-2	3.18467326246152408156145616347e-12
2.520e-04	-3.14695531523877008451723787309e-2	3.67802985192568071485729618974e-12
2.530e-04	-3.14713534643303875299956029233e-2	4.24253620714923710171541789122e-12
2.540e-04	-3.14731618602943474517190833059e-2	4.88767427312798015709156739969e-12
2.550e-04	-3.14749783541783730328730821421e-2	5.62408263945283612375096677550e-12
2.560e-04	-3.14768029600046680503810825648e-2	6.46368404517836174630855755719e-12
2.570e-04	-3.14786356919203848487620312969e-2	7.41982535683137757869151259597e-12
2.580e-04	-3.14804765641991951505116363649e-2	8.50743107232170913663217510952e-12
2.590e-04	-3.14823255912428953855422585849e-2	9.74317147647095268708664136734e-12
2.600e-04	-3.14841827875830474809874371519e-2	1.11456466505440641037309653159e-11
2.610e-04	-3.14860481678826560715970090283e-2	1.27355876186412566564405161544e-11
2.620e-04	-3.14879217469378831092725101905e-2	1.45360759981680160063305102644e-11
2.630e-04	-3.14898035396798008679257877061e-2	1.65727836099271924374949299813e-11
2.640e-04	-3.14916935611761843566879694672e-2	1.88742335957410708365585145947e-11
2.650e-04	-3.14935918266333441704479989274e-2	2.14720846879781630194837277076e-11
2.660e-04	-3.14954983513980008216523067151e-2	2.44014403759868677243023380537e-11
2.670e-04	-3.14974131509592016111380782340e-2	2.77011848192756691495618379938e-11
2.680e-04	-3.14993362409502811083863224671e-2	3.14143474663680521946843285197e-11
2.690e-04	-3.15012676371508663228464854538e-2	3.55884984516313193925814961596e-11
2.700e-04	-3.15032073554889276577796512790e-2	4.02761769600535519308166501909e-11
2.710e-04	-3.15051554120428767462616642113e-2	4.55353548719330265261498289092e-11
2.720e-04	-3.15071118230437122754529647245e-2	5.14299381257492327086143540418e-11
2.730e-04	-3.15090766048772149098402549779e-2	5.80303083680921639689817999767e-11
2.740e-04	-3.15110497740861924267506852665e-2	6.54139075944122928020973787479e-11
2.750e-04	-3.15130313473727761778903336991e-2	7.36658686234800877594287297588e-11
2.760e-04	-3.15150213416007699888216791197e-2	8.28796943917600128689792860151e-11
2.770e-04	-3.15170197737980526040214864076e-2	9.31579892013444526613402014733e-11
2.780e-04	-3.15190266611590347783091874117e-2	1.04613245206578044048314844875e-10
2.790e-04	-3.15210420210471721058451747456e-2	1.17368687579937400432434351191e-10
2.800e-04	-3.15230658709975346654313332597e-2	1.31559181957004440745257069339e-10
2.810e-04	-3.15250982287194345453334879705e-2	1.47332207923356611688400073217e-10
2.820e-04	-3.15271391120991122921509559950e-2	1.64848902472750773702910048143e-10
2.830e-04	-3.15291885392024833062130033259e-2	1.84285177535939004891989188973e-10
2.840e-04	-3.15312465282779451804426149555e-2	2.05832915852646324850517240371e-10
2.850e-04	-3.15333130977592469504315420360e-2	2.29701249635466954072245166647e-10
2.860e-04	-3.15353882662684211904836523862e-2	2.56117926653483851903875862008e-10
2.870e-04	-3.15374720526187798534149856325e-2	2.85330768545054359573167124398e-10
2.880e-04	-3.15395644758179747108660599178e-2	3.17609226353182838045104253595e-10
2.890e-04	-3.15416655550711232055355496944e-2	3.53246038466477182930763787825e-10
2.900e-04	-3.15437753097840004770965076755e-2	3.92558996312214960635018241759e-10
2.910e-04	-3.15458937595662982692325080540e-2	4.35892823409166275334552086076e-10
2.920e-04	-3.15480209242349513663969529148e-2	4.83621173460384524185980850944e-10
2.930e-04	-3.15501568238175321451046870658e-2	5.36148753473626170288881303900e-10
2.940e-04	-3.15523014785557137559081263930e-2	5.93913578020080415832353681811e-10
2.950e-04	-3.15544549089088023785327927847e-2	6.57389360956454015382552739001e-10
2.960e-04	-3.15566171355573389136358008326e-2	7.27088051123730976276328799452e-10
2.970e-04	-3.15587881794067703905500580719e-2	8.03562518726630811709592209327e-10
2.980e-04	-3.15609680615911912807114755143e-2	8.87409399287306559422334971211e-10
2.990e-04	-3.15631568034771548114090692494e-2	9.79272102254701776218453222158e-10
3.000e-04	-3.15653544266675542737123653694e-2	1.07984399153675380346463460498e-9
3.010e-04	-3.15675609530055742123973535686e-2	1.18987174540580158342767986224e-9
3.020e-04	-3.15697764045787112730330785649e-2	1.31015890340762678952189009188e-9
3.030e-04	-3.15720008037228643640968609799e-2	1.44156960808100771058643839621e-9
3.040e-04	-3.15742341730264936679534496258e-2	1.58503254946696191654034266343e-9
3.050e-04	-3.15764765353348479048793711249e-2	1.74154512055444727922193599334e-9
3.060e-04	-3.15787279137542591184024614397e-2	1.91217779197161873541755852398e-9
3.070e-04	-3.15809883316565041099226446191e-2	2.09807871438822441789101680382e-9
3.080e-04	-3.15832578126832315008158313725e-2	2.30047855724478150762596594056e-9
3.090e-04	-3.15855363807504532497517010689e-2	2.52069559256719963426106940135e-9
3.100e-04	-3.15878240600530992898391630444e-2	2.76014103276090812742859881599e-9
3.110e-04	-3.15901208750696337892578511904e-2	3.02032463140567287664553559037e-9
3.120e-04	-3.15924268505667313628132811517e-2	3.30286055619053111088280739371e-9
3.130e-04	-3.15947420116040113890612269830e-2	3.60947354323699175820465226228e-9
3.140e-04	-3.15970663835388284028541222509e-2	3.94200534215720311556254616018e-9
3.150e-04	-3.15993999920311163446326898047e-2	4.30242146128153032115345656612e-9
3.160e-04	-3.16017428630482842517723971300e-2	4.69281822256626053999259235985e-9
3.170e-04	-3.16040950228701607843292736473e-2	5.11543013575630844701367990969e-9
3.180e-04	-3.16064564980939847644070241980e-2	5.57263760142917185761749612079e-9
3.190e-04	-3.16088273156394386994914052896e-2	6.06697495258432906938463410419e-9
3.200e-04	-3.16112075027537220558339554200e-2	6.60113884446611859916343294621e-9
3.210e-04	-3.16135970870166608063784939476e-2	7.17799700231724425289536155326e-9
3.220e-04	-3.16159960963458495765308441119e-2	7.80059733675375069990168727972e-9
3.230e-04	-3.16184045590018224692992559026e-2	8.47217743642997140845848330386e-9
3.240e-04	-3.16208225035932484031281996054e-2	9.19617444762292048308649203710e-9
3.250e-04	-3.16232499590821466061213504412e-2	9.97623535030924778096767413728e-9
3.260e-04	-3.16256869547891175987190076147e-2	1.08162276402335821035571534208e-8
3.270e-04	-3.16281335203985848230977067776e-2	1.17202504263742307448201966353e-8
3.280e-04	-3.16305896859640417686236199476e-2	1.26926459531001891005801709663e-8
3.290e-04	-3.16330554819132992452916517005e-2	1.37380115561816471814133433526e-8
3.300e-04	-3.16355309390537271466286491535e-2	1.48612120616640924414772929162e-8
3.310e-04	-3.16380160885774848562258608657e-2	1.60673926364431369593077826102e-8
3.320e-04	-3.16405109620667340966150430933e-2	1.73619920991828106557676789311e-8
3.330e-04	-3.16430155914988278982829411819e-2	1.87507567000037291264575699123e-8
3.340e-04	-3.16455300092514689444541590751e-2	2.02397543771287830919701393006e-8
3.350e-04	-3.16480542481078304184283667446e-2	2.18353894984123115589498001354e-8
3.360e-04	-3.16505883412616321461012401815e-2	2.35444180953936771061246155610e-8
3.370e-04	-3.16531323223221645866746420230e-2	2.53739635972073238684993178869e-8
3.380e-04	-3.16556862253192529700371496658e-2	2.73315330713483718766742108084e-8
3.390e-04	-3.16582500847081535459784290519e-2	2.94250339779352203219388020981e-8
3.400e-04	-3.16608239353743738768874832814e-2	3.16627914437281381086833482505e-8
3.410e-04	-3.16634078126384084213247327638e-2	3.40535660617551576727536815111e-8
3.420e-04	-3.16660017522603809299478256298e-2	3.66065722219633977592206436117e-8
3.430e-04	-3.16686057904445845024720421206e-2	3.93314969778550891223293001103e-8
3.440e-04	-3.16712199638439100448395046083e-2	4.22385194535827836590325354386e-8
3.450e-04	-3.16738443095641536960041738517e-2	4.53383307954673596382619585116e-8
3.460e-04	-3.16764788651681935278902868894e-2	4.86421546713653773098022248828e-8
3.470e-04	-3.16791236686800254607178100959e-2	5.21617683207490157177598087199e-8
3.480e-04	-3.16817787585886481382166110280e-2	5.59095241577721761908572718721e-8
3.490e-04	-3.16844441738517864468045530546e-2	5.98983719289803730489225917038e-8
3.500e-04	-3.16871199538994432121255395078e-2	6.41418814266798193573709917152e-8
3.510e-04	-3.16898061386372674656565239466e-2	6.86542657583128784581732221644e-8
3.520e-04	-3.16925027684497294479259471049e-2	7.34504051714924881573633544055e-8
3.530e-04	-3.16952098842030897503292853181e-2	7.85458714336283277092870443589e-8
3.540e-04	-3.16979275272481524595882423748e-2	8.39569527643315068497905704953e-8
3.550e-04	-3.17006557394227891696734508579e-2	8.97006793180140309663752998231e-8
3.560e-04	-3.17033945630542235751864429000e-2	9.57948492133031164776466051517e-8
3.570e-04	-3.17061440409610642759195220578e-2	1.02258055105070460985385716759e-7
3.580e-04	-3.17089042164550723657310199079e-2	1.09109711294032606552306769993e-7
3.590e-04	-3.17116751333426538448996085053e-2	1.16370081368010283597947890605e-7
3.600e-04	-3.17144568359260627972350100287e-2	1.24060306368044855831307779628e-7
3.610e-04	-3.17172493690043037886175118787e-2	1.32202433471656896546118684073e-7
3.620e-04	-3.17200527778737194500053838757e-2	1.40819445184598357623856659051e-7
3.630e-04	-3.17228671083282543041744240131e-2	1.49935289031493797604166124036e-7
3.640e-04	-3.17256924066593766428979560368e-2	1.59574907734793737296594815127e-7
3.650e-04	-3.17285287196556496748441467504e-2	1.69764269870467509503855643620e-7
3.660e-04	-3.17313760946019406514375845613e-2	1.80530400987851816140361853679e-7
3.670e-04	-3.17342345792782486472796008596e-2	1.91901415180045383017309868613e-7
3.680e-04	-3.17371042219581442755837526864e-2	2.03906547090192376989042929270e-7
3.690e-04	-3.17399850714068074130394004721e-2	2.16576184337940401934968463425e-7
3.700e-04	-3.17428771768786487655766749897e-2	2.29941900349287095871142877357e-7
3.710e-04	-3.17457805881145017312624877939e-2	2.44036487571945259402420364924e-7
3.720e-04	-3.17486953553383741666772349171e-2	2.58893991057260485191247203262e-7
3.730e-04	-3.17516215292537496234585443559e-2	2.74549742388610979250669007125e-7
3.740e-04	-3.17545591610394181366431707026e-2	2.91040393935112137622250407182e-7
3.750e-04	-3.17575083023448307071539665062e-2	3.08403953408324855051097834661e-7
3.760e-04	-3.17604690052849676568115764086e-2	3.26679818698545451646825284788e-7
3.770e-04	-3.17634413224346982990913754810e-2	3.45908812966137558153380676469e-7
3.780e-04	-3.17664253068226310243026649252e-2	3.66133219962229603040596111318e-7
3.790e-04	-3.17694210119244351601221474433e-2	3.87396819551986279073544477854e-7
3.800e-04	-3.17724284916556336526793156218e-2	4.09744923412530083506486764790e-7
3.810e-04	-3.17754478003638402168972918115e-2	4.33224410876488457589662185612e-7
3.820e-04	-3.17784789928204329428706623773e-2	4.57883764891022448134539306064e-7
3.830e-04	-3.17815221242116809636135901584e-2	4.83773108061071059022964465259e-7
3.840e-04	-3.17845772501292696855396721202e-2	5.10944238744509576920582233056e-7
3.850e-04	-3.17876444265602487772499112512e-2	5.39450667165786565116462299452e-7
3.860e-04	-3.17907237098763802880052942001e-2	5.69347651513578024565891138562e-7
3.870e-04	-3.17938151568228848054812321298e-2	6.00692233986938900567071765094e-7
3.880e-04	-3.17969188245065499191223497833e-2	6.33543276753444369998995629751e-7
3.890e-04	-3.18000347703832599122927800405e-2	6.67961497781718642601387570041e-7
3.900e-04	-3.18031630522448577936117519760e-2	7.04009506509923409747338751022e-7
3.910e-04	-3.18063037282053670147627498788e-2	7.41751839310722871735569949285e-7
3.920e-04	-3.18094568566865989348491841093e-2	7.81254994712314118287653181519e-7
3.930e-04	-3.18126224964030886160238871193e-2	8.22587468334328860693471914031e-7
3.940e-04	-3.18158007063463802961685927630e-2	8.65819787496477307883635313592e-7
3.950e-04	-3.18189915457686631160534534276e-2	9.11024545457014839862368019935e-7
3.960e-04	-3.18221950741657026543745076365e-2	9.58276435237429741135203528459e-7
3.970e-04	-3.18254113512591612631129772828e-2	1.00765228298880782889748823355e-6
3.980e-04	-3.18286404369782257432358046906e-2	1.05923108085490120561492662321e-6
3.990e-04	-3.18318823914405171057848755715e-2	1.11309401928624328531792243424e-6
4.000e-04	-3.18351372749324195091025204568e-2	1.16932451875877637218396069627e-6
4.010e-04	-3.18384051478886015316200457857e-2	1.22800826085057833308481661559e-6
4.020e-04	-3.18416860708710801018707898213e-2	1.28923321862873844304947915641e-6
4.030e-04	-3.18449801045472907558748954662e-2	1.35308968629974086529117074264e-6
4.040e-04	-3.18482873096677898605850527012e-2	1.41967030807406947266366688720e-6
4.050e-04	-3.18516077470431549735757643655e-2	1.48907010619755538993167084799e-6
4.060e-04	-3.18549414775201474038026521332e-2	1.56138650810085363416760964051e-6
4.070e-04	-3.18582885619573946760801193832e-2	1.63671937261772518571908362024e-6
4.080e-04	-3.18616490612001928360181111619e-2	1.71517101522432979694391544218e-6
4.090e-04	-3.18650230360548995766045948914e-2	1.79684623224956341545853334279e-6
4.100e-04	-3.18684105472624579462638070456e-2	1.88185232400893714687505683524e-6
4.110e-04	-3.18718116554713601250534019866e-2	1.97029911681265602737805515468e-6
4.120e-04	-3.18752264212101328754039101803e-2	2.06229898379923283738840120558e-6
4.130e-04	-3.18786549048589412208812921449e-2	2.15796686454787524702549430536e-6
4.140e-04	-3.18820971666206854081129812515e-2	2.25742028342091978301154405349e-6
4.150e-04	-3.18855532664916964710149713181e-2	2.36077936658866332392158992722e-6
4.160e-04	-3.18890232642315028115968944655e-2	2.46816685769187134256335875167e-6
4.170e-04	-3.18925072193321589597865537149e-2	2.57970813209437703624198809094e-6
4.180e-04	-3.18960051909872709727357145183e-2	2.69553120967983993814275164290e-6
4.190e-04	-3.18995172380601276521254864792e-2	2.81576676615061314242020682362e-6
4.200e-04	-3.19030434190510077500477271924e-2	2.94054814278535276632990384429e-6
4.210e-04	-3.19065837920653494523884415633e-2	3.07001135460510561233134518493e-6
4.220e-04	-3.19101384147794982811215031813e-2	3.20429509692128720703665006432e-6
4.230e-04	-3.19137073444072865021135635013e-2	3.34354075021085160657051321529e-6
4.240e-04	-3.19172906376660927072715940196e-2	3.48789238328533829665810664737e-6
4.250e-04	-3.19208883507418175149312187725e-2	3.63749675471952332951073176927e-6
4.260e-04	-3.19245005392540897358516692403e-2	3.79250331249675922488608624289e-6
4.270e-04	-3.19281272582201145360416612331e-2	3.95306419184526525905491424600e-6
4.280e-04	-3.19317685620198189470839945370e-2	4.11933421121697885484815163966e-6
4.290e-04	-3.19354245043590062481322098385e-2	4.29147086639691102081358936901e-6
4.300e-04	-3.19390951382327560046849849424e-2	4.46963432270091197139893419160e-6
4.310e-04	-3.19427805158895382731302929171e-2	4.65398740522999538539619968494e-6
4.320e-04	-3.19464806887927482583442959175e-2	4.84469558717841664322351244507e-6
4.330e-04	-3.19501957075842648800390850346e-2	5.04192697614065737498744649617e-6
4.340e-04	-3.19539256220466730988083992197e-2	5.24585229841865318008525914163e-6
4.350e-04	-3.19576704810655156938190475062e-2	5.45664488130087779432344755689e-6
4.360e-04	-3.19614303325913831740909742930e-2	5.67448063329762262400139876720e-6
4.370e-04	-3.19652052236022821015140138738e-2	5.89953802231396000381945292389e-6
4.380e-04	-3.19689952000638788903061035178e-2	6.13199805176977974053125662118e-6
4.390e-04	-3.19728003068936533579724364338e-2	6.37204423460348922087582687976e-6
4.400e-04	-3.19766205879216049368354753246e-2	6.61986256521668497539569717280e-6
4.410e-04	-3.19804560858509005596103160193e-2	6.87564148932811766166789781533e-6
4.420e-04	-3.19843068422210244641255872368e-2	7.13957187170775570453283096912e-6
4.430e-04	-3.19881728973691453354148503080e-2	7.41184696183315172374205936910e-6
4.440e-04	-3.19920542903920143554921191403e-2	7.69266235744960138924457536277e-6
4.450e-04	-3.19959510591079839502352058692e-2	7.98221596604408111783354000213e-6
4.460e-04	-3.19998632400199793330702591989e-2	8.28070796423166966026085712898e-6
4.470e-04	-3.20037908682755807107688460406e-2	8.58834075511316900792419790366e-6
4.480e-04	-3.20077339776317761147917389656e-2	8.90531892352758963158782668326e-6
4.490e-04	-3.20116926004180949715194906805e-2	9.23184918928976408354011296516e-6
4.500e-04	-3.20156667674958507420602689637e-2	9.56814035847126501081674840855e-6
4.510e-04	-3.20196565082295835039426710441e-2	9.91440327252573880438946179079e-6
4.520e-04	-3.20236618504394022350623401795e-2	1.02708507557194442305148988288e-5
4.530e-04	-3.20276828203757839030804096781e-2	1.06376975603114843903593381810e-5
4.540e-04	-3.20317194426802878221602600647e-2	1.10151603100300274951461003871e-5
4.550e-04	-3.20357717403491919309217693442e-2	1.14034574416458495418391769235e-5
4.560e-04	-3.20398397346969997864934930873e-2	1.18028091447249156579933136911e-5
4.570e-04	-3.20439234453316919344765983521e-2	1.22134372993914499884868308463e-5
4.580e-04	-3.20480228901126219313486081379e-2	1.26355654126350636521748529909e-5
4.590e-04	-3.20521380851166428935837938356e-2	1.30694185527928119427871977256e-5
4.600e-04	-3.20562690446192473300745951770e-2	1.35152232820920776682422087918e-5
4.610e-04	-3.20604157810419349472449030039e-2	1.39732075882281673191482006088e-5
4.620e-04	-3.20645783049433201618776934052e-2	1.44436008135640213555638264315e-5
4.630e-04	-3.20687566249749861755406745998e-2	1.49266335835151571599123823834e-5
4.640e-04	-3.20729507478533399869940238053e-2	1.54225377332033203618927334561e-5
4.650e-04	-3.20771606783359067841616147689e-2	1.59315462326350394350010105319e-5
4.660e-04	-3.20813864191943867153085285747e-2	1.64538931106297408904339882071e-5
4.670e-04	-3.20856279711788897280757248086e-2	1.69898133777154219543340235623e-5
4.680e-04	-3.20898853330037532816495624027e-2	1.75395429473495615627273976179e-5
4.690e-04	-3.20941585013096254594854925105e-2	1.81033185565919078838310392244e-5
4.700e-04	-3.20984474706526601323530374462e-2	1.86813776850829314428782301926e-5
4.710e-04	-3.21027522334667449004039077575e-2	1.92739584737323211260155624739e-5
4.720e-04	-3.21070727800563575312932720814e-2	1.98812996417298342960797164597e-5
4.730e-04	-3.21114090985635551129406301398e-2	2.05036404034164888171707988856e-5
4.740e-04	-3.21157611749461876705748883442e-2	2.11412203841440047463392320372e-5
4.750e-04	-3.21201289929675448833713124058e-2	2.17942795351378202378216122114e-5
4.760e-04	-3.21245125341793856906857653441e-2	2.24630580479450086615388834171e-5
4.770e-04	-3.21289117778942841062234436357e-2	2.31477962687209064652274922083e-5
4.780e-04	-3.21333267011676884883846158352e-2	2.38487346118335636554304379942e-5
4.790e-04	-3.21377572788009817797399052889e-2	2.45661134724327587682656580866e-5
4.800e-04	-3.21422034833097507095061189321e-2	2.53001731398825744916106147245e-5
4.810e-04	-3.21466652849088517277684511437e-2	2.60511537105221096147562626057e-5
4.820e-04	-3.21511426515142728668507898761e-2	2.68192949997376646221278589180e-5
4.830e-04	-3.21556355487429075850957506399e-2	2.76048364540351707640064557452e-5
4.840e-04	-3.21601439398541021800326800310e-2	2.84080170653890665925412941816e-5
4.850e-04	-3.21646677857975949953359606561e-2	2.92290752818195057202383424647e-5
4.860e-04	-3.21692070451637483182433989289e-2	3.00682489218671818422731269216e-5
4.870e-04	-3.21737616742142196134026065900e-2	3.09257750862951855484134896997e-5
4.880e-04	-3.21783316268491059507491238424e-2	3.18018900727035955227279135899e-5
4.890e-04	-3.21829168546120207551357511782e-2	3.26968292891486466503257382830e-5
4.900e-04	-3.21875173066749444238969213458e-2	3.36108271691975883342181953260e-5
4.910e-04	-3.21921329298726335129483271790e-2	3.45441170854325890420958112721e-5
4.920e-04	-3.21967636686537115368260132736e-2	3.54969312674022986358681045623e-5
4.930e-04	-3.22014094651472461467708039323e-2	3.64695007151074700310020855126e-5
4.940e-04	-3.22060702590684303497517209431e-2	3.74620551209334661175453199034e-5
4.950e-04	-3.22107459878193835296854991578e-2	3.84748227832791279111323884309e-5
4.960e-04	-3.22154365864201854019891983395e-2	3.95080305293961641685789458292e-5
4.970e-04	-3.22201419875955086242274467948e-2	4.05619036315495965340424894475e-5
4.980e-04	-3.22248621216623551627074503529e-2	4.16366657346521981972723751120e-5
4.990e-04	-3.22295969166581784847854645268e-2	4.27325387725702222895366067799e-5
5.000e-04	-3.22343462982804019971618689397e-2	4.38497428956480026800172064951e-5
5.010e-04	-3.22391101898912676671809732522e-2	4.49884963963151458603773055185e-5
5.020e-04	-3.22438885126157474378116440562e-2	4.61490156305888508961374782336e-5
5.030e-04	-3.22486811852002528600277839053e-2	4.73315149550799598498957024124e-5
5.040e-04	-3.22534881241810815994803586514e-2	4.85362066473444654559459667123e-5
5.050e-04	-3.22583092438092173980837587123e-2	4.97633008422279473435686061710e-5
5.060e-04	-3.22631444560874211669373382502e-2	5.10130054632463957229351114511e-5
5.070e-04	-3.22679936707566835575694503378e-2	5.22855261589057420810929360674e-5
5.080e-04	-3.22728567954301915460777036875e-2	5.35810662309178711769480965014e-5
5.090e-04	-3.22777337354054633066833118901e-2	5.48998265857812283907013937002e-5
5.100e-04	-3.22826243938919754559837755051e-2	5.62420056602672047218622119455e-5
5.110e-04	-3.22875286719112171553023955540e-2	5.76077993709097709319066134345e-5
5.120e-04	-3.22924464683470271123064610906e-2	5.89974010552772318642062301316e-5
5.130e-04	-3.22973776799672039260530248948e-2	6.04110014171344712128584721959e-5
5.140e-04	-3.23023222014459643881650057829e-2	6.18487884735378709150110521259e-5
5.150e-04	-3.23072799253441325535187478065e-2	6.33109475073256019984055186694e-5
5.160e-04	-3.23122507423035827514585971527e-2	6.47976610046638593969763478319e-5
5.170e-04	-3.23172345407722935202163827959e-2	6.63091086319325734287765996623e-5
5.180e-04	-3.23222312073830495701914345788e-2	6.78454671623552863183575603707e-5
5.190e-04	-3.23272406266102565269504338841e-2	6.94069104635409477745598809330e-5
5.200e-04	-3.23322626811295618313411208251e-2	7.09936094289997014806626654228e-5
5.210e-04	-3.23372972517110825936280371887e-2	7.26057319502816930482284405756e-5
5.220e-04	-3.23423442170718470916668537988e-2	7.42434428963932209727953312285e-5
5.230e-04	-3.23474034542356624950657915388e-2	7.59069040498358831058617862675e-5
5.240e-04	-3.23524748383444306566814722837e-2	7.75962740935177662387634881478e-5
5.250e-04	-3.23575582427422026972891749802e-2	7.93117085756933970664098541649e-5
5.260e-04	-3.23626535390057968814089102785e-2	8.10533598817684180534034482843e-5
5.270e-04	-3.23677605969759188825096093727e-2	8.28213772082103324605884481144e-5
5.280e-04	-3.23728792848649692842500285376e-2	8.46159065307289261728980221647e-5
5.290e-04	-3.23780094689874939766486265473e-2	8.64370906132231665393138069905e-5
5.300e-04	-3.23831510142402540829087754788e-2	8.82850689424191727008591450712e-5
5.310e-04	-3.23883037838397761193229974080e-2	9.01599777400536074632384495050e-5
5.320e-04	-3.23934676394286290808967776203e-2	9.20619499398318084312005957600e-5
5.330e-04	-3.23986424411089704262344366753e-2	9.39911151738006794249508801805e-5
5.340e-04	-3.24038280474763989982792331233e-2	9.59475997607490618932450228535e-5
5.350e-04	-3.24090243157557072628753182551e-2	9.79315266847635327010392300883e-5
5.360e-04	-3.24142311014329401854360200954e-2	9.99430156343301832561016458379e-5
5.370e-04	-3.24194482588874064463815126093e-2	1.01982182927648630230399795099e-4
5.380e-04	-3.24246756411466950287519795848e-2	1.04049141540230418981130863775e-4
5.390e-04	-3.24299130995658244728977626610e-2	1.06144001147386236766323810077e-4
5.400e-04	-3.24351604846596329812755934680e-2	1.08266868026555738153278014790e-4
5.410e-04	-3.24404176453317538083463622501e-2	1.10417845158595358953482620566e-4
5.420e-04	-3.24456844292386331063607626252e-2	1.12597032192073775546303886005e-4
5.430e-04	-3.24509606832403892200175544150e-2	1.14804525393523809062550885298e-4
5.440e-04	-3.24562462526490190840232698866e-2	1.17040417757366034477057485014e-4
5.450e-04	-3.24615409817837206113242709515e-2	1.19304798947453954027749157617e-4
5.460e-04	-3.24668447138776443009302112167e-2	1.21597755324429482158652096973e-4
5.470e-04	-3.24721572911133559769066371975e-2	1.23919369958079284127047547588e-4
5.480e-04	-3.24774785548260076996307769852e-2	1.26269722616984521168353387958e-4
5.490e-04	-3.24828083448739729785735588874e-2	1.28648889879996112873537075900e-4
5.500e-04	-3.24881465008424714964140138534e-2	1.31056944984287728177883827827e-4
5.510e-04	-3.24934928607107175809071254473e-2	1.33493958043921075025373541583e-4
5.520e-04	-3.24988472623061475997747729104e-2	1.35959995859050335792743276517e-4
5.530e-04	-3.25042095420685546163117858757e-2	1.38455122127862681899492738118e-4
5.540e-04	-3.25095795358134879251845985893e-2	1.40979397359940832534966532272e-4
5.550e-04	-3.25149570788023301751163029752e-2	1.43532878892455123901799248262e-4
5.560e-04	-3.25203420049199220452031364457e-2	1.46115621053306039795639022227e-4
5.570e-04	-3.25257341482141268532488388350e-2	1.48727674945084353130420372710e-4
5.580e-04	-3.25311333414089218362485338141e-2	1.51369088718987278199986177094e-4
5.590e-04	-3.25365394168099784995249637534e-2	1.54039907462439372071637281380e-4
5.600e-04	-3.25419522061218735483428565967e-2	1.56740173264012719646111274231e-4
5.610e-04	-3.25473715404811263914876076944e-2	1.59469925244508386123270046865e-4
5.620e-04	-3.25527972504889367236859072740e-2	1.62229199589050707434624168197e-4
5.630e-04	-3.25582291665284857436387645823e-2	1.65018029528481387042603351746e-4
5.640e-04	-3.25636671179618621127508412092e-2	1.67836445523317393317889905594e-4
5.650e-04	-3.25691109339783419590837690547e-2	1.70684475153374384937596926786e-4
5.660e-04	-3.25745604433595903755866854650e-2	1.73562143200406642212525867579e-4
5.670e-04	-3.25800154748361390132051116340e-2	1.76469471622223576518522370038e-4
5.680e-04	-3.25854758561634432662771741033e-2	1.79406479771185386174154428841e-4
5.690e-04	-3.25909414150859810086910394899e-2	1.82373184256488101325832237773e-4
5.700e-04	-3.25964119790625438974227757954e-2	1.85369599039608009189528544165e-4
5.710e-04	-3.26018873752957318197818343000e-2	1.88395735473561756715157413650e-4
5.720e-04	-3.26073674311436508746313730426e-2	1.91451602264338041150604479458e-4
5.730e-04	-3.26128519730254588815795825968e-2	1.94537205739340984650668697922e-4
5.740e-04	-3.26183408275489734157240795697e-2	1.97652549667007963409145321741e-4
5.750e-04	-3.26238338211796444672458602854e-2	2.00797635369798836997631496957e-4
5.760e-04	-3.26293307807019259507245642005e-2	2.03972461672337004887746278574e-4
5.770e-04	-3.26348315319715627963554350262e-2	2.07177025216183556279883748009e-4
5.780e-04	-3.26403359011903829526996446976e-2	2.10411320237668624807721573719e-4
5.790e-04	-3.26458437145246669934771831755e-2	2.13675338696488020981415402997e-4
5.800e-04	-3.26513547986215376701454678954e-2	2.16969070207501211817265083740e-4
5.810e-04	-3.26568689791917933706492271386e-2	2.20292502408437315403281839003e-4
5.820e-04	-3.26623860824477206004520841709e-2	2.23645620688305867599589133344e-4
5.830e-04	-3.26679059352028054135657490259e-2	2.27028408206948892659390615501e-4
5.840e-04	-3.26734283627626566986486267366e-2	2.30440846439114620171604752792e-4
5.850e-04	-3.26789531932636601952536873132e-2	2.33882914201439793401181567357e-4
5.860e-04	-3.26844802516549046836820113841e-2	2.37354589130438533787604033709e-4
5.870e-04	-3.26900093658599229775829780563e-2	2.40855846259866089141339315305e-4
5.880e-04	-3.26955403622530028206185821884e-2	2.44386659158687177862268944136e-4
5.890e-04	-3.27010730679775998373360851864e-2	2.47946999420297253610724449486e-4
5.900e-04	-3.27066073103970586691317994489e-2	2.51536836844025109954777247111e-4
5.910e-04	-3.27121429177934699931518679799e-2	2.55156139304065905228631656690e-4
5.920e-04	-3.27176797173912011115097572773e-2	2.58804873304820055353551869423e-4
5.930e-04	-3.27232175380529381619740024413e-2	2.62483003337354135041169229649e-4
5.940e-04	-3.27287562075446818494780136679e-2	2.66190492638429535358349594920e-4
5.950e-04	-3.27342955546279273446533144130e-2	2.69927302694928116145640547519e-4
5.960e-04	-3.27398354091799935699020206321e-2	2.73693393249429239283795869484e-4
5.970e-04	-3.27453755991100794559310292674e-2	2.77488723187199795458786766617e-4
5.980e-04	-3.27509159566463063984180400206e-2	2.81313248865870474464604543684e-4
5.990e-04	-3.27564563095867657759012328389e-2	2.85166926568972615311299733144e-4
6.000e-04	-3.27619964902139100035879235037e-2	2.89049710086788104133702120575e-4
6.010e-04	-3.27675363287306873911650698364e-2	2.92961552590581045191035097950e-4
6.020e-04	-3.27730756575177781586544572360e-2	2.96902405478768582832669679568e-4
6.030e-04	-3.27786143076147128243727929551e-2	3.00872219430186958932412112878e-4
6.040e-04	-3.27841521113945940396149825050e-2	3.04870943682939442610649015430e-4
6.050e-04	-3.27896889027024271691089545355e-2	3.08898526024966745081439692446e-4
6.060e-04	-3.27952245139344351652424462546e-2	3.12954913707873953644675546394e-4
6.070e-04	-3.28007587789338296577788183257e-2	3.17040052635010580484488828678e-4
6.080e-04	-3.28062915331359054806375074076e-2	3.21153887346108286460407462923e-4
6.090e-04	-3.28118226104059346189833261684e-2	3.25296362030270552513721506494e-4
6.100e-04	-3.28173518473042979518355992301e-2	3.29467419257501798748133937135e-4
6.110e-04	-3.28228790787328299693475616346e-2	3.33667001372382110640372483485e-4
6.120e-04	-3.28284041412315328988443015624e-2	3.37895049511178894086471070999e-4
6.130e-04	-3.28339268731358277220560032601e-2	3.42151503575587491550253542806e-4
6.140e-04	-3.28394471109779948697055566151e-2	3.46436303431933030491118357439e-4
6.150e-04	-3.28449646930450199520223519734e-2	3.50749387812891203233330359801e-4
6.160e-04	-3.28504794595437110229320435423e-2	3.55090694284081438514731896454e-4
6.170e-04	-3.28559912500707310098735154096e-2	3.59460160113816018648925602888e-4
6.180e-04	-3.28614999020734069045556321851e-2	3.63857722852897959334750513309e-4
6.190e-04	-3.28670052590349101512787207268e-2	3.68283317610795322173472331237e-4
6.200e-04	-3.28725071624385485432625636154e-2	3.72736879787260907236852321650e-4
6.210e-04	-3.28780054529224679067964583652e-2	3.77218344746958372951376697601e-4
6.220e-04	-3.28834999731592205814090627683e-2	3.81727646865140457590705111747e-4
6.230e-04	-3.28889905680408949133629926689e-2	3.86264719475813647172655143931e-4
6.240e-04	-3.28944770800684431512704340414e-2	3.90829496533672941180863220859e-4
6.250e-04	-3.28999593555416980957896626785e-2	3.95421910459405226864467767614e-4
6.260e-04	-3.29054372382314796338704898585e-2	4.00041894430556798044848357988e-4
6.270e-04	-3.29109105741515427398954418649e-2	4.04689380710584484716127144272e-4
6.280e-04	-3.29163792117595256759689699254e-2	4.09364300582325943968150037972e-4
6.290e-04	-3.29218429985655714972479017626e-2	4.14066585620029218392112866240e-4
6.300e-04	-3.29273017809335444247487506335e-2	4.18796167821099976500712050775e-4
6.310e-04	-3.29327554076437492634713190904e-2	4.23552978311325415580817002893e-4
6.320e-04	-3.29382037301074377776298727218e-2	4.28336947265668619412095252470e-4
6.330e-04	-3.29436465966685477885916905269e-2	4.33148006109101509713463375682e-4
6.340e-04	-3.29490838602420045949827814520e-2	4.37986084629197682079218652227e-4
6.350e-04	-3.29545153705052722120301490196e-2	4.42851114009854878224254238002e-4
6.360e-04	-3.29599409797789812945465462767e-2	4.47743024593190129043328772858e-4
6.370e-04	-3.29653605432596422443235098847e-2	4.52661745783273643800827082753e-4
6.380e-04	-3.29707739148461363467432042582e-2	4.57607207716819423977223905924e-4
6.390e-04	-3.29761809469030695972379588310e-2	4.62579341416638853961791171547e-4
6.400e-04	-3.29815814946287324379926611129e-2	4.67578077068257790935572398366e-4
6.410e-04	-3.29869754163033277046056192526e-2	4.72603343909032733528027722587e-4
6.420e-04	-3.29923625663144901797914062147e-2	4.77655073107768676917797848632e-4
6.430e-04	-3.29977428044970014219436844847e-2	4.82733193957677287730753243932e-4
6.440e-04	-3.30031159865884009939886927107e-2	4.87837637843749271066246048796e-4
6.450e-04	-3.30084819739840755145524571056e-2	4.92968334202630085946069803992e-4
6.460e-04	-3.30138406263981261474793453880e-2	4.98125213603289262077919616550e-4
6.470e-04	-3.30191917989049608705759460029e-2	5.03308209080047438955299651197e-4
6.480e-04	-3.30245353605625933348347082594e-2	5.08517248160508849588365248093e-4
6.490e-04	-3.30298711650425381853330228374e-2	5.13752265507711019437146747282e-4
6.500e-04	-3.30351990832008252778094783295e-2	5.19013188861364301658281474938e-4
6.510e-04	-3.30405189698104533289768250668e-2	5.24299953541334946364249209320e-4
6.520e-04	-3.30458306975334050566185721266e-2	5.29612487567608455042399077285e-4
6.530e-04	-3.30511341252724676376933272642e-2	5.34950725633842486994608080828e-4
6.540e-04	-3.30564291183697329640552430812e-2	5.40314600209972843369372116703e-4
6.550e-04	-3.30617155460560714885030727290e-2	5.45704042631492545859718174005e-4
6.560e-04	-3.30669932720646960819716437093e-2	5.51118987374230381767216224710e-4
6.570e-04	-3.30722621671896106011976413769e-2	5.56559366364459786995847118817e-4
6.580e-04	-3.30775220964637411952960212912e-2	5.62025114860365438419476442285e-4
6.590e-04	-3.30827729322397710949094491603e-2	5.67516165441288172654545268631e-4
6.600e-04	-3.30880145408369267377255002217e-2	5.73032454215578272881472513793e-4
6.610e-04	-3.30932467961609191656561943215e-2	5.78573914474659747789274929742e-4
6.620e-04	-3.30984695694537719691776333836e-2	5.84140481496899951657177898412e-4
6.630e-04	-3.31036827289377562968836418109e-2	5.89732092785058182597132597586e-4
6.640e-04	-3.31088861470386899036517284319e-2	5.95348684639945695967742095700e-4
6.650e-04	-3.31140797007469037799904955242e-2	6.00990191941587944150155307665e-4
6.660e-04	-3.31192632640962872166749328803e-2	6.06656551789164870037114744417e-4
6.670e-04	-3.31244367077853742547660183947e-2	6.12347703756765644069747866400e-4
6.680e-04	-3.31295999069916279338950878337e-2	6.18063586085626872021231996131e-4
6.690e-04	-3.31347527459397326672209252890e-2	6.23804133351449303737956240357e-4
6.700e-04	-3.31398950888451205306633912793e-2	6.29569290959761006518040510226e-4
6.710e-04	-3.31450268257099308616437887225e-2	6.35358992299563236778231552678e-4
6.720e-04	-3.31501478216055727032447223381e-2	6.41173184189399735313527494207e-4
6.730e-04	-3.31552579683603987495122493890e-2	6.47011800801267391913972650602e-4
6.740e-04	-3.31603571364723852513298496428e-2	6.52874788052224415624969418927e-4
6.750e-04	-3.31654452057879385778031502098e-2	6.58762088044313454011995441415e-4
6.760e-04	-3.31705220615784266180962145929e-2	6.64673640983892909232100452919e-4
6.770e-04	-3.31755875852497667013441227626e-2	6.70609389991249162596577469323e-4
6.780e-04	-3.31806416538959075152052485436e-2	6.76569281413876033567954912223e-4
6.790e-04	-3.31856841499332291581841059332e-2	6.82553259793446198977608515705e-4
6.800e-04	-3.31907149666942590650841583891e-2	6.88561264811235404554727545532e-4
6.810e-04	-3.31957339779394562498461487647e-2	6.94593247516499612113948700835e-4
6.820e-04	-3.32007410679637202675506522487e-2	7.00649154375767803660079423668e-4
6.830e-04	-3.32057361271078472810295872245e-2	7.06728929564239121792847396965e-4
6.840e-04	-3.32107190356534319812391465777e-2	7.12832523690120310895579998680e-4
6.850e-04	-3.32156896909876765101161616585e-2	7.18959879032476197868775359799e-4
6.860e-04	-3.32206479632401730648837984072e-2	7.25110953813885521952388034778e-4
6.870e-04	-3.32255937569332800622340866564e-2	7.31285688366032060958421842117e-4
6.880e-04	-3.32305269427723678950936389653e-2	7.37484042737512911325704495108e-4
6.890e-04	-3.32354474270749960090298193689e-2	7.43705958207819515545046750080e-4
6.900e-04	-3.32403550872384253542915543494e-2	7.49951393218074376165482805776e-4
6.910e-04	-3.32452498129035741123015840538e-2	7.56220300440498607650052802154e-4
6.920e-04	-3.32501315070253578509734902976e-2	7.62512625990991673958439816779e-4
6.930e-04	-3.32550000415765237670469285806e-2	7.68828334674440429580388668826e-4
6.940e-04	-3.32598553273420124613348880926e-2	7.75167370176470456646255820233e-4
6.950e-04	-3.32646972434448483754289517935e-2	7.81529695382049779176135653072e-4
6.960e-04	-3.32695256822983632343673300580e-2	7.87915266643562908743560777725e-4
6.970e-04	-3.32743405438007127739594624922e-2	7.94324036992968498427437253651e-4
6.980e-04	-3.32791417217862253958600539011e-2	8.00755964024725570001242217993e-4
6.990e-04	-3.32839291106202176112119946102e-2	8.07211006090058450150638895549e-4
7.000e-04	-3.32887025978774631762503741380e-2	8.13689126658492327434088022946e-4
7.010e-04	-3.32934620785928503827945196708e-2	8.20190285899473104081717771792e-4
7.020e-04	-3.32982074558705889100488143992e-2	8.26714440211577832153234134201e-4
7.030e-04	-3.33029386261287813154329990507e-2	8.33261551030426221702853037378e-4
7.040e-04	-3.33076554784610850107709823914e-2	8.39831585325603888443144488866e-4
7.050e-04	-3.33123579178408898246292467364e-2	8.46424501549568379240804484219e-4
7.060e-04	-3.33170458421622460009770948123e-2	8.53040263494731222406854174891e-4
7.070e-04	-3.33217191415762125070561550063e-2	8.59678840816359666422273753093e-4
7.080e-04	-3.33263777228829678148858016553e-2	8.66340194041738270402843108720e-4
7.090e-04	-3.33310214853948179321171838761e-2	8.73024289355507881181563876911e-4
7.100e-04	-3.33356503202464923020225801997e-2	8.79731099149638337713767626287e-4
7.110e-04	-3.33402641272408939614978265142e-2	8.86460591562818315418353079238e-4
7.120e-04	-3.33448628244685375756771488821e-2	8.93212724282147150441832823461e-4
7.130e-04	-3.33494462953334184512649718005e-2	8.99987477889597498669503773258e-4
7.140e-04	-3.33540144409421035776181737769e-2	9.06784822986050728814017967322e-4
7.150e-04	-3.33585671721861302687209748994e-2	9.13604725004434168570378625360e-4
7.160e-04	-3.33631043914539429285581273804e-2	9.20447155836315283567599528406e-4
7.170e-04	-3.33676260015491301292575439503e-2	9.27312088198392094998797798576e-4
7.180e-04	-3.33721318958565724134901331568e-2	9.34199502015732130866073060042e-4
7.190e-04	-3.33766219775188431390224663272e-2	9.41109372057516500540654630489e-4
7.200e-04	-3.33810961703485199516482837284e-2	9.48041660648488691754344893121e-4
7.210e-04	-3.33855543586050079655308287154e-2	9.54996357001067471890914412786e-4
7.220e-04	-3.33899964570390735571863896366e-2	9.61973431499420933782924876493e-4
7.230e-04	-3.33944223601591137499908861694e-2	9.68972868939562285258777354717e-4
7.240e-04	-3.33988319837719062695526491985e-2	9.75994641127783024644302806022e-4
7.250e-04	-3.34032252227716697493871698634e-2	9.83038734843350910783386818661e-4
7.260e-04	-3.34076020051416953124039304783e-2	9.90105115822415154867152850619e-4
7.270e-04	-3.34119622040189785219403497156e-2	9.97193787683332338947203872947e-4
7.280e-04	-3.34163057597212002726955247010e-2	1.00430470993831892421973379514e-3
7.290e-04	-3.34206325566716800884701043936e-2	1.01143788087573167771380571488e-3
7.300e-04	-3.34249425137335863387242199349e-2	1.01859327656410087318291423482e-3
7.310e-04	-3.34292355267468672720920560074e-2	1.02577088983815097434149948262e-3
7.320e-04	-3.34335115155519813675284199763e-2	1.03297069818870885591277136156e-3
7.330e-04	-3.34377703886274448731946349825e-2	1.04019268791873293510163263357e-3
7.340e-04	-3.34420120547494192689107676401e-2	1.04743684619686981361126749086e-3
7.350e-04	-3.34462364102057972306978686911e-2	1.05470316998552495296329481646e-3
7.360e-04	-3.34504433767392931850060027956e-2	1.06199163960847417417391468859e-3
7.370e-04	-3.34546328508019401770612011683e-2	1.06930225412401220381082842008e-3
7.380e-04	-3.34588047550547067865319274687e-2	1.07663499527348805366444777013e-3
7.390e-04	-3.34629589996416557284148201918e-2	1.08398985460021072723474657765e-3
7.400e-04	-3.34670954811928229000431468954e-2	1.09136683433822180175348001535e-3
7.410e-04	-3.34712141237133158734029730881e-2	1.09876591834683037529284399054e-3
7.420e-04	-3.34753148380827950700303232121e-2	1.10618710081728083722261096756e-3
7.430e-04	-3.34793975210224488011984941091e-2	1.11363038720296283145685783181e-3
7.440e-04	-3.34834620978375012450122543900e-2	1.12109576347506449919253621086e-3
7.450e-04	-3.34875084800777110432059902066e-2	1.12858322649129194130289123672e-3
7.460e-04	-3.34915365795040161987143645095e-2	1.13609277399942422420373410911e-3
7.470e-04	-3.34955462928246474193786867424e-2	1.14362441581195728473430677742e-3
7.480e-04	-3.34995375470124468557853011786e-2	1.15117814070236600067119004072e-3
7.490e-04	-3.35035102387057445256418694788e-2	1.15875396069795795352479559340e-3
7.500e-04	-3.35074642956780870959131224500e-2	1.16635186597305218043068862132e-3
7.510e-04	-3.35113996306206881466367400963e-2	1.17397185877528928136891674795e-3
7.520e-04	-3.35153161399951407123930430977e-2	1.18161395448965073865887637390e-3
7.530e-04	-3.35192137693759653526956450084e-2	1.18927813292446219312801723363e-3
7.540e-04	-3.35230923988982697101126105975e-2	1.19696442373981085185630052472e-3
7.550e-04	-3.35269519411516820024508153671e-2	1.20467283349314012306741554580e-3
7.560e-04	-3.35307923262028563322076513642e-2	1.21240335653205232487020943038e-3
7.570e-04	-3.35346134676153821742531795716e-2	1.22015600057481834147178709943e-3
7.580e-04	-3.35384152790744808449445194893e-2	1.22793077425652686769287852303e-3
7.590e-04	-3.35421976562727577246921254336e-2	1.23572770098895956997084976063e-3
7.600e-04	-3.35459605307113583956328075240e-2	1.24354677788164029170355216784e-3
7.610e-04	-3.35497038163861778654744880555e-2	1.25138801634534313104483845294e-3
7.620e-04	-3.35534274085014734412514985093e-2	1.25925144332259342002658448259e-3
7.630e-04	-3.35571312395810912803522400758e-2	1.26713705798848841235882030954e-3
7.640e-04	-3.35608152238619690819728565240e-2	1.27504487455361513162639472406e-3
7.650e-04	-3.35644792756487432613231509492e-2	1.28297490816383008446808978187e-3
7.660e-04	-3.35681232893467993763311376109e-2	1.29092719055512586873876522044e-3
7.670e-04	-3.35717471987785023649285169355e-2	1.29890172364264332100742469915e-3
7.680e-04	-3.35753508978793680184022298757e-2	1.30689854160508777503772441318e-3
7.690e-04	-3.35789343418865082058675623949e-2	1.31491763125182192081395122816e-3
7.700e-04	-3.35824974039942939694490380818e-2	1.32295904514422338450676331678e-3
7.710e-04	-3.35860399978705240122807247921e-2	1.33102280497399691869029507491e-3
7.720e-04	-3.35895620805121936642572258216e-2	1.33910889873734169308928319692e-3
7.730e-04	-3.35930635234125716556820232866e-2	1.34721738358784165533311084338e-3
7.740e-04	-3.35965442624765242345689276819e-2	1.35534826621425850888107872000e-3
7.750e-04	-3.36000041896546928511220740650e-2	1.36350158955552711747601663430e-3
7.760e-04	-3.36034432413983976158355971889e-2	1.37167736166543023729361891285e-3
7.770e-04	-3.36068613321660318082499826998e-2	1.37987560920569539024233910732e-3
7.780e-04	-3.36102583763790355714663128895e-2	1.38809635981675323295856438955e-3
7.790e-04	-3.36136342646008240779488075632e-2	1.39633966161319332999928556429e-3
7.800e-04	-3.36169889584595308034007964309e-2	1.40460550554621840791431872550e-3
7.810e-04	-3.36203222998060900233994936127e-2	1.41289398167888024514104629977e-3
7.820e-04	-3.36236342752192141216794680455e-2	1.42120506217025116567691075569e-3
7.830e-04	-3.36269247495509618766083518852e-2	1.42953882026310637280141039404e-3
7.840e-04	-3.36301936612602433048232093643e-2	1.43789526943701918075648022735e-3
7.850e-04	-3.36334409242527570696035720059e-2	1.44627444432597458152485371640e-3
7.860e-04	-3.36366664261981877024079887463e-2	1.45467640243904502660451332074e-3
7.870e-04	-3.36398701062224824314756995988e-2	1.46310115929406598779304946663e-3
7.880e-04	-3.36430518778787933519094251147e-2	1.47154875259333708464844414374e-3
7.890e-04	-3.36462116545887677734481704950e-2	1.48001922106721318543463744363e-3
7.900e-04	-3.36493493220950705052801142663e-2	1.48851262780013022309665641416e-3
7.910e-04	-3.36524648203450387251392499175e-2	1.49702899102731317433198148748e-3
7.920e-04	-3.36555580623004347523510789530e-2	1.50556835260962355623832934681e-3
7.930e-04	-3.36586289607553773657621271274e-2	1.51413075545751811460627673498e-3
7.940e-04	-3.36616773993176809204406440885e-2	1.52271626839707918461550826835e-3
7.950e-04	-3.36647033186725095254416761499e-2	1.53132491239027524623068185088e-3
7.960e-04	-3.36677066012736445776442531374e-2	1.53995675920847008929949971358e-3
7.970e-04	-3.36706872182935279785735459327e-2	1.54861180511943900541184827285e-3
7.980e-04	-3.36736450216018842696540963849e-2	1.55729015012889931112737573925e-3
7.990e-04	-3.36765799525365453627907108787e-2	1.56599181793984519419879890060e-3
8.000e-04	-3.36794919224317363376479234756e-2	1.57471685900988191443725673721e-3
8.010e-04	-3.36823808106334694058578568060e-2	1.58346535265661178827890964149e-3
8.020e-04	-3.36852465589081440067736783608e-2	1.59223732465619056399526928165e-3
8.030e-04	-3.36880890778171617648076450545e-2	1.60103282880267436944607647878e-3
8.040e-04	-3.36909082776487030195322560324e-2	1.60985192001102684519490920286e-3
8.050e-04	-3.36937040350030046071171425991e-2	1.61869468386687973570693048618e-3
8.060e-04	-3.36964762921436225978405137008e-2	1.62756114892734124993199400929e-3
8.070e-04	-3.36992249584645734925328921997e-2	1.63645137353308088506056444170e-3
8.080e-04	-3.37019499083472646977971508034e-2	1.64536544811849925691651633212e-3
8.090e-04	-3.37046511195031004601616872571e-2	1.65430337193069297272122305924e-3
8.100e-04	-3.37073284305048571746030741961e-2	1.66326526916550178703068743274e-3
8.110e-04	-3.37099817841103958359445294858e-2	1.67225117189718752163111707400e-3
8.120e-04	-3.37126110515319900871708497026e-2	1.68126117722297285684250122050e-3
8.130e-04	-3.37152161756740511874508328463e-2	1.69029531865299694595356487795e-3
8.140e-04	-3.37177971008939441811016956683e-2	1.69935362889592808194615863893e-3
8.150e-04	-3.37203536214935697830459597124e-2	1.70843627751845031534989941935e-3
8.160e-04	-3.37228857558712541560423117971e-2	1.71754323184322102106811510693e-3
8.170e-04	-3.37253933335037366197314799991e-2	1.72667463155526033205863578187e-3
8.180e-04	-3.37278762975745228889544976356e-2	1.73583051377756959265771363933e-3
8.190e-04	-3.37303345529440703721761050857e-2	1.74501095131531167359942866815e-3
8.200e-04	-3.37327680040247932805634573606e-2	1.75421601823733712713121618206e-3
8.210e-04	-3.37351765139483607131388076716e-2	1.76344582756822695587671483437e-3
8.220e-04	-3.37375600260003184771329403547e-2	1.77270041938905216998443978475e-3
8.230e-04	-3.37399184431604117548621859913e-2	1.78197987164668258004009667178e-3
8.240e-04	-3.37422516679115036239198834557e-2	1.79128426359630091101693896349e-3
8.250e-04	-3.37445595593404186894018254622e-2	1.80061371580762123573537299453e-3
8.260e-04	-3.37468420607239942784901151227e-2	1.80996827138741946740902454885e-3
8.270e-04	-3.37490990729614891695571631931e-2	1.81934801361003481541401968952e-3
8.280e-04	-3.37513304964039348230424374700e-2	1.82875302710694440810897867910e-3
8.290e-04	-3.37535361857957960065010039138e-2	1.83818344031002435034787869159e-3
8.300e-04	-3.37557160842882467516017222534e-2	1.84763929943067710666268987943e-3
8.310e-04	-3.37578700904898213085002278742e-2	1.85712069327387866936946577555e-3
8.320e-04	-3.37599981024067066428644277671e-2	1.86662771205513644723403961358e-3
8.330e-04	-3.37621000174288111985625739919e-2	1.87616044741450074954032603594e-3
8.340e-04	-3.37641756844359181094018940425e-2	1.88571903808800183743485420276e-3
8.350e-04	-3.37662250462513123948875511298e-2	1.89530353429173635039629171467e-3
8.360e-04	-3.37682479983115130914671555096e-2	1.90491403205222357885192211172e-3
8.370e-04	-3.37702443857215241636591480044e-2	1.91455067657574664220365973414e-3
8.380e-04	-3.37722142012636350375245943113e-2	1.92421347217846525169322489257e-3
8.390e-04	-3.37741572383730010700482523421e-2	1.93390261549298178942000764474e-3
8.400e-04	-3.37760734393356675105662386221e-2	1.94361816090944302656535306269e-3
8.410e-04	-3.37779626439243953956607379851e-2	1.95336026260134835296176099317e-3
8.420e-04	-3.37798248468885369222090368093e-2	1.96312892542710167220277115822e-3
8.430e-04	-3.37816598337140893101400754845e-2	1.97292435800197792802320994510e-3
8.440e-04	-3.37834675460898331411575455513e-2	1.98274661820366254682401105643e-3
8.450e-04	-3.37852478727831373293190459207e-2	1.99259581606892923460530580094e-3
8.460e-04	-3.37870006463869500246738818318e-2	2.00247211757763624418210017675e-3
8.470e-04	-3.37887258640595568206289288067e-2	2.01237552823929797408146102416e-3
8.480e-04	-3.37904233006656955710407224674e-2	2.02230627247679449052654468747e-3
8.490e-04	-3.37920928969305036379730358561e-2	2.03226441272776318451474817586e-3
8.500e-04	-3.37937344792560632108532755791e-2	2.04225012494762865182205803623e-3
8.510e-04	-3.37953480466717312910568152942e-2	2.05226341517012042852372657944e-3
8.520e-04	-3.37969333649534658200144751208e-2	2.06230452119229421996404242541e-3
8.530e-04	-3.37984903738579104099663837654e-2	2.07237350929611102230278898035e-3
8.540e-04	-3.38000189540993719217949083330e-2	2.08247050506478103591318182830e-3
8.550e-04	-3.38015189854080328917189359134e-2	2.09259563591061365639868026805e-3
8.560e-04	-3.38029902841153988882146183623e-2	2.10274909369882921823023178725e-3
8.570e-04	-3.38044327888218322197622599402e-2	2.11293094874966794582950623590e-3
8.580e-04	-3.38058463761589538643461979235e-2	2.12314133413938524919452795066e-3
8.590e-04	-3.38072309216917526939386995610e-2	2.13338038487079573305550294769e-3
8.600e-04	-3.38085862344581824137742795212e-2	2.14364830412947820936616603954e-3
8.610e-04	-3.38099123179209284511164664326e-2	2.15394509932416422438357132508e-3
8.620e-04	-3.38112089126363915240063246576e-2	2.16427104481598572712853771073e-3
8.630e-04	-3.38124759550968638504225578253e-2	2.17462621738202184361490309156e-3
8.640e-04	-3.38137132465534287369859224159e-2	2.18501083214414855281369927904e-3
8.650e-04	-3.38149207921081201134379330200e-2	2.19542489714200643806086518925e-3
8.660e-04	-3.38160983211223315262131570217e-2	2.20586870277249904901746219922e-3
8.670e-04	-3.38172457683885532851066940816e-2	2.21634233044918890909306431055e-3
8.680e-04	-3.38183629987996074817298991004e-2	2.22684593381946186180012203297e-3
8.690e-04	-3.38194498759470643916653321490e-2	2.23737966874312899159502348874e-3
8.700e-04	-3.38205061884138283256299354403e-2	2.24794376949533210131782014825e-3
8.710e-04	-3.38215319435970923470655742225e-2	2.25853824518286601000283193710e-3
8.720e-04	-3.38225268527666226437682253357e-2	2.26916341193519440072404161486e-3
8.730e-04	-3.38234907713515819350384271771e-2	2.27981943807645367695996293008e-3
8.740e-04	-3.38244237077875738490728707982e-2	2.29050633335195401035277405873e-3
8.750e-04	-3.38253254418176499171823303722e-2	2.30122434596222745057132506756e-3
8.760e-04	-3.38261957480368702207076996749e-2	2.31197373102950556595089220404e-3
8.770e-04	-3.38270345558358843206239607134e-2	2.32275458290596505500611555572e-3
8.780e-04	-3.38278417157978051593117082570e-2	2.33356707899939596966730079272e-3
8.790e-04	-3.38286169949642465202681478770e-2	2.34441148558342280867716031310e-3
8.800e-04	-3.38293604036494286784687271098e-2	2.35528781386604338087631240353e-3
8.810e-04	-3.38300716226737480418761114734e-2	2.36619642291498666819508636393e-3
8.820e-04	-3.38307505780004456279293775982e-2	2.37713741443306580806254400117e-3
8.830e-04	-3.38313971119192209272792799242e-2	2.38811097915904135674113013094e-3
8.840e-04	-3.38320110649663508537283386201e-2	2.39911731061961308843551075451e-3
8.850e-04	-3.38325921879158476859046696353e-2	2.41015669891234023290775242401e-3
8.860e-04	-3.38331404925924158174335816212e-2	2.42122915710348533814374076089e-3
8.870e-04	-3.38336556370393077566894983645e-2	2.43233507617182884009212615842e-3
8.880e-04	-3.38341375423527807290400394453e-2	2.44347456758287008032801170736e-3
8.890e-04	-3.38345860397162220148729187572e-2	2.45464783956981514090933402221e-3
8.900e-04	-3.38350008650079304982142546365e-2	2.46585520385699935119468588736e-3
8.910e-04	-3.38353820309556856609141567706e-2	2.47709667546802410887118896850e-3
8.920e-04	-3.38357291748945537496488810610e-2	2.48837267428871191408539518821e-3
8.930e-04	-3.38360422131300962963769259632e-2	2.49968332085754039746415237663e-3
8.940e-04	-3.38363208686478980384700048857e-2	2.51102894550351773514443598027e-3
8.950e-04	-3.38365651546153150732479838817e-2	2.52240956515576760402796862342e-3
8.960e-04	-3.38367747907374100367227391614e-2	2.53382551548865860527442459341e-3
8.970e-04	-3.38369494897487139438860271837e-2	2.54527714156399131686378869146e-3
8.980e-04	-3.38370891623998040072057912771e-2	2.55676457398331255056653757352e-3
8.990e-04	-3.38371936180487201589317493192e-2	2.56828805450732831900447464999e-3
9.000e-04	-3.38372625585695271156656645489e-2	2.57984794375426855730751746762e-3
9.010e-04	-3.38372959972533066083848034365e-2	2.59144426216835411479153260490e-3
9.020e-04	-3.38372935246169453504303697155e-2	2.60307749475258299682016454321e-3
9.030e-04	-3.38372550449781930994001764505e-2	2.61474778332322796980656070418e-3
9.040e-04	-3.38371803549560739947865830365e-2	2.62645538884249064394528882779e-3
9.050e-04	-3.38370692484652637096628277844e-2	2.63820057632289799358046766575e-3
9.060e-04	-3.38369215166577247307756385839e-2	2.64998361490603769259358819399e-3
9.070e-04	-3.38367368337017427058074587873e-2	2.66180490471244240992226832585e-3
9.080e-04	-3.38365152119980939107983139201e-2	2.67366447159730534615041090825e-3
9.090e-04	-3.38362562043202809171701529995e-2	2.68556285292030483093659590219e-3
9.100e-04	-3.38359597042636721493592092832e-2	2.69750020847512658903786547129e-3
9.110e-04	-3.38356253684446935268292434709e-2	2.70947696329979274416977219389e-3
9.120e-04	-3.38352532081091030990551377344e-2	2.72149314718028704251235682321e-3
9.130e-04	-3.38348427522926509735098746310e-2	2.73354933037175848462046530690e-3
9.140e-04	-3.38343940114909914048016498296e-2	2.74564554484922453071140343939e-3
9.150e-04	-3.38339065022536519464736362604e-2	2.75778237816459427925371224890e-3
9.160e-04	-3.38333799799305643157064705061e-2	2.76996015154580651576598892048e-3
9.170e-04	-3.38328144535553353878663034180e-2	2.78217890070114112431125314853e-3
9.180e-04	-3.38322095502386653888257663390e-2	2.79443909296996961699430403804e-3
9.190e-04	-3.38315648872271983208573948308e-2	2.80674120907120732783569047418e-3
9.200e-04	-3.38308803383896254089640242629e-2	2.81908544040927421033157642855e-3
9.210e-04	-3.38301556450793901303621371678e-2	2.83147212942724680137697354501e-3
9.220e-04	-3.38293905447041319331169907908e-2	2.84390162430987502261794849954e-3
9.230e-04	-3.38285847706331113681182933596e-2	2.85637427911067825747223386096e-3
9.240e-04	-3.38277379121084347048402186401e-2	2.86889061402912139555175836961e-3
9.250e-04	-3.38268499724150277752361645959e-2	2.88145067718698089959826152821e-3
9.260e-04	-3.38259203904834095621776375279e-2	2.89405516363167670058918043273e-3
9.270e-04	-3.38249490224716060205272175335e-2	2.90670429219395298891508826560e-3
9.280e-04	-3.38239355799985536696261205437e-2	2.91939844841763886155104216025e-3
9.290e-04	-3.38228796212612347798545667036e-2	2.93213819618634695992803073270e-3
9.300e-04	-3.38217811441579608927555141303e-2	2.94492359379491366134813018754e-3
9.310e-04	-3.38206395465840481124905784512e-2	2.95775539313249179554579718260e-3
9.320e-04	-3.38194546695263775591724587067e-2	2.97063383606977754098087314415e-3
9.330e-04	-3.38182262000710188486932621599e-2	2.98355934347867860205221215407e-3
9.340e-04	-3.38169538200403417249976271097e-2	2.99653234378977624355747212330e-3
9.350e-04	-3.38156372058601425347762972855e-2	3.00955327317619442409128092877e-3
9.360e-04	-3.38142760284225148249926405072e-2	3.02262257574345901263170953446e-3
9.370e-04	-3.38128697888216969452304761359e-2	3.03574089557570206756498660802e-3
9.380e-04	-3.38114183064882559742021474457e-2	3.04890850679751592320410482409e-3
9.390e-04	-3.38099212347579374029777318512e-2	3.06212587863851309803484832071e-3
9.400e-04	-3.38083782208359216328861184583e-2	3.07539348908825223865567957358e-3
9.410e-04	-3.38067889056356124289310697472e-2	3.08871182511998380002330879409e-3
9.420e-04	-3.38051529236120118077739656390e-2	3.10208138292201084134702144382e-3
9.430e-04	-3.38034697257463994214079281757e-2	3.11550287686548461139957977335e-3
9.440e-04	-3.38017391054377976181126484681e-2	3.12897661950450030239075406508e-3
9.450e-04	-3.37999608579482945145007657158e-2	3.14250292156544058623176517208e-3
9.460e-04	-3.37981342296369343921326041469e-2	3.15608274508582897899969874240e-3
9.470e-04	-3.37962588129654698946922598020e-2	3.16971664543222169010365039241e-3
9.480e-04	-3.37943345692676499376887674693e-2	3.18340474093476006453489778447e-3
9.490e-04	-3.37923608988738714021557395357e-2	3.19714781741352679947356197596e-3
9.500e-04	-3.37903371845543638526892647780e-2	3.21094668483529265596863662782e-3
9.510e-04	-3.37882631822321434237907672193e-2	3.22480171042727076898755067590e-3
9.520e-04	-3.37861384510120331699575251834e-2	3.23871349751051744274062074990e-3
9.530e-04	-3.37839625412697314182834180599e-2	3.25268266178205576699524828601e-3
9.540e-04	-3.37817349943985085814154782536e-2	3.26670983166812109280270656956e-3
9.550e-04	-3.37794553425464216971385776481e-2	3.28079564869073674570376481207e-3
9.560e-04	-3.37771228997083271984780275228e-2	3.29494101916334348486855241377e-3
9.570e-04	-3.37747373819079473096245175052e-2	3.30914636797523370734849980498e-3
9.580e-04	-3.37722985058719332291251331211e-2	3.32341211974807344294849124576e-3
9.590e-04	-3.37698053383651374907629337284e-2	3.33773948616908332130420860255e-3
9.600e-04	-3.37672575722239995942971207377e-2	3.35212892546082000326782232822e-3
9.610e-04	-3.37646544551884719838873756881e-2	3.36658143674203871874660608026e-3
9.620e-04	-3.37619958887178588731554410082e-2	3.38109722834193591335047830545e-3
9.630e-04	-3.37592808716688874214431765851e-2	3.39567760650326733930947352591e-3
9.640e-04	-3.37565092934236811834238765601e-2	3.41032279729283832107025476001e-3
9.650e-04	-3.37536801162038765001503025897e-2	3.42503415799362721203287852960e-3
9.660e-04	-3.37507929782226314127180902355e-2	3.43981222499291073739218102575e-3
9.670e-04	-3.37478472757193304783458414913e-2	3.45465783184505657280379080813e-3
9.680e-04	-3.37448423911584431888754680416e-2	3.46957183153129389691925113594e-3
9.690e-04	-3.37417774450483988647039893233e-2	3.48455540140077893083927960702e-3
9.700e-04	-3.37386522829914030683329145453e-2	3.49960883122672598609172306783e-3
9.710e-04	-3.37354657443649315911843580889e-2	3.51473364959242994963741628225e-3
9.720e-04	-3.37322173993150871862156819605e-2	3.52993048980962551281522984520e-3
9.730e-04	-3.37289065539943087176040142227e-2	3.54520031241124457733752801531e-3
9.740e-04	-3.37255324977207319203781352989e-2	3.56054410164105215205801724851e-3
9.750e-04	-3.37220945023869169253240845833e-2	3.57596286628201879813939237074e-3
9.760e-04	-3.37185918218415341990065726222e-2	3.59145764052271260636630144531e-3
9.770e-04	-3.37150234147523091272296437171e-2	3.60702982849994624207890187928e-3
9.780e-04	-3.37113890459945034549153326432e-2	3.62267983604858515667281480391e-3
9.790e-04	-3.37076873542564139743119730854e-2	3.63840947201602720498714084289e-3
9.800e-04	-3.37039177906975180286070638190e-2	3.65421953840056875180632073839e-3
9.810e-04	-3.37000795083801905163227007030e-2	3.67011121123730191833903442092e-3
9.820e-04	-3.36961716379427033790610040378e-2	3.68608569810804514514387456735e-3
9.830e-04	-3.36921932867417394593360346171e-2	3.70214423934405155719791726430e-3
9.840e-04	-3.36881432325682818238849231362e-2	3.71828849266551455319066815528e-3
9.850e-04	-3.36840211397844425515338155815e-2	3.73451900714447462791291316787e-3
9.860e-04	-3.36798254249138490860788186754e-2	3.75083790235244028842129495128e-3
9.870e-04	-3.36755553978256515023766176521e-2	3.76724617992141147589305036381e-3
9.880e-04	-3.36712100347272509791108353898e-2	3.78374526462025191575996169386e-3
9.890e-04	-3.36667882823893509116338033862e-2	3.80033662260454266071663526061e-3
9.900e-04	-3.36622890569251185664163758088e-2	3.81702176313034441820660437827e-3
9.910e-04	-3.36577112425031627789637324790e-2	3.83380224036105853125042911620e-3
9.920e-04	-3.36530536899898709896449863654e-2	3.85067965527365954929768295592e-3
9.930e-04	-3.36483148665918631950631999727e-2	3.86765610128583322054371518635e-3
9.940e-04	-3.36434938903918304131920716671e-2	3.88473285042354227544334993205e-3
9.950e-04	-3.36385898628423976568463398091e-2	3.90191119846741141205736953933e-3
9.960e-04	-3.36336007721301207955148003247e-2	3.91919386503493173966821378102e-3
9.970e-04	-3.36285256333233721911135194303e-2	3.93658226722992743466126388638e-3
9.980e-04	-3.36233630639532861104020652995e-2	3.95407833400132885798248175972e-3
9.990e-04	-3.36181112533446723894496112826e-2	3.97168454882897135388560705631e-3
1.000e-03	-3.36127694861329140328072298660e-2	3.98940199758866580377520060792e-3
1.001e-03	-3.36073354652164177078761303413e-2	4.00723380004842377784361813533e-3
1.002e-03	-3.36018083980040837770809841897e-2	4.02518115091252390138985079975e-3
1.003e-03	-3.35961858555555619725766742481e-2	4.04324735496146867368799567292e-3
1.004e-03	-3.35904665438674197305812493846e-2	4.06143426425075382547646025925e-3
1.005e-03	-3.35846487132897291845165000266e-2	4.07974432379049321846139867013e-3
1.006e-03	-3.35787305507738561002036913317e-2	4.09818006769624144976058340569e-3
1.007e-03	-3.35727101765614406680566847092e-2	4.11674412384419185898821293288e-3
1.008e-03	-3.35665856406465363565352872495e-2	4.13543921884570089035421550979e-3
1.009e-03	-3.35603544675948687345836639883e-2	4.15426876994346254572874713193e-3
1.010e-03	-3.35540154502466011066405438231e-2	4.17323455538771833021282868700e-3
1.011e-03	-3.35475654930046070415317847156e-2	4.19234081619747237929210381381e-3
1.012e-03	-3.35410032505242447825034953077e-2	4.21158952499090387226736777756e-3
1.013e-03	-3.35343254157981433770886889412e-2	4.23098521986571979351612487451e-3
1.014e-03	-3.35275299941856186843351152580e-2	4.25053073819601384598806391593e-3
1.015e-03	-3.35206144204539501209662597653e-2	4.27022967144284125859163130429e-3
1.016e-03	-3.35135760198021154047741647890e-2	4.29008576511200455325801238617e-3
1.017e-03	-3.35064114806267134678618310755e-2	4.31010361184903462398998544335e-3
1.018e-03	-3.34991189193668836588130814831e-2	4.33028594110200705591864525586e-3
1.019e-03	-3.34916947787729844870483187729e-2	4.35063769091207187131352173911e-3
1.020e-03	-3.34841353217344438629446368801e-2	4.37116405230314801402399188790e-3
1.021e-03	-3.34764383032972892789513835835e-2	4.39186826282527382462016957405e-3
1.022e-03	-3.34685991153053122324065086446e-2	4.41275669020292984778034580339e-3
1.023e-03	-3.34606146416818815925126704940e-2	4.43383374876550308111893715359e-3
1.024e-03	-3.34524810329934371636778711770e-2	4.45510483589924138272295255333e-3
1.025e-03	-3.34441942440629478521209537683e-2	4.47657562432685746510351263210e-3
1.026e-03	-3.34357500195834843353302529852e-2	4.49825208236248747747606642535e-3
1.027e-03	-3.34271438783370465167425466875e-2	4.52014049613183533816046938148e-3
1.028e-03	-3.34183710958493555659631130768e-2	4.54224749399613930159892400089e-3
1.029e-03	-3.34094260240712386521310356048e-2	4.56458095562850301348851846666e-3
1.030e-03	-3.34003047006079448977195649969e-2	4.58714653358449580310463821021e-3
1.031e-03	-3.33910009011888000358062759817e-2	4.60995291826463101575219640271e-3
1.032e-03	-3.33815080095362834952108787007e-2	4.63300935217824316731015816686e-3
1.033e-03	-3.33718204284777632321190185578e-2	4.65632373997154365263423753341e-3
1.034e-03	-3.33619322313980968859963862638e-2	4.67990444945568520413235803753e-3
1.035e-03	-3.33518348603291025044272038499e-2	4.70376340837650460737052382976e-3
1.036e-03	-3.33415214728031722169243641817e-2	4.72791027390238957762696173094e-3
1.037e-03	-3.33309839888396325820865135892e-2	4.75235639715773840556180581209e-3
1.038e-03	-3.33202137629851201048711426731e-2	4.77711392541361837691848951893e-3
1.039e-03	-3.33092015267855729744544260709e-2	4.80219588315253315093256194171e-3
1.040e-03	-3.32979373234801721347344470708e-2	4.82761626409950418841917281039e-3
1.041e-03	-3.32864104335896802263723204910e-2	4.85339013609183041941035369863e-3
1.042e-03	-3.32746092897949722547762574663e-2	4.87953376105017480372664313994e-3
1.043e-03	-3.32625213791561212538653165617e-2	4.90606473280095217475334409359e-3
1.044e-03	-3.32501321712066223536848491975e-2	4.93300344058786148207550022341e-3
1.045e-03	-3.32374287948871584852861858184e-2	4.96036807616173727236587206601e-3
1.046e-03	-3.32243942157493969694691241605e-2	4.98818255606792741226502614544e-3
1.047e-03	-3.32110108111122392641811456201e-2	5.01647167279242483670913186185e-3
1.048e-03	-3.31972581434837570643014363910e-2	5.04526413960374969271940413378e-3
1.049e-03	-3.31831170112259214310122708973e-2	5.07458706563416995196522726946e-3
1.050e-03	-3.31685627523320788182584245263e-2	5.10447511727911095790950713189e-3
1.051e-03	-3.31535679174447260491872967570e-2	5.13496689130644241256090602354e-3
1.052e-03	-3.31381055441737332186890845271e-2	5.16610043282062887298139434420e-3
1.053e-03	-3.31221415511525563652177917154e-2	5.19792368690793481592603019650e-3
1.054e-03	-3.31056387580544912720286665677e-2	5.23048901316662414770608899748e-3
1.055e-03	-3.30885535053874928178988133674e-2	5.26385786357163180418621449346e-3
1.056e-03	-3.30708401697205421047779869105e-2	5.29809458944078421104791663722e-3
1.057e-03	-3.30524416075563467151747003142e-2	5.33327965657419262676773845817e-3
1.058e-03	-3.30332944852998077984903104722e-2	5.36950234624304839520224238062e-3
1.059e-03	-3.30133193298339198269603301580e-2	5.40687457849778799087338975848e-3
1.060e-03	-3.29924269011877713685247557958e-2	5.44552217710441869682644080785e-3
1.061e-03	-3.29705097299930995426496121726e-2	5.48559667879974060441940083437e-3
1.062e-03	-3.29474323863637653724724309414e-2	5.52728898724685506612384720003e-3
1.063e-03	-3.29230282920503308214931683799e-2	5.57083399707501065366615528864e-3
1.064e-03	-3.28970877554576361878651091847e-2	5.61652747651768744547443276969e-3
1.065e-03	-3.28693318433236214583465916192e-2	5.66476283375765148060852125500e-3
1.066e-03	-3.28393866691531579109956085432e-2	5.71606752979223614422026580549e-3
1.067e-03	-3.28067318500900632538862661742e-2	5.77117586899046954167878298520e-3
1.068e-03	-3.27705787198782597052261196782e-2	5.83120073327375656118629003813e-3
1.069e-03	-3.27296726782292068414878750674e-2	5.89791292248228182742105761886e-3
1.070e-03	-3.26817260731042124050948535804e-2	5.97454172765755032502610950547e-3
1.071e-03	-3.26216395162122031042812693139e-2	6.06828677411516653234784239645e-3
1.072e-03	-3.25306027738876579435443414262e-2	6.20571028025233076291560907341e-3
