0.000e+00	-3.12500000000000000000000000000e-2	0
1.000e-06	-3.12620043212739156364729866795e-2	0
2.000e-06	-3.12740172902082130048845979410e-2	0
3.000e-06	-3.12860389145098066424234877670e-2	0
4.000e-06	-3.12980692019365593204988517071e-2	0
5.000e-06	-3.13101081602974878815586667592e-2	0
6.000e-06	-3.13221557974529714439686659912e-2	0
7.000e-06	-3.13342121213149619958503416992e-2	0
8.000e-06	-3.13462771398471973991270367090e-2	0
9.000e-06	-3.13583508610654168253733054663e-2	0
1.000e-05	-3.13704332930375786454139648086e-2	0
1.100e-05	-3.13825244438840807949757185376e-2	0
1.200e-05	-3.13946243217779836390560428296e-2	0
1.300e-05	-3.14067329349452353580412760451e-2	0
1.400e-05	-3.14188502916648998789786840526e-2	0
1.500e-05	-3.14309764002693873757857935858e-2	0
1.600e-05	-3.14431112691446873625646191569e-2	0
1.700e-05	-3.14552549067306044045785838667e-2	0
1.800e-05	-3.14674073215209964718466320746e-2	0
1.900e-05	-3.14795685220640159607109476710e-2	0
2.000e-05	-3.14917385169623534091435366323e-2	0
2.100e-05	-3.15039173148734839319771666299e-2	0
2.200e-05	-3.15161049245099164026489734282e-2	0
2.300e-05	-3.15283013546394454085139999086e-2	0
2.400e-05	-3.15405066140854060071689691135e-2	0
2.500e-05	-3.15527207117269313117129184880e-2	0
2.600e-05	-3.15649436564992129332987744591e-2	0
2.700e-05	-3.15771754573937643097933818158e-2	0
2.800e-05	-3.15894161234586869498276905151e-2	0
2.900e-05	-3.16016656637989396219911300649e-2	0
3.000e-05	-3.16139240875766105194044289820e-2	0
3.100e-05	-3.16261914040111924303932680581e-2	0
3.200e-05	-3.16384676223798609464813250886e-2	0
3.300e-05	-3.16507527520177557394318703674e-2	0
3.400e-05	-3.16630468023182649395601706710e-2	0
3.500e-05	-3.16753497827333126480967352504e-2	0
3.600e-05	-3.16876617027736496168761856098e-2	0
3.700e-05	-3.16999825720091471291943074485e-2	0
3.800e-05	-3.17123124000690941161948642219e-2	0
3.900e-05	-3.17246511966424975437499821341e-2	0
4.000e-05	-3.17369989714783861053321387850e-2	0
4.100e-05	-3.17493557343861172569494684082e-2	0
4.200e-05	-3.17617214952356876308497595286e-2	0
4.300e-05	-3.17740962639580468652552263598e-2	0
4.400e-05	-3.17864800505454148879952981723e-2	0
4.500e-05	-3.17988728650516026925946060585e-2	0
4.600e-05	-3.18112747175923366458885326233e-2	0
4.700e-05	-3.18236856183455863670244323770e-2	0
4.800e-05	-3.18361055775518962182114914077e-2	0
4.900e-05	-3.18485346055147204484007724628e-2	0
5.000e-05	-3.18609727126007620316055764101e-2	0
5.100e-05	-3.18734199092403152424192721483e-2	0
5.200e-05	-3.18858762059276120118280863253e-2	0
5.300e-05	-3.18983416132211721073112166994e-2	0
5.400e-05	-3.19108161417441571817661243776e-2	0
5.500e-05	-3.19232998021847287367241724439e-2	0
5.600e-05	-3.19357926052964100459247781885e-2	0
5.700e-05	-3.19482945618984520861880623785e-2	0
5.800e-05	-3.19608056828762035233004666864e-2	0
5.900e-05	-3.19733259791814848013557804929e-2	0
6.000e-05	-3.19858554618329663849484219013e-2	0
6.100e-05	-3.19983941419165512043061299559e-2	0
6.200e-05	-3.20109420305857613543869464261e-2	0
6.300e-05	-3.20234991390621290998472444725e-2	0
6.400e-05	-3.20360654786355922385676624540e-2	0
6.500e-05	-3.20486410606648938774350362254e-2	0
6.600e-05	-3.20612258965779866749728580368e-2	0
6.700e-05	-3.20738199978724416062684928365e-2	0
6.800e-05	-3.20864233761158613067070510226e-2	0
6.900e-05	-3.20990360429462980519736764780e-2	0
7.000e-05	-3.21116580100726764326946684728e-2	0
7.100e-05	-3.21242892892752207832062122288e-2	0
7.200e-05	-3.21369298924058874249454157385e-2	0
7.300e-05	-3.21495798313888017859916685125e-2	0
7.400e-05	-3.21622391182207004593209648571e-2	0
7.500e-05	-3.21749077649713782636126393193e-2	0
7.600e-05	-3.21875857837841403712250657498e-2	0
7.700e-05	-3.22002731868762595697109248623e-2	0
7.800e-05	-3.22129699865394387234831501556e-2	0
7.900e-05	-3.22256761951402785044531501268e-2	0
8.000e-05	-3.22383918251207504610212508388e-2	0
8.100e-05	-3.22511168889986754960239811063e-2	0
8.200e-05	-3.22638513993682078261413228506e-2	0
8.300e-05	-3.22765953689003244957474323869e-2	0
8.400e-05	-3.22893488103433205200730271502e-2	0
8.500e-05	-3.23021117365233097337091291236e-2	0
8.600e-05	-3.23148841603447314218853179884e-2	0
8.700e-05	-3.23276660947908628133118232831e-2	0
8.800e-05	-3.23404575529243375149293257410e-2	0
8.900e-05	-3.23532585478876699702814652370e-2	0
9.000e-05	-3.23660690929037860247716203999e-2	0
9.100e-05	-3.23788892012765596826542100604e-2	0
9.200e-05	-3.23917188863913561420744677575e-2	0
9.300e-05	-3.24045581617155811961546219678e-2	0
9.400e-05	-3.24174070407992370897627878716e-2	0
9.500e-05	-3.24302655372754849232626935587e-2	0
9.600e-05	-3.24431336648612136962988842669e-2	0
9.700e-05	-3.24560114373576160863184052140e-2	0
9.800e-05	-3.24688988686507710585189977981e-2	0
9.900e-05	-3.24817959727122334055022784911e-2	0
1.000e-04	-3.24947027635996303171955835305e-2	0
1.010e-04	-3.25076192554572650827434283149e-2	0
1.020e-04	-3.25205454625167280292536678115e-2	0
1.030e-04	-3.25334813990975148030463866692e-2	0
1.040e-04	-3.25464270796076521019234814349e-2	0
1.050e-04	-3.25593825185443309687846334098e-2	0
1.060e-04	-3.25723477304945477591232593062e-2	0
1.070e-04	-3.25853227301357528971555354129e-2	0
1.080e-04	-3.25983075322365075376006511947e-2	0
1.090e-04	-3.26113021516571482524395940860e-2	0
1.100e-04	-3.26243066033504598643575152589e-2	0
1.110e-04	-3.26373209023623565510092854744e-2	0
1.120e-04	-3.26503450638325713467386324780e-2	0
1.130e-04	-3.26633791029953541709323324426e-2	0
1.140e-04	-3.26764230351801785148055460768e-2	0
1.150e-04	-3.26894768758124569210977296539e-2	0
1.160e-04	-3.27025406404142653939055183332e-2	0
1.170e-04	-3.27156143446050768786913124850e-2	0
1.180e-04	-3.27286980041025039553933834653e-2	0
1.190e-04	-3.27417916347230508905240027274e-2	0
1.200e-04	-3.27548952523828751971769802725e-2	0
1.210e-04	-3.27680088730985588549783750491e-2	0
1.220e-04	-3.27811325129878893452081096318e-2	0
1.230e-04	-3.27942661882706506595626145052e-2	0
1.240e-04	-3.28074099152694244445043829218e-2	0
1.250e-04	-3.28205637104104014463944234936e-2	0
1.260e-04	-3.28337275902242034264225480553e-2	0
1.270e-04	-3.28469015713467157174594967346e-2	0
1.280e-04	-3.28600856705199305995810745292e-2	0
1.290e-04	-3.28732799045928016738457726384e-2	0
1.300e-04	-3.28864842905221094185021202635e-2	0
1.310e-04	-3.28996988453733381155988211389e-2	0
1.320e-04	-3.29129235863215643401585812721e-2	0
1.330e-04	-3.29261585306523572083394075485e-2	0
1.340e-04	-3.29394036957626905853879860201e-2	0
1.350e-04	-3.29526590991618674586923825988e-2	0
1.360e-04	-3.29659247584724566858698435632e-2	0
1.370e-04	-3.29792006914312423325844346756e-2	0
1.380e-04	-3.29924869158901858196829635491e-2	0
1.390e-04	-3.30057834498174011042708961380e-2	0
1.400e-04	-3.30190903112981431245279469035e-2	0
1.410e-04	-3.30324075185358097433905481690e-2	1.15322706900835446872756158310e-22
1.420e-04	-3.30457350898529574317110890920e-2	1.68457947761436624520384250317e-22
1.430e-04	-3.30590730436923309371472203479e-2	2.58319537172697683277872072422e-22
1.440e-04	-3.30724213986179071908445444826e-2	4.02543901273904755830403329146e-22
1.450e-04	-3.30857801733159537099588098509e-2	6.28794958304827568735878935418e-22
1.460e-04	-3.30991493865961017602257385261e-2	9.79284056637443484598614306695e-22
1.470e-04	-3.31125290573924345491345869555e-2	1.51751162152735406563644488502e-21
1.480e-04	-3.31259192047645907268025224868e-2	2.33812687415162443267028994730e-21
1.490e-04	-3.31393198478988834783882977391e-2	3.58118726962291602263090347210e-21
1.500e-04	-3.31527310061094354988332751992e-2	5.45261813727989977569743672230e-21
1.510e-04	-3.31661526988393301478837349173e-2	8.25337590827077745825038516916e-21
1.520e-04	-3.31795849456617790907391325509e-2	1.24207698671322931795683403693e-20
1.530e-04	-3.31930277662813067372955385625e-2	1.85866810063488040661076179426e-20
1.540e-04	-3.32064811805349518008213168919e-2	2.76591403078248057994627461055e-20
1.550e-04	-3.32199452083934863050231177850e-2	4.09360321272143802141006734644e-20
1.560e-04	-3.32334198699626523768449124818e-2	6.02627508549702391285332752607e-20
1.570e-04	-3.32469051854844171710020932144e-2	8.82496905839354306794292077809e-20
1.580e-04	-3.32604011753382462811982037091e-2	1.28570781363577161989413734690e-19
1.590e-04	-3.32739078600423960022158944939e-2	1.86371273765851686728452772563e-19
1.600e-04	-3.32874252602552248166291385991e-2	2.68822085700266189826732150541e-19
1.610e-04	-3.33009533967765244897642532024e-2	3.85869852317735763761587962783e-19
1.620e-04	-3.33144922905488711667572916535e-2	5.51247100240371029388254361340e-19
1.630e-04	-3.33280419626589968761301787091e-2	7.83826621364480055734286990981e-19
1.640e-04	-3.33416024343391818552537407346e-2	1.10942929050003367670293206104e-18
1.650e-04	-3.33551737269686681243996788780e-2	1.56322666355968904521557354169e-18
1.660e-04	-3.33687558620750947478237286986e-2	2.19292044131340750571266749531e-18
1.670e-04	-3.33823488613359552324880360247e-2	3.06293240755228354229874143386e-18
1.680e-04	-3.33959527465800775276426366189e-2	4.25990333555995884259137028384e-18
1.690e-04	-3.34095675397891271015656107383e-2	5.89988074185961234452420959759e-18
1.700e-04	-3.34231932630991335853321102995e-2	8.13767704631903741269764939363e-18
1.710e-04	-3.34368299388020414875686011615e-2	1.11790062479924267076039551254e-17
1.720e-04	-3.34504775893472854987764589125e-2	1.52961641346229179207263577665e-17
1.730e-04	-3.34641362373433909190062981484e-2	2.08482108666485557843462598040e-17
1.740e-04	-3.34778059055595997584606688597e-2	2.83068533384617872989390550802e-17
1.750e-04	-3.34914866169275230770294699623e-2	3.82895172811786363236863095767e-17
1.760e-04	-3.35051783945428201458530619703e-2	5.16014566131614222827560766889e-17
1.770e-04	-3.35188812616669050317981831191e-2	6.92891829636357871644708507367e-17
1.780e-04	-3.35325952417286812242592055219e-2	9.27080267913887589828643628387e-17
1.790e-04	-3.35463203583263049430021984248e-2	1.23607280806442944679822868304e-16
1.800e-04	-3.35600566352289777858943756866e-2	1.64237147220168180981425402276e-16
1.810e-04	-3.35738040963787693963520920105e-2	2.17482636685504402947577073802e-16
1.820e-04	-3.35875627658924708522446519909e-2	2.87030676601681217072336577508e-16
1.830e-04	-3.36013326680634795008596966173e-2	3.77578011808663601804945439237e-16
1.840e-04	-3.36151138273637159884226864761e-2	4.95089058753173203926371178480e-16
1.850e-04	-3.36289062684455742576249294036e-2	6.47114747242677269322708973822e-16
1.860e-04	-3.36427100161439053127117808139e-2	8.43185600798741800075145613250e-16
1.870e-04	-3.36565250954780355789783921558e-2	1.09529492242390661773811185828e-15
1.880e-04	-3.36703515316538207120813108965e-2	1.41849103073218113874926408399e-15
1.890e-04	-3.36841893500657357424703001066e-2	1.83160110253895175322432265785e-15
1.900e-04	-3.36980385762990024715492662963e-2	2.35811340378424557284802197156e-15
1.910e-04	-3.37118992361317550689648375836e-2	3.02724962075184574948383136556e-15
1.920e-04	-3.37257713555372448547759203484e-2	3.87526474155235084084473958859e-15
1.930e-04	-3.37396549606860852862607359174e-2	4.94701859568309086497533177833e-15
1.940e-04	-3.37535500779485382068558027106e-2	6.29787086818948976821899943286e-15
1.950e-04	-3.37674567338968424542834881155e-2	7.99596030347053138023137409107e-15
1.960e-04	-3.37813749553075859664033200135e-2	1.01249390617494590694613655607e-14
1.970e-04	-3.37953047691641225668119956896e-2	1.27872449651630985814596071066e-14
1.980e-04	-3.38092462026590346578149960172e-2	1.61080078577830309920756790118e-14
1.990e-04	-3.38231992831966430961978522558e-2	2.02397017268744700044728522856e-14
2.000e-04	-3.38371640383955655773378542983e-2	2.53676718158445911139820276637e-14
2.010e-04	-3.38511404960913249057187622089e-2	3.17166859635331261670289113880e-14
2.020e-04	-3.38651286843390085849437529613e-2	3.95586821147573784965917763432e-14
2.030e-04	-3.38791286314159812179870672056e-2	4.92219096504193609387985385612e-14
2.040e-04	-3.38931403658246512687833672479e-2	6.11016912425230846578336150127e-14
2.050e-04	-3.39071639162952937994247151701e-2	7.56730646800300621139339404022e-14
2.060e-04	-3.39211993117889308633147718531e-2	9.35056009452571352268723819157e-14
2.070e-04	-3.39352465815002713037111806849e-2	1.15280736151678807876542256336e-13
2.080e-04	-3.39493057548607117792583856752e-2	1.41812001260122360374585486621e-13
2.090e-04	-3.39633768615414009134568185585e-2	1.74068585196645479326686310902e-13
2.100e-04	-3.39774599314563685436059314649e-2	2.13202724707568331347467082815e-13
2.110e-04	-3.39915549947657221266650577652e-2	2.60581478467119317690975940606e-13
2.120e-04	-3.40056620818789124447548856818e-2	3.17823514249231588194916448236e-13
2.130e-04	-3.40197812234580708417194701878e-2	3.86841616983729225271580707403e-13
2.140e-04	-3.40339124504214203143173433664e-2	4.69891712904827526295021234749e-13
2.150e-04	-3.40480557939467628772289943298e-2	5.69629301461904616011620991483e-13
2.160e-04	-3.40622112854750457201590248628e-2	6.89174292931588799739019402937e-13
2.170e-04	-3.40763789567140087778587219234e-2	8.32185366515383891152621306575e-13
2.180e-04	-3.40905588396419164398626228203e-2	1.00294509193318944951302627336e-12
2.190e-04	-3.41047509665113762360628389994e-2	1.20645719797008442514567480943e-12
2.200e-04	-3.41189553698532474468553464945e-2	1.44855752497553421832299612116e-12
2.210e-04	-3.41331720824806427023749148186e-2	1.73604036585725382816387680577e-12
2.220e-04	-3.41474011374930257541533849216e-2	2.07680208259369861473937878548e-12
2.230e-04	-3.41616425682804087242228307299e-2	2.48000408367576643371259982749e-12
2.240e-04	-3.41758964085276522610414940095e-2	2.95625746317238798008626643922e-12
2.250e-04	-3.41901626922188721584124166195e-2	3.51783183531246726332860126573e-12
2.260e-04	-3.42044414536419561225218496247e-2	4.17889115062374429627135666270e-12
2.270e-04	-3.42187327273931945030374435950e-2	4.95575955182106518891728859944e-12
2.280e-04	-3.42330365483820289365247711454e-2	5.86722062085860383541782776170e-12
2.290e-04	-3.42473529518359229838718937441e-2	6.93485368392760509801818273405e-12
2.300e-04	-3.42616819733053589775178556379e-2	8.18341117977171148106364197173e-12
2.310e-04	-3.42760236486689654285779888803e-2	9.64124145958286349379691683099e-12
2.320e-04	-3.42903780141387794779143957706e-2	1.13407617750019487264404856515e-11
2.330e-04	-3.43047451062656490082319349793e-2	1.33189866254364648755313525332e-11
2.340e-04	-3.43191249619447791657552476286e-2	1.56181170780595156749334706793e-11
2.350e-04	-3.43335176184214281692750535214e-2	1.82861971444811383872084586464e-11
2.360e-04	-3.43479231132967574106034959022e-2	2.13778437981613568618056497240e-11
2.370e-04	-3.43623414845338409729546883460e-2	2.49550577471004505032762189920e-11
2.380e-04	-3.43767727704638398116203436732e-2	2.90881226380827377894000401386e-11
2.390e-04	-3.43912170097923459536368246010e-2	3.38566009625955495295580215645e-11
2.400e-04	-3.44056742416059021789809614252e-2	3.93504355612592416168146684909e-11
2.410e-04	-3.44201445053787027441720364920e-2	4.56711662838769443004410284635e-11
2.420e-04	-3.44346278409794807989275336570e-2	5.29332720566508247142818829460e-11
2.430e-04	-3.44491242886785882265969197585e-2	6.12656493372290433493176829031e-11
2.440e-04	-3.44636338891552737083016959740e-2	7.08132387024566246539068108238e-11
2.450e-04	-3.44781566835051648678166199995e-2	8.17388121133052349441857208858e-11
2.460e-04	-3.44926927132479603979500990836e-2	9.42249342366317421243258098301e-11
2.470e-04	-3.45072420203353380982013112831e-2	1.08476112074213523920567230699e-10
2.480e-04	-3.45218046471590847664060862206e-2	1.24721148055840088950307658469e-10
2.490e-04	-3.45363806365594538825233526746e-2	1.43215712694866680068750131349e-10
2.500e-04	-3.45509700318337569991954625579e-2	1.64245153881158474583564752219e-10
2.510e-04	-3.45655728767451947097461052709e-2	1.88127560897208216908084220086e-10
2.520e-04	-3.45801892155319329983426647703e-2	2.15217102287653132383179951915e-10
2.530e-04	-3.45948190929164306875582526247e-2	2.45907657789520604740335344285e-10
2.540e-04	-3.46094625541150235839942867873e-2	2.80636765639174026873056668724e-10
2.550e-04	-3.46241196448477707813082654913e-2	3.19889907710785868466664635693e-10
2.560e-04	-3.46387904113485684103635853533e-2	3.64205156108699791701016750564e-10
2.570e-04	-3.46534749003755359266401561200e-2	4.14178206030505829093682980992e-10
2.580e-04	-3.46681731592216797938506453251e-2	4.70467820937066514147732498481e-10
2.590e-04	-3.46828852357258391584321757891e-2	5.33801717307891601200191700680e-10
2.600e-04	-3.46976111782839178102680852987e-2	6.04982917522723112246142573087e-10
2.610e-04	-3.47123510358604063895811592135e-2	6.84896600690278766441665021123e-10
2.620e-04	-3.47271048580001984262172857013e-2	7.74517482539883414693672459607e-10
2.630e-04	-3.47418726948407033845047322489e-2	8.74917756798019610626838458268e-10
2.640e-04	-3.47566545971242594329191121727e-2	9.87275631786223569880775956906e-10
2.650e-04	-3.47714506162108481606862698194e-2	1.11288449729556225754356476352e-9
2.660e-04	-3.47862608040911129237268703752e-2	1.25316275811221799052793476895e-9
2.670e-04	-3.48010852133996819158278950539e-2	1.40966437189835888406780290448e-9
2.680e-04	-3.48159238974287964291301693245e-2	1.58409013034312459415074178054e-9
2.690e-04	-3.48307769101422440882705833869e-2	1.77829972407864494552128101722e-9
2.700e-04	-3.48456443061895961131291099062e-2	1.99432463266484229141329981073e-9
2.710e-04	-3.48605261409207468873624981263e-2	2.23438188266105032480422944261e-9
2.720e-04	-3.48754224704007532801848067056e-2	2.50088871775606506485512194485e-9
2.730e-04	-3.48903333514249702884284850321e-2	2.79647822620886466501511870598e-9
2.740e-04	-3.49052588415344786324203441348e-2	3.12401597199114819912869297412e-9
2.750e-04	-3.49201989990317989543762590168e-2	3.48661767712825479352786428960e-9
2.760e-04	-3.49351538829968862298259788272e-2	3.88766800378806343165043459025e-9
2.770e-04	-3.49501235533033969068436406081e-2	4.33084048566161944669645710167e-9
2.780e-04	-3.49651080706352201491640866731e-2	4.82011865910777493276009912972e-9
2.790e-04	-3.49801074965032633518508917897e-2	5.35981844539017897275019059903e-9
2.800e-04	-3.49951218932624808553754368620e-2	5.95461183611145617852970512766e-9
2.810e-04	-3.50101513241291334699050416802e-2	6.60955193463916642097997291561e-9
2.820e-04	-3.50251958531982650686911758160e-2	7.33009940691380693031014762182e-9
2.830e-04	-3.50402555454613811098827205997e-2	8.12215039552324513475443471911e-9
2.840e-04	-3.50553304668243124689425356818e-2	8.99206595131300191660467538976e-9
2.850e-04	-3.50704206841252464617341119279e-2	9.94670303707010251191806051140e-9
2.860e-04	-3.50855262651529054172926167273e-2	1.09934471579620770088612397254e-8
2.870e-04	-3.51006472786648514755961038343e-2	1.21402466734243882090200263097e-8
2.880e-04	-3.51157837944058947531657571367e-2	1.33956488450613254652735260014e-8
2.890e-04	-3.51309358831265802079545906278e-2	1.47688376748494845843243156175e-8
2.900e-04	-3.51461036166017269218328025198e-2	1.62696735875016170934913698921e-8
2.910e-04	-3.51612870676489916731096172567e-2	1.79087350102542139533944415543e-8
2.920e-04	-3.51764863101474268880490736866e-2	1.96973619025770862188808713305e-8
2.930e-04	-3.51917014190560012904555008121e-2	2.16477012873599280710414602574e-8
2.940e-04	-3.52069324704320495929455088301e-2	2.37727548340020486037490407570e-8
2.950e-04	-3.52221795414496158085156623449e-2	2.60864285425099279716033369974e-8
2.960e-04	-3.52374427104176527808691290277e-2	2.86035845761860050000154047431e-8
2.970e-04	-3.52527220567980386534158875718e-2	3.13400952887643459546855757785e-8
2.980e-04	-3.52680176612233689516762313575e-2	3.43128994899080669661712597269e-8
2.990e-04	-3.52833296055144813681786583549e-2	3.75400609908233094933160487849e-8
3.000e-04	-3.52986579726976676361308786068e-2	4.10408294693593840426557375420e-8
3.010e-04	-3.53140028470215260183032703410e-2	4.48357036913486463646489837289e-8
3.020e-04	-3.53293643139734050465753740103e-2	4.89464971220878336632766943955e-8
3.030e-04	-3.53447424602953874173083299489e-2	5.33964059587700244841908343438e-8
3.040e-04	-3.53601373739997619366074490523e-2	5.82100796113387832346645107275e-8
3.050e-04	-3.53755491443839277032270814094e-2	6.34136936556499763285611424512e-8
3.060e-04	-3.53909778620446753163970237480e-2	6.90350252789882651118955775619e-8
3.070e-04	-3.54064236188917853055084134104e-2	7.51035312338926873906208548509e-8
3.080e-04	-3.54218865081608846107840474388e-2	8.16504283118958753143107901216e-8
3.090e-04	-3.54373666244254991292927807829e-2	8.87087763441738356720739428986e-8
3.100e-04	-3.54528640636082385538648464360e-2	9.63135637312366961365069292817e-8
3.110e-04	-3.54683789229910481575629364098e-2	1.04501795498665484916586627094e-7
3.120e-04	-3.54839113012244612669223891576e-2	1.13312583870516546417309189873e-7
3.130e-04	-3.54994612983357850801739226915e-2	1.22787241346375311761779604664e-7
3.140e-04	-3.55150290157361473821193258020e-2	1.32969376262148296191864499608e-7
3.150e-04	-3.55306145562263386397070275076e-2	1.43904990808536162907931399044e-7
3.160e-04	-3.55462180240013710855363040084e-2	1.55642581474742821603342288443e-7
3.170e-04	-3.55618395246536878665177074987e-2	1.68233241878341120200314704229e-7
3.180e-04	-3.55774791651749450606255381083e-2	1.81730767935351619601185088912e-7
3.190e-04	-3.55931370539562909505643477649e-2	1.96191765317497023882595301915e-7
3.200e-04	-3.56088133007870713537115223246e-2	2.11675759136280468531917365200e-7
3.210e-04	-3.56245080168518817576309506095e-2	2.28245305786016107634426123821e-7
3.220e-04	-3.56402213147258891678250654859e-2	2.45966106870219172011075581136e-7
3.230e-04	-3.56559533083683504967167298183e-2	2.64907125127853154525999186059e-7
3.240e-04	-3.56717041131142475016464685996e-2	2.85140702267852875059612989296e-7
3.250e-04	-3.56874738456639694437314345229e-2	3.06742678612095740590804785286e-7
3.260e-04	-3.57032626240709483663175105949e-2	3.29792514438622042052388400802e-7
3.270e-04	-3.57190705677272015051367732654e-2	3.54373412908367122083140513046e-7
3.280e-04	-3.57348977973466771458456298221e-2	3.80572444450077515691188264556e-7
3.290e-04	-3.57507444349463397490513402093e-2	4.08480672469353321098493666818e-7
3.300e-04	-3.57666106038249329344847043933e-2	4.38193280238974501722319209490e-7
3.310e-04	-3.57824964285393318578167244900e-2	4.69809698818860970613004629164e-7
3.320e-04	-3.57984020348784270953794486643e-2	5.03433735845146299926273488941e-7
3.330e-04	-3.58143275498344524890221560649e-2	5.39173705019020183636898129626e-7
3.340e-04	-3.58302731015717286018946897578e-2	5.77142556117122362856517850476e-7
3.350e-04	-3.58462388193927032407290700162e-2	6.17458005336583926506016815810e-7
3.360e-04	-3.58622248337012920961439587665e-2	6.60242665779014539438824334750e-7
3.370e-04	-3.58782312759633865187915093934e-2	7.05624177869296007710704164038e-7
3.380e-04	-3.58942582786645652446841164390e-2	7.53735339496431949555053608641e-7
3.390e-04	-3.59103059752648218521784715928e-2	8.04714235655708909128246260000e-7
3.400e-04	-3.59263745001504424450466852237e-2	8.58704367362982353919337167790e-7
3.410e-04	-3.59424639885828047155486175849e-2	9.15854779604547669194316602912e-7
3.420e-04	-3.59585745766441891552159625605e-2	9.76320188078114927019070982953e-7
3.430e-04	-3.59747064011804402964074778493e-2	1.04026110447354298000834940976e-6
3.440e-04	-3.59908595997406490416402880608e-2	1.10784396003457915287286885434e-6
3.450e-04	-3.60070343105135909632053936479e-2	1.17924122713706904744216538674e-6
3.460e-04	-3.60232306722609693829704917053e-2	1.25463153861256463139601556167e-6
3.470e-04	-3.60394488242476820761237944933e-2	1.33419980454019837798472685345e-6
3.480e-04	-3.60556889061686180738703715859e-2	1.41813732622604852639514496323e-6
3.490e-04	-3.60719510580725125046053436993e-2	1.50664190708251961921976739106e-6
3.500e-04	-3.60882354202823803946394419452e-2	1.59991796011839177286933384083e-6
3.510e-04	-3.61045421333129875345102750546e-2	1.69817661174463047964699525041e-6
3.520e-04	-3.61208713377848792113068968181e-2	1.80163580160057362214250918360e-6
3.530e-04	-3.61372231743355369318319105739e-2	1.91052037810026612861475857900e-6
3.540e-04	-3.61535977835270666624143798218e-2	2.02506218940054654469428454404e-6
3.550e-04	-3.61699953057511477592398638379e-2	2.14550016948795940610106010174e-6
3.560e-04	-3.61864158811304976998786798013e-2	2.27208041908625371252718706549e-6
3.570e-04	-3.62028596494178572315345233180e-2	2.40505628108137491505349791095e-6
3.580e-04	-3.62193267498911800845675685708e-2	2.54468841017085638776751629288e-6
3.590e-04	-3.62358173212469231275004900308e-2	2.69124483643519962103214534817e-6
3.600e-04	-3.62523315014896823499290124676e-2	2.84500102254619492083480502615e-6
3.610e-04	-3.62688694278194280346911990522e-2	3.00623991432003478166409179256e-6
3.620e-04	-3.62854312365159813471294058958e-2	3.17525198433457966561249897441e-6
3.630e-04	-3.63020170628207397570469585290e-2	3.35233526833526882492745056092e-6
3.640e-04	-3.63186270408166606133494716946e-2	3.53779539415583782830976768411e-6
3.650e-04	-3.63352613033043703922001877270e-2	3.73194560290514643292529153859e-6
3.660e-04	-3.63519199816774428934992082579e-2	3.93510676215287658802822648711e-6
3.670e-04	-3.63686032057950419538497108741e-2	4.14760737088242682119190736535e-6
3.680e-04	-3.63853111038515196513599496032e-2	4.36978355598528216977086797436e-6
3.690e-04	-3.64020438022466569833958984915e-2	4.60197906005462336622077007669e-6
3.700e-04	-3.64188014254508484427376124868e-2	4.84454522031177164960311184711e-6
3.710e-04	-3.64355840958713153533892133341e-2	5.09784093843390626669072137806e-6
3.720e-04	-3.64523919337160564624993132063e-2	5.36223264112895465635398413704e-6
3.730e-04	-3.64692250568552651545444013211e-2	5.63809423130255041166724339841e-6
3.740e-04	-3.64860835806842025614213056691e-2	5.92580702964051574029872386041e-6
3.750e-04	-3.65029676179819846356779395305e-2	6.22575970652835518267490508729e-6
3.760e-04	-3.65198772787724841945539468660e-2	6.53834820414676355907723278306e-6
3.770e-04	-3.65368126701836478212615540082e-2	6.86397564868612024496312691877e-6
3.780e-04	-3.65537738963050970378771748414e-2	7.20305225261656793250205613286e-6
3.790e-04	-3.65707610580463173708753833332e-2	7.55599520694386909646846372144e-6
3.800e-04	-3.65877742529972737901925643743e-2	7.92322856339968075553190580658e-6
3.810e-04	-3.66048135752841519502151415752e-2	8.30518310664622849657933161416e-6
3.820e-04	-3.66218791154326525295570488720e-2	8.70229621636570801671644503057e-6
3.830e-04	-3.66389709602202133634582393142e-2	9.11501171950719171147877860587e-6
3.840e-04	-3.66560891925473500088689689676e-2	9.54377973236109615392341748875e-6
3.850e-04	-3.66732338912891221598587173944e-2	9.98905649306462017909474392103e-6
3.860e-04	-3.66904051311615107940052775710e-2	1.04513041841856469602588992755e-5
3.870e-04	-3.67076029825887172343015311651e-2	1.09309907456903945547611944144e-5
3.880e-04	-3.67248275115652510355024231225e-2	1.14285896785588909105929902270e-5
3.890e-04	-3.67420787795249425452381366330e-2	1.19445798390436833562821934992e-5
3.900e-04	-3.67593568432108491027669828268e-2	1.24794452238644744444118133396e-5
3.910e-04	-3.67766617545474735129598180121e-2	1.30336747465441522439449488092e-5
3.920e-04	-3.67939935605155042574231656946e-2	1.36077620051321121979014813917e-5
3.930e-04	-3.68113523030292843136840723837e-2	1.42022050415831635811828314390e-5
3.940e-04	-3.68287380188143507057667688689e-2	1.48175060931451351306774990801e-5
3.950e-04	-3.68461507393021681451791968517e-2	1.54541713356975170440149915109e-5
3.960e-04	-3.68635904905039135892008297355e-2	1.61127106201972029200634178779e-5
3.970e-04	-3.68810572928983947599382187905e-2	1.67936372018735032174827777613e-5
3.980e-04	-3.68985511613429051580553042229e-2	1.74974674622600451461833518640e-5
3.990e-04	-3.69160721049628108987170258791e-2	1.82247206255036897822264395654e-5
4.000e-04	-3.69336201270398601365092855190e-2	1.89759184689779354159564836090e-5
4.010e-04	-3.69511952249532251387953013297e-2	1.97515850271264810045567180064e-5
4.020e-04	-3.69687973900399880825689797519e-2	2.05522462925853859336933002107e-5
4.030e-04	-3.69864266075568009392883726732e-2	2.13784299100754427212641067278e-5
4.040e-04	-3.70040828565828296675104300478e-2	2.22306648679083901312371704210e-5
4.050e-04	-3.70217661099310384157129934327e-2	2.31094811858541541721380213117e-5
4.060e-04	-3.70394763341022941680131784337e-2	2.40154095986625137367088738566e-5
4.070e-04	-3.70572134891935894961266489740e-2	2.49489812385705358036246955131e-5
4.080e-04	-3.70749775288578205512701741890e-2	2.59107273141572443048915572718e-5
4.090e-04	-3.70927684002517379396388113236e-2	2.69011787880685524547189731142e-5
4.100e-04	-3.71105860439600996238947280888e-2	2.79208660547432272843394137729e-5
4.110e-04	-3.71284303939871815062527700700e-2	2.89703186152324434043440940361e-5
4.120e-04	-3.71463013776797478983149850261e-2	3.00500647547605997651296820089e-5
4.130e-04	-3.71641989157351960935027902077e-2	3.11606312175882584788038882723e-5
4.140e-04	-3.71821229221296839126518624740e-2	3.23025428863221620075781515906e-5
4.150e-04	-3.72000733041438532086192721997e-2	3.34763224588266322522173677542e-5
4.160e-04	-3.72180499622954402629717378084e-2	3.46824901314190431536960527796e-5
4.170e-04	-3.72360527903835243472017630539e-2	3.59215632797940290766890531323e-5
4.180e-04	-3.72540816754421841008904681083e-2	3.71940561473298878517602941774e-5
4.190e-04	-3.72721364977357856374487901191e-2	3.85004795353731137688774816550e-5
4.200e-04	-3.72902171308186522804312948557e-2	3.98413404943691610062874277449e-5
4.210e-04	-3.73083234414747460631548402849e-2	4.12171420259000314596538322065e-5
4.220e-04	-3.73264552898352141224130800715e-2	4.26283827804360257124765776704e-5
4.230e-04	-3.73446125292535385582536833641e-2	4.40755567740647085061105733971e-5
4.240e-04	-3.73627950064587420187448672508e-2	4.55591530959098228406655486552e-5
4.250e-04	-3.73810025616046573007756890837e-2	4.70796556272775560857537233757e-5
4.260e-04	-3.73992350281503215575133985522e-2	4.86375427784319112638489131981e-5
4.270e-04	-3.74174922330877185365649422704e-2	5.02332872113437244640727854603e-5
4.280e-04	-3.74357739968858432075515447160e-2	5.18673555874471261629582488141e-5
4.290e-04	-3.74540801335711068817368490455e-2	5.35402083150050523025941020731e-5
4.300e-04	-3.74724104507487969775064130865e-2	5.52522993087708194939362762953e-5
4.310e-04	-3.74907647498164019355870239263e-2	5.70040757444842930595808789025e-5
4.320e-04	-3.75091428257692358133799884743e-2	5.87959778515925370424657493709e-5
4.330e-04	-3.75275444675415231236440761463e-2	6.06284386763754310258150838352e-5
4.340e-04	-3.75459694579301838233491144543e-2	6.25018838847648711327276431358e-5
4.350e-04	-3.75644175737146068476255613856e-2	6.44167315604995649096586654171e-5
4.360e-04	-3.75828885857425961918531962325e-2	6.63733920154795269629419354652e-5
4.370e-04	-3.76013822590202313149789628074e-2	6.83722676097508439853556588153e-5
4.380e-04	-3.76198983528054809929932897530e-2	7.04137525812682692094409997682e-5
4.390e-04	-3.76384366207054058954127241777e-2	7.24982328855607854629962980101e-5
4.400e-04	-3.76569968107767817768903626075e-2	7.46260860454029717900851537107e-5
4.410e-04	-3.76755786657024208953557082084e-2	7.67976810035900698597044305869e-5
4.420e-04	-3.76941819226125022703869846641e-2	7.90133780201861937459314063294e-5
4.430e-04	-3.77128063136167890981463303594e-2	8.12735285124290838312495866614e-5
4.440e-04	-3.77314515656395361005335923692e-2	8.35784749712713223090522346956e-5
4.450e-04	-3.77501174006934809657821035820e-2	8.59285508458226874718466545594e-5
4.460e-04	-3.77688035356407540178097340822e-2	8.83240804916213649780451918690e-5
4.470e-04	-3.77875096829408118956197377865e-2	9.07653790248769690817147163945e-5
4.480e-04	-3.78062355500278191500567393194e-2	9.32527523334271929526406820556e-5
4.490e-04	-3.78249808402197447275703266216e-2	9.57864969309855116277808993387e-5
4.500e-04	-3.78437452522508284525911791239e-2	9.83668999731730566542310390822e-5
4.510e-04	-3.78625284803405196391312560244e-2	1.00994239227507239794898376086e-4
4.520e-04	-3.78813302149103053767291343859e-2	1.03668782973474578972560989538e-4
4.530e-04	-3.79001501423968270972301603659e-2	1.06390790017714454517852836251e-4
4.540e-04	-3.79189879450948710584531987593e-2	1.09160509719900898889645754570e-4
4.550e-04	-3.79378433016738631688886036998e-2	1.11978181943142769979566785470e-4
4.560e-04	-3.79567158873453053901849221596e-2	1.14844037054365978080159484442e-4
4.570e-04	-3.79756053735301524970016680366e-2	1.17758296002233821390539067509e-4
4.580e-04	-3.79945114284404159900435554309e-2	1.20721170282180635059212855165e-4
4.590e-04	-3.80134337170666187834559206788e-2	1.23732861987917695732567747176e-4
4.600e-04	-3.80323719015052266342989008124e-2	1.26793563823368338913490799347e-4
4.610e-04	-3.80513256405252259166308328260e-2	1.29903459233527289175939650792e-4
4.620e-04	-3.80702945902479275995013156350e-2	1.33062722382032241251729046969e-4
4.630e-04	-3.80892784043265976335187403581e-2	1.36271518204499258658688224990e-4
4.640e-04	-3.81082767334244302244492728559e-2	1.39530002580044400592702853037e-4
4.650e-04	-3.81272892259778340685687015048e-2	1.42838322312204550633594295296e-4
4.660e-04	-3.81463155283800845086940667420e-2	1.46196615200779274212864062046e-4
4.670e-04	-3.81653552843586238172958521613e-2	1.49605010255189293090469913892e-4
4.680e-04	-3.81844081361146547755360363873e-2	1.53063627624019908812892792722e-4
4.690e-04	-3.82034737233905005190589794180e-2	1.56572578874812496133758301931e-4
4.700e-04	-3.82225516847037258019885138173e-2	1.60131966911768360800204831711e-4
4.710e-04	-3.82416416559875427877719769988e-2	1.63741886349475909592251456318e-4
4.720e-04	-3.82607432732073255335853885787e-2	1.67402423182663730986866476853e-4
4.730e-04	-3.82798561693137942226763957258e-2	1.71113655480524103510560183436e-4
4.740e-04	-3.82989799765716637261545545975e-2	1.74875653114840157420416324641e-4
4.750e-04	-3.83181143264432535516649935540e-2	1.78688477925943274299682400125e-4
4.760e-04	-3.83372588489843868146365983770e-2	1.82552183993717113955934771285e-4
4.770e-04	-3.83564131728778552127109936025e-2	1.86466817797329789209403824568e-4
4.780e-04	-3.83755769263309969157726824408e-2	1.90432418201709546344836197618e-4
4.790e-04	-3.83947497372731568867334053985e-2	1.94449016576970916423751184831e-4
4.800e-04	-3.84139312326100196678562330149e-2	1.98516637118910374692181831260e-4
4.810e-04	-3.84331210382373102789048371716e-2	2.02635297025078929343233116628e-4
4.820e-04	-3.84523187800739855835809194707e-2	2.06805006450573403927566004013e-4
4.830e-04	-3.84715240848010292963212272410e-2	2.11025768511491653061474692547e-4
4.840e-04	-3.84907365768281708927578759680e-2	2.15297580131948145548621580140e-4
4.850e-04	-3.85099558814420676231197128157e-2	2.19620431534127715934669054300e-4
4.860e-04	-3.85291816245169094952950823735e-2	2.23994306468626517438397859855e-4
4.870e-04	-3.85484134314707696294917194163e-2	2.28419182632715121103542716079e-4
4.880e-04	-3.85676509272401058047905060159e-2	2.32895031867779835546427021859e-4
4.890e-04	-3.85868937382796282568983283961e-2	2.37421819863301194861100337603e-4
4.900e-04	-3.86061414907878792880086661221e-2	2.41999506757426859648941383346e-4
4.910e-04	-3.86253938106633461215053830263e-2	2.46628047341290795503582683716e-4
4.920e-04	-3.86446503264931479392477757539e-2	2.51307390489313534850275196094e-4
4.930e-04	-3.86639106637337649536469777795e-2	2.56037480812182489628009540589e-4
4.940e-04	-3.86831744530865976235855967033e-2	2.60818256700226699270247595758e-4
4.950e-04	-3.87024413221041020729559259003e-2	2.65649652661483811364049100464e-4
4.960e-04	-3.87217109015635452300814900032e-2	2.70531597846686003707751628645e-4
4.970e-04	-3.87409828214295379689506996791e-2	2.75464017291599256527751302024e-4
4.980e-04	-3.87602567143948149530913648409e-2	2.80446831139908993092836305487e-4
4.990e-04	-3.87795322133302391890727857463e-2	2.85479955505166787389845455430e-4
5.000e-04	-3.87988089522008643192558049802e-2	2.90563302398675086606051911551e-4
5.010e-04	-3.88180865661281460319343183863e-2	2.95696779883641523206235941323e-4
5.020e-04	-3.88373646903554704387726462298e-2	3.00880292549357684522188506676e-4
5.030e-04	-3.88566429635119482927529545794e-2	3.06113740729556688525961274191e-4
5.040e-04	-3.88759210245365014065572666102e-2	3.11397021555337218785080863113e-4
5.050e-04	-3.88951985137515650227319694979e-2	3.16730028811235470646545646806e-4
5.060e-04	-3.89144750716583843254866904668e-2	3.22112653469519991611787423828e-4
5.070e-04	-3.89337503426685928320719511562e-2	3.27544782706513277526340877245e-4
5.080e-04	-3.89530239715524613427069469693e-2	3.33026301138093060479264542861e-4
5.090e-04	-3.89722956046574362379627900138e-2	3.38557090606382800364027651842e-4
5.100e-04	-3.89915648899515634451252683587e-2	3.44137030317861076013877231266e-4
5.110e-04	-3.90108314770649696599857308211e-2	3.49765996979315360703298774359e-4
5.120e-04	-3.90300950157957271606864879125e-2	3.55443865441205678008522947198e-4
5.130e-04	-3.90493551606474476131146837047e-2	3.61170507346269640003389844447e-4
5.140e-04	-3.90686115680987841505543642704e-2	3.66945792141711579303322207790e-4
5.150e-04	-3.90878638915820510155924891765e-2	3.72769588941034068670980201642e-4
5.160e-04	-3.91071117911745711088019124924e-2	3.78641763383073227301703774317e-4
5.170e-04	-3.91263549254412024303231670608e-2	3.84562180540766755843839271112e-4
5.180e-04	-3.91455929601904921536481321315e-2	3.90530702002590478355420754170e-4
5.190e-04	-3.91648255578720072181816140010e-2	3.96547189707953130165489835032e-4
5.200e-04	-3.91840523826563368458367727753e-2	4.02611504327923836934180913743e-4
5.210e-04	-3.92032731065595363040205438649e-2	4.08723503140367374408293363245e-4
5.220e-04	-3.92224873956881347854302821741e-2	4.14883045141453677222208706510e-4
5.230e-04	-3.92416949241593310891128356245e-2	4.21089986091470712546780869460e-4
5.240e-04	-3.92608953661537558883768939014e-2	4.27344181523382853264759976569e-4
5.250e-04	-3.92800884002106861093696551235e-2	4.33645485245033341208747103646e-4
5.260e-04	-3.92992737001114291744364306907e-2	4.39993752929169985402313636045e-4
5.270e-04	-3.93184509484915659945067893579e-2	4.46388837028248764369458552768e-4
5.280e-04	-3.93376198278574648237363853432e-2	4.52830590289955635454031496725e-4
5.290e-04	-3.93567800228315666032353963521e-2	4.59318865002893446653955619244e-4
5.300e-04	-3.93759312201636635522950551324e-2	4.65853513086569914413783504821e-4
5.310e-04	-3.93950731087409504799206730807e-2	4.72434386178960874576987811065e-4
5.320e-04	-3.94142053795968839409099233224e-2	4.79061335721667849036267430766e-4
5.330e-04	-3.94333277259188839918989090639e-2	4.85734213042690941636851888395e-4
5.340e-04	-3.94524398430549129071170579427e-2	4.92452869436839914967271746635e-4
5.350e-04	-3.94715414285189647932422201546e-2	4.99217156243808008948326811224e-4
5.360e-04	-3.94906321819954995998388519863e-2	5.06026924923934646780569927990e-4
5.370e-04	-3.95097118053428545584171010465e-2	5.12882027131684638037483099907e-4
5.380e-04	-3.95287800025956656011050267801e-2	5.19782314786872836712954505454e-4
5.390e-04	-3.95478364799663308111310035572e-2	5.26727640143664448065306377100e-4
5.400e-04	-3.95668809458455474435355977246e-2	5.33717855857382306351945848865e-4
5.410e-04	-3.95859131144267328956947615523e-2	5.40752813433373055673191941523e-4
5.420e-04	-3.96049326913047272653561112024e-2	5.47832369694035857726583848749e-4
5.430e-04	-3.96239393949273765588665721981e-2	5.54956377318701675296614740293e-4
5.440e-04	-3.96429329463147118886564416631e-2	5.62124689395913326970527236827e-4
5.450e-04	-3.96619130569757712860467664033e-2	5.69337165044064435079538300157e-4
5.460e-04	-3.96808794563004602140109906268e-2	5.76593656948814400990674304625e-4
5.470e-04	-3.96998318596986856355237175096e-2	5.83894026051777339036538916678e-4
5.480e-04	-3.97187700013024244516245747989e-2	5.91238126446837842983759726954e-4
5.490e-04	-3.97376936048590263562835131196e-2	5.98625818981198405579389218707e-4
5.500e-04	-3.97566024003964269277510941019e-2	6.06056963531846569825456858631e-4
5.510e-04	-3.97754961200742322616171916809e-2	6.13531420976704569400754526439e-4
5.520e-04	-3.97943744981753998031331667277e-2	6.21049053237842320701930866041e-4
5.530e-04	-3.98132372710973519335134154609e-2	6.28609723322965584204637091271e-4
5.540e-04	-3.98320841824270381339155703955e-2	6.36213292844381400589723781453e-4
5.550e-04	-3.98509149627217723928773517395e-2	6.43859632056845755644334299775e-4
5.560e-04	-3.98697293649664720106581578424e-2	6.51548602327513314913286317183e-4
5.570e-04	-3.98885271233619395406072380398e-2	6.59280076680830762008242126176e-4
5.580e-04	-3.99073079955543688477623631885e-2	6.67053918643959397240553230563e-4
5.590e-04	-3.99260717250759406220027126836e-2	6.74870001201131329720902877265e-4
5.600e-04	-3.99448180687370956121408652619e-2	6.82728192920476426820439766137e-4
5.610e-04	-3.99635467678324281000545028438e-2	6.90628372802098921459400019151e-4
5.620e-04	-3.99822575892561573171087451782e-2	6.98570409002453996903715491703e-4
5.630e-04	-4.00009502777378060177276491738e-2	7.06554183712801696308764314347e-4
5.640e-04	-4.00196246047454255753723402042e-2	7.14579567542053100400610211194e-4
5.650e-04	-4.00382803250115143930412495977e-2	7.22646442423423879330139414654e-4
5.660e-04	-4.00569172082161627420209633572e-2	7.30754684841511795837724717178e-4
5.670e-04	-4.00755350057341601085459951341e-2	7.38904183712187197129065826809e-4
5.680e-04	-4.00941334980870967051939380128e-2	7.47094814754407745536565931469e-4
5.690e-04	-4.01127124471417442738089304616e-2	7.55326466380473138757157357297e-4
5.700e-04	-4.01312716234658411725242641379e-2	7.63599024886021874027960521919e-4
5.710e-04	-4.01498107995092873917925540231e-2	7.71912378146194878192710783842e-4
5.720e-04	-4.01683297495883321415375512404e-2	7.80266415631358132575682924127e-4
5.730e-04	-4.01868282578653447857367336598e-2	7.88661023892354461230646941028e-4
5.740e-04	-4.02053060947109724464164982807e-2	7.97096099896200814437226547684e-4
5.750e-04	-4.02237630399534761019372107061e-2	8.05571537974022444166201672197e-4
5.760e-04	-4.02421988837764616956648285680e-2	8.14087229166729233531531864226e-4
5.770e-04	-4.02606133926791585159245042249e-2	8.22643080846661023389817127119e-4
5.780e-04	-4.02790063691511317419776338153e-2	8.31238982295577827728767774908e-4
5.790e-04	-4.02973775915820124918301415927e-2	8.39874839427902144844006665817e-4
5.800e-04	-4.03157268486494601326184535990e-2	8.48550554906492418504814104799e-4
5.810e-04	-4.03340539402993100665953178624e-2	8.57266027404202729316284185683e-4
5.820e-04	-4.03523586494944082140722917523e-2	8.66021168345429116227044488454e-4
5.830e-04	-4.03706407700221642110290226508e-2	8.74815885486000551901463191677e-4
5.840e-04	-4.03889000973350860375474713950e-2	8.83650088294737206824479251616e-4
5.850e-04	-4.04071364389457001727124760698e-2	8.92523681614850594577716720241e-4
5.860e-04	-4.04253495836207985270826119415e-2	9.01436584350847741754477590338e-4
5.870e-04	-4.04435393317144166161912381634e-2	9.10388711125877753352375780324e-4
5.880e-04	-4.04617054962726820336621419313e-2	9.19379971415258716130563801866e-4
5.890e-04	-4.04798478588638557731035401231e-2	9.28410296868738432764449734328e-4
5.900e-04	-4.04979662585845546393447429167e-2	9.37479586105053633268898125279e-4
5.910e-04	-4.05160604680760713410924098922e-2	9.46587781846135970350310460006e-4
5.920e-04	-4.05341303188998754625816891422e-2	9.55734792661153011406680227406e-4
5.930e-04	-4.05521755968506814962933121344e-2	9.64920558638141660471676109566e-4
5.940e-04	-4.05701961500485625605946802658e-2	9.74144982978560810831906249291e-4
5.950e-04	-4.05881917541896750601681282436e-2	9.83408017673668799247312458755e-4
5.960e-04	-4.06061622487834026104129719393e-2	9.92709576605187876186863902967e-4
5.970e-04	-4.06241074368042137519512404662e-2	1.00204959973635642334975648477e-3
5.980e-04	-4.06420271488539841973365313890e-2	1.01142801179827340690145577603e-3
5.990e-04	-4.06599211902153435780928892629e-2	1.02084475662164006256058756430e-3
6.000e-04	-4.06777893806503435178799944009e-2	1.03029977128961972610049358459e-3
6.010e-04	-4.06956315412868353259355431129e-2	1.03979299460711950986752036906e-3
6.020e-04	-4.07134475093730585778505651755e-2	1.04932435724656241283652965588e-3
6.030e-04	-4.07312370945338860037592746465e-2	1.05889381080505772311970345936e-3
6.040e-04	-4.07490001372701137045281083197e-2	1.06850128886956021071211597899e-3
6.050e-04	-4.07667364492538477664235851102e-2	1.07814674691824558569626454357e-3
6.060e-04	-4.07844458582082765385939033825e-2	1.08783013228049958859480395010e-3
6.070e-04	-4.08021282094119589640712265272e-2	1.09755138285254092460682851737e-3
6.080e-04	-4.08197833008253857124626290990e-2	1.10731047134467098006458059876e-3
6.090e-04	-4.08374110137569006408470864710e-2	1.11710731594309288922561281174e-3
6.100e-04	-4.08550111310510234299504749158e-2	1.12694190492760130563215832929e-3
6.110e-04	-4.08725835207929912584523989212e-2	1.13681417040037074393002803233e-3
6.120e-04	-4.08901280190498599066948533366e-2	1.14672406890617579328585846752e-3
6.130e-04	-4.09076444447988164266057041051e-2	1.15667157145899895773908506712e-3
6.140e-04	-4.09251326354246433666946099393e-2	1.16665663877168745824319995967e-3
6.150e-04	-4.09425924294384507092285915327e-2	1.17667923320972409879394416907e-3
6.160e-04	-4.09600236858036635432637526155e-2	1.18673930502044631546351961388e-3
6.170e-04	-4.09774262266214135934340942035e-2	1.19683683297862180639436755002e-3
6.180e-04	-4.09947999137763915953040083650e-2	1.20697176993989423445646398704e-3
6.190e-04	-4.10121445708099974795090576852e-2	1.21714409854482083112081957903e-3
6.200e-04	-4.10294600416506342314413779643e-2	1.22735378928897142677690083447e-3
6.210e-04	-4.10467461924766532867498262489e-2	1.23760079885263608398096499509e-3
6.220e-04	-4.10640028704346243291896457977e-2	1.24788509989668723512458976458e-3
6.230e-04	-4.10812298796763027409624765325e-2	1.25820669891560085372476577282e-3
6.240e-04	-4.10984271118026019048118185185e-2	1.26856554086668352067907729089e-3
6.250e-04	-4.11155944169706777041478913532e-2	1.27896160310881965922632792571e-3
6.260e-04	-4.11327316230788116618805663923e-2	1.28939488178615432862086495482e-3
6.270e-04	-4.11498385809715492175260266677e-2	1.29986535847590522888826286964e-3
6.280e-04	-4.11669151665048577796574695971e-2	1.31037299829635600057069411451e-3
6.290e-04	-4.11839612091187470558288713999e-2	1.32091780316904670666207447389e-3
6.300e-04	-4.12009765623836050425114508245e-2	1.33149975931570654086957953478e-3
6.310e-04	-4.12179611061575495964490817787e-2	1.34211883526444648191183226588e-3
6.320e-04	-4.12349146970997751819905269740e-2	1.35277501905531577730770569776e-3
6.330e-04	-4.12518371664208280461997424195e-2	1.36346832028851260471071250224e-3
6.340e-04	-4.12687283711271938353463760627e-2	1.37419873125932656332194533445e-3
6.350e-04	-4.12855881963057969007887195780e-2	1.38496622482283042836409514792e-3
6.360e-04	-4.13024164742636678594308389830e-2	1.39577081634350963748813569643e-3
6.370e-04	-4.13192130926541038004847270176e-2	1.40661248074990589586759827135e-3
6.380e-04	-4.13359778844163552629527707897e-2	1.41749123724105132898515220262e-3
6.390e-04	-4.13527107105119033514914248810e-2	1.42840708554632584077688322640e-3
6.400e-04	-4.13694114623770706175907563853e-2	1.43936000360197863963679556893e-3
6.410e-04	-4.13860800039810075679168391503e-2	1.45034999261764594410976089573e-3
6.420e-04	-4.14027161692756207613242457504e-2	1.46137707946335176033190522350e-3
6.430e-04	-4.14193198221382238529010946128e-2	1.47244126967309570848362555638e-3
6.440e-04	-4.14358908589651709366197656494e-2	1.48354254496224709406766000357e-3
6.450e-04	-4.14524291142372832291523984894e-2	1.49468093797263619171957842067e-3
6.460e-04	-4.14689344867924837216212583522e-2	1.50585643221550340041363622651e-3
6.470e-04	-4.14854068113668827551585467191e-2	1.51706906417779120193079756357e-3
6.480e-04	-4.15018459892161822785116417373e-2	1.52831881910366480160929744830e-3
6.490e-04	-4.15182518552484344335680917764e-2	1.53960573733093227887052534616e-3
6.500e-04	-4.15346243131147752934576978357e-2	1.55092980577338450782225965099e-3
6.510e-04	-4.15509631978119019054592025112e-2	1.56229106862690384788644240751e-3
6.520e-04	-4.15672684153654896516472411032e-2	1.57368951441128702170945365897e-3
6.530e-04	-4.15835398007776058028731251631e-2	1.58512519118922578713897516501e-3
6.540e-04	-4.15997772248102087696765439988e-2	1.59659811988642135334730008225e-3
6.550e-04	-4.16159805970025509970090806189e-2	1.60810829132595971858481967896e-3
6.560e-04	-4.16321497910680460375130809624e-2	1.61965572731012388192880142494e-3
6.570e-04	-4.16482846417691030329908888092e-2	1.63124048366834442390972192056e-3
6.580e-04	-4.16643850621445317130921724252e-2	1.64286255335367430963986733774e-3
6.590e-04	-4.16804508867120983741356730818e-2	1.65452199609840238788330349329e-3
6.600e-04	-4.16964819893343328494447128567e-2	1.66621884088163334546039588304e-3
6.610e-04	-4.17124783286463470379236656965e-2	1.67795304732226928387854875939e-3
6.620e-04	-4.17284396549994903184821240457e-2	1.68972475106758443252396335733e-3
6.630e-04	-4.17443659286398457051596894312e-2	1.70153391365937598776431513615e-3
6.640e-04	-4.17602570273276608783087238989e-2	1.71338056725033674390549404392e-3
6.650e-04	-4.17761127843445955245845245755e-2	1.72526478338227671686342846905e-3
6.660e-04	-4.17919331218763626026873511089e-2	1.73718656001304839813373228991e-3
6.670e-04	-4.18077178726249702089727216445e-2	1.74914597266060253021231869599e-3
6.680e-04	-4.18234669610361486996634488144e-2	1.76114302037080759292319254718e-3
6.690e-04	-4.18391802191479658643692515070e-2	1.77317778266095545722015145073e-3
6.700e-04	-4.18548575736584645277071419452e-2	1.78525025959923371227318415711e-3
6.710e-04	-4.18704988558571882580947662821e-2	1.79736053472753729636280080411e-3
6.720e-04	-4.18861039946882638075713283567e-2	1.80950860907047627999250570520e-3
6.730e-04	-4.19016728206077899097960604675e-2	1.82169457022192435937665841967e-3
6.740e-04	-4.19172052648012271496057433347e-2	1.83391842009681411171672682093e-3
6.750e-04	-4.19327012093970639987469677548e-2	1.84618020446407602923236266695e-3
6.760e-04	-4.19481604834572886362703796209e-2	1.85848001703266614462207305473e-3
6.770e-04	-4.19635829672961884147358017712e-2	1.87081790851478621212143707663e-3
6.780e-04	-4.19789685965730970014090891634e-2	1.88319388240723753883440991876e-3
6.790e-04	-4.19943172546697338911334407363e-2	1.89560798929059527551558746176e-3
6.800e-04	-4.20096287684681559558564581543e-2	1.90806033116730681331985684306e-3
6.810e-04	-4.20249030769982067937414680492e-2	1.92055091252575860048614281853e-3
6.820e-04	-4.20401400059222098507613494703e-2	1.93307983956982783535251153342e-3
6.830e-04	-4.20553394965081735466250969239e-2	1.94564711737799887884977101694e-3
6.840e-04	-4.20705014334834380753462655740e-2	1.95825280243471397438893118637e-3
6.850e-04	-4.20856256405343609605215410885e-2	1.97089700730024841958501357289e-3
6.860e-04	-4.21007120000838283134641067842e-2	1.98357979369053110998945698129e-3
6.870e-04	-4.21157604578873251746551985734e-2	1.99630116766236670494581619835e-3
6.880e-04	-4.21307708995504279399059401641e-2	2.00906119037615763566040737476e-3
6.890e-04	-4.21457431457926392057960759204e-2	2.02185998304759552754578123295e-3
6.900e-04	-4.21606771457695383834851274131e-2	2.03469755226707505814770461167e-3
6.910e-04	-4.21755727185831713583555678371e-2	2.04757402364914883610655564486e-3
6.920e-04	-4.21904298156541958862937751928e-2	2.06048940406894170387557112279e-3
6.930e-04	-4.22052483234781728732802907839e-2	2.07344376044571519115101202761e-3
6.940e-04	-4.22200280585805579050761662347e-2	2.08643722506534992544398228246e-3
6.950e-04	-4.22347689046379219881924076506e-2	2.09946987043072473231423442483e-3
6.960e-04	-4.22494708898719769368743164913e-2	2.11254163730013666226951325391e-3
6.970e-04	-4.22641336845798642085691624730e-2	2.12565279661795761001632491058e-3
6.980e-04	-4.22787573926218887940477121373e-2	2.13880322156400807002852950940e-3
6.990e-04	-4.22933417535186304651999069487e-2	2.15199312231539361865178165049e-3
7.000e-04	-4.23078866512949119101552359655e-2	2.16522257730135728273595950596e-3
7.010e-04	-4.23223921254700199840220428694e-2	2.17849152143528993005177835392e-3
7.020e-04	-4.23368578302933554747350144651e-2	2.19180024898363628134388380798e-3
7.030e-04	-4.23512838865335803925367328547e-2	2.20514862113611588262376849053e-3
7.040e-04	-4.23656700228605474893200697101e-2	2.21853686574746370937654186336e-3
7.050e-04	-4.23800161233981828206760133405e-2	2.23196506715642844640725796333e-3
7.060e-04	-4.23943221558296020969708546411e-2	2.24543323223808542709217681025e-3
7.070e-04	-4.24085880078423215455222627680e-2	2.25894144381049192229371040102e-3
7.080e-04	-4.24228135671572243306675310239e-2	2.27248978579778895775367210280e-3
7.090e-04	-4.24369986342320163309823133503e-2	2.28607842591153781896062772899e-3
7.100e-04	-4.24511430930435425686931781893e-2	2.29970745440275176039181746037e-3
7.110e-04	-4.24652469173095975405512657827e-2	2.31337687729427459171004731671e-3
7.120e-04	-4.24793099947035177804421951671e-2	2.32708678304325154689388032042e-3
7.130e-04	-4.24933321204551924359790896728e-2	2.34083734950208983126912711379e-3
7.140e-04	-4.25073132719864164640990323561e-2	2.35462858195073144790878959092e-3
7.150e-04	-4.25212533368611565024104658490e-2	2.36846057222332052911980805685e-3
7.160e-04	-4.25351521061451821721513284868e-2	2.38233350596347632774208397318e-3
7.170e-04	-4.25490095610257366476396272917e-2	2.39624738754087263123835296321e-3
7.180e-04	-4.25628255888758237472799951697e-2	2.41020231217484753187277859988e-3
7.190e-04	-4.25765999763638625641155780333e-2	2.42419847349498272072485944296e-3
7.200e-04	-4.25903326064406094009979911402e-2	2.43823597366712547859939122133e-3
7.210e-04	-4.26040235688990710676479626752e-2	2.45231471515256310246778474119e-3
7.220e-04	-4.26176725451296512453584311086e-2	2.46643499707539192933228239159e-3
7.230e-04	-4.26312794175967102665547046003e-2	2.48059692520564625986318543757e-3
7.240e-04	-4.26448442844691170396724675920e-2	2.49480039577249672972185150045e-3
7.250e-04	-4.26583667084373752970106378813e-2	2.50904582818533219978887977662e-3
7.260e-04	-4.26718468998333413284345138743e-2	2.52333301059758459874485018749e-3
7.270e-04	-4.26852845244328716665162556885e-2	2.53766226439909854001255855791e-3
7.280e-04	-4.26986795778276402372889312148e-2	2.55203358917325772245245817447e-3
7.290e-04	-4.27120318302288993899025884166e-2	2.56644720677868599569496593594e-3
7.300e-04	-4.27253412799490563777409582014e-2	2.58090311569387404912403850287e-3
7.310e-04	-4.27386078125542923868183418277e-2	2.59540142605968093693162245718e-3
7.320e-04	-4.27518311927780537753717677869e-2	2.60994236870601962782896407290e-3
7.330e-04	-4.27650114231195186218063209949e-2	2.62452594026722141697760735498e-3
7.340e-04	-4.27781483885177013574850937588e-2	2.63915225439170028281396285777e-3
7.350e-04	-4.27912418479626281237209701101e-2	2.65382155114085481211648337579e-3
7.360e-04	-4.28042918082371279679055088024e-2	2.66853382512077378297991813849e-3
7.370e-04	-4.28172980243293357392615070011e-2	2.68328932272520244864364776707e-3
7.380e-04	-4.28302606369366474235966652588e-2	2.69808790592091309420688327801e-3
7.390e-04	-4.28431792695046362478351344784e-2	2.71292995469832933691695160405e-3
7.400e-04	-4.28560538000593843171834326159e-2	2.72781559594789298217813022051e-3
7.410e-04	-4.28688842427325321339715397941e-2	2.74274482050446624635246480841e-3
7.420e-04	-4.28816704803631814733553329972e-2	2.75771775159640382387192730569e-3
7.430e-04	-4.28944122552449991764295518287e-2	2.77273465531049565748045553815e-3
7.440e-04	-4.29071097282645435806290209204e-2	2.78779537610095010638646183163e-3
7.450e-04	-4.29197623547764658250759555211e-2	2.80290047240363094647499927421e-3
7.460e-04	-4.29323704429279779745057018722e-2	2.81804964079368504300867109026e-3
7.470e-04	-4.29449335837399473979111381961e-2	2.83324330498953278873129453395e-3
7.480e-04	-4.29574518022207420754529049001e-2	2.84848144957263382628682491467e-3
7.490e-04	-4.29699248267908648067558285654e-2	2.86376436157462257736120004366e-3
7.500e-04	-4.29823526856587423720343587461e-2	2.87909202362913386918515463403e-3
7.510e-04	-4.29947352586013081751147376678e-2	2.89446457016190443965583996187e-3
7.520e-04	-4.30070722666366569570733788453e-2	2.90988229918704859385111203363e-3
7.530e-04	-4.30193639034561988348640819284e-2	2.92534502540643706898854104390e-3
7.540e-04	-4.30316095660347916352863937370e-2	2.94085338148729589446977928059e-3
7.550e-04	-4.30438096141659808416917261416e-2	2.95640701261247056265361190745e-3
7.560e-04	-4.30559635979866139035161637246e-2	2.97200639676289219589266099517e-3
7.570e-04	-4.30680715574921820453794092563e-2	2.98765150888831675722403120458e-3
7.580e-04	-4.30801331979185486431232011830e-2	3.00334267006795657788241710880e-3
7.590e-04	-4.30921487366762222060774495077e-2	3.01907967267700521258609268114e-3
7.600e-04	-4.31041175278635036333041635696e-2	3.03486320359323105625298928021e-3
7.610e-04	-4.31160399687597831961608330518e-2	3.05069286976067350637744175574e-3
7.620e-04	-4.31279155794086962660398589198e-2	3.06656918868368592285285253182e-3
7.630e-04	-4.31397444105219040809266200210e-2	3.08249212782031524167044449315e-3
7.640e-04	-4.31515263360577321636513781720e-2	3.09846183888301971451383962990e-3
7.650e-04	-4.31632610411206340647006540515e-2	3.11447867184325128115895650951e-3
7.660e-04	-4.31749485820176591959205369671e-2	3.13054259007823628931795810975e-3
7.670e-04	-4.31865888311053472088646919149e-2	3.14665374953772770542182211119e-3
7.680e-04	-4.31981814642370215582856557571e-2	3.16281251331340428991924208153e-3
7.690e-04	-4.32097265434834220250804081448e-2	3.17901884047082068745972394501e-3
7.700e-04	-4.32212239394989797929927398619e-2	3.19527289130267165754302894896e-3
7.710e-04	-4.32326733184995970913187332754e-2	3.21157504248540197792865753948e-3
7.720e-04	-4.32440747484953815114176479867e-2	3.22792524853651742059636589659e-3
7.730e-04	-4.32554280983353812905614252151e-2	3.24432367420510881693178532696e-3
7.740e-04	-4.32667332362760780798076490535e-2	3.26077048571119497187704230779e-3
7.750e-04	-4.32779898150940966381717154864e-2	3.27726607856060993546699726495e-3
7.760e-04	-4.32891979110380643556274853240e-2	3.29381040078741295177650552721e-3
7.770e-04	-4.33003571698363615079755042694e-2	3.31040385771735843207087160132e-3
7.780e-04	-4.33114678954203670864013580770e-2	3.32704615614519732208150781055e-3
7.790e-04	-4.33225295086718334547847610126e-2	3.34373794244563843393150585171e-3
7.800e-04	-4.33335418650205142728367179296e-2	3.36047940256864401247347913456e-3
7.810e-04	-4.33445052838396952859040934798e-2	3.37727022752130255944084381936e-3
7.820e-04	-4.33554191661227485994452885691e-2	3.39411108938129247364633518407e-3
7.830e-04	-4.33662836033535536265072921719e-2	3.41100192378398531232888119384e-3
7.840e-04	-4.33770982152141804072738588819e-2	3.42794317214104833370208126278e-3
7.850e-04	-4.33878633425502926364707648359e-2	3.44493450329804594623108999737e-3
7.860e-04	-4.33985783586531141540029598190e-2	3.46197662509396635107297776536e-3
7.870e-04	-4.34092431129437812404743634191e-2	3.47906973608160626978996198982e-3
7.880e-04	-4.34198579630062482819983403980e-2	3.49621348769172447324001309260e-3
7.890e-04	-4.34304222603698362309093850730e-2	3.51340861583148229026195291047e-3
7.900e-04	-4.34409361129118293752413902294e-2	3.53065504229084222609348495030e-3
7.910e-04	-4.34513991117219061557462922995e-2	3.54795324779004336226100206401e-3
7.920e-04	-4.34618116376683441564402891736e-2	3.56530285933529648743355928298e-3
7.930e-04	-4.34721730119689034732595313072e-2	3.58270465190882549186396440301e-3
7.940e-04	-4.34824830772855030742738594727e-2	3.60015883765449747514148201850e-3
7.950e-04	-4.34927422326434723251007394930e-2	3.61766502439999069230553317213e-3
7.960e-04	-4.35029497754477597959860259022e-2	3.63522401781491618994723058398e-3
7.970e-04	-4.35131058312361433476770725923e-2	3.65283572430856358791376157418e-3
7.980e-04	-4.35232099597179727441553383255e-2	3.67050066750111306870272450574e-3
7.990e-04	-4.35332625851857159575008450878e-2	3.68821842834070030555264703854e-3
8.000e-04	-4.35432629718730336674734795648e-2	3.70598985524348098292539667209e-3
8.010e-04	-4.35532112560424628016019643646e-2	3.72381484507859478480331345923e-3
8.020e-04	-4.35631069781384697505388412622e-2	3.74169394772193306303523236493e-3
8.030e-04	-4.35729505889334930056195963398e-2	3.75962671574837401596904143507e-3
8.040e-04	-4.35827413177374209619831383753e-2	3.77761404258883924125025846809e-3
8.050e-04	-4.35924789949111085115656278926e-2	3.79565616408705261761170709419e-3
8.060e-04	-4.36021640918858347258170522265e-2	3.81375261055933376181328791749e-3
8.070e-04	-4.36117958105283043935129331469e-2	3.83190431082219790839996789902e-3
8.080e-04	-4.36213743069875147522463023122e-2	3.85011114375670298722605329484e-3
8.090e-04	-4.36308994192178347780734364693e-2	3.86837333946586822563671561432e-3
8.100e-04	-4.36403706459176051967048689577e-2	3.88669150458896247659528732183e-3
8.110e-04	-4.36497881522092560651556724681e-2	3.90506550978622526724525556830e-3
8.120e-04	-4.36591517724966591446232276977e-2	3.92349559199611614445144669360e-3
8.130e-04	-4.36684613400146103911086001969e-2	3.94198199042680082607408454925e-3
8.140e-04	-4.36777163308550264013084696335e-2	3.96052534241256209679867289285e-3
8.150e-04	-4.36869169226279621531785294397e-2	3.97912550705563528256866788058e-3
8.160e-04	-4.36960629447758101772569164781e-2	3.99778273076969143226709298961e-3
8.170e-04	-4.37051542254915119409972228267e-2	4.01649726236262412310374239779e-3
8.180e-04	-4.37141902170153016237741047142e-2	4.03526977154040418993135695155e-3
8.190e-04	-4.37231711100041775222035150634e-2	4.05410010522358984454898408997e-3
8.200e-04	-4.37320967285997441047533516210e-2	4.07298851982736231819210361754e-3
8.210e-04	-4.37409665062425532876560950921e-2	4.09193571056592145875239078361e-3
8.220e-04	-4.37497810380972183337495795924e-2	4.11094107249690123654092026163e-3
8.230e-04	-4.37585393603566964218894246847e-2	4.13000574852220730857598014158e-3
8.240e-04	-4.37672416808633747940870302704e-2	4.14912956936062970285593793646e-3
8.250e-04	-4.37758874068399436810641765760e-2	4.16831326581034809888472221254e-3
8.260e-04	-4.37844771682596709046561418043e-2	4.18755619440686275803480676321e-3
8.270e-04	-4.37930099541781559904462724982e-2	4.20685955914840045678627613059e-3
8.280e-04	-4.38014859868426968822530279501e-2	4.22622317708415501161805264465e-3
8.290e-04	-4.38099046457915988006576522785e-2	4.24564781660239582856292130638e-3
8.300e-04	-4.38182665975230958435028245733e-2	4.26513279363933201400583132203e-3
8.310e-04	-4.38265707813902496016757819423e-2	4.28467937671515862673653354639e-3
8.320e-04	-4.38348174346925000175797403024e-2	4.30428736851255653741843825640e-3
8.330e-04	-4.38430059077244209274033756958e-2	4.32395757715405229150478799156e-3
8.340e-04	-4.38511369053168156056629845449e-2	4.34368927579211491489329943941e-3
8.350e-04	-4.38592093143975460160060218284e-2	4.36348380111938088468796939971e-3
8.360e-04	-4.38672233879940933905053716388e-2	4.38334094073176687673963605979e-3
8.370e-04	-4.38751784454974731324002865574e-2	4.40326154477967025477003339188e-3
8.380e-04	-4.38830752319751201980761438108e-2	4.42324484133367135117462426692e-3
8.390e-04	-4.38909125790372778953594149082e-2	4.44329223915201219303879981577e-3
8.400e-04	-4.38986907561447572300292237777e-2	4.46340351000008130230397058872e-3
8.410e-04	-4.39064095530108379240013848875e-2	4.48357897334381703384535301880e-3
8.420e-04	-4.39140682479619345623730732432e-2	4.50381953525719378053968439376e-3
8.430e-04	-4.39216676392507191529821285047e-2	4.52412436396873811936922449063e-3
8.440e-04	-4.39292064850666938841688523409e-2	4.54449496410003698024725278340e-3
8.450e-04	-4.39366850765109795200599204578e-2	4.56493108646662690897520564726e-3
8.460e-04	-4.39441026568717897114165159930e-2	4.58543368492936677722619553283e-3
8.470e-04	-4.39514600692947139135438305739e-2	4.60600187702271361623268833164e-3
8.480e-04	-4.39587560094714468679337931687e-2	4.62663724916125724794328988639e-3
8.490e-04	-4.39659907866319415151399482462e-2	4.64733953457244990358754738917e-3
8.500e-04	-4.39731636069782833278796432646e-2	4.66810973777582454025969751771e-3
8.510e-04	-4.39802753608051104123856311908e-2	4.68894692289644780752957241323e-3
8.520e-04	-4.39873246777643697450671105312e-2	4.70985276296762400002387845236e-3
8.530e-04	-4.39943118860193233532582393348e-2	4.73082697281023102558333620519e-3
8.540e-04	-4.40012367468273823361176786056e-2	4.75186992260431024561324403740e-3
8.550e-04	-4.40080990190398235403794958355e-2	4.77298198681468673568818402661e-3
8.560e-04	-4.40148978492383781661886662709e-2	4.79416425159110344409787116594e-3
8.570e-04	-4.40216335853489323968846658836e-2	4.81541641251521091743479066353e-3
8.580e-04	-4.40283059784291815898416430059e-2	4.83673885775689734092663123393e-3
8.590e-04	-4.40349147769466620741446379204e-2	4.85813198007818182529221524921e-3
8.600e-04	-4.40414590846447473874293916366e-2	4.87959692441586750690250428052e-3
8.610e-04	-4.40479399205083001505062494738e-2	4.90113260834386710300014295766e-3
8.620e-04	-4.40543557322087807138608715844e-2	4.92274094458783883323605162924e-3
8.630e-04	-4.40607068991200985025768379289e-2	4.94442159803055466084997138617e-3
8.640e-04	-4.40669924795529614949512793553e-2	4.96617577608819175657696556165e-3
8.650e-04	-4.40732135485227921214348881672e-2	4.98800233224610449881160598645e-3
8.660e-04	-4.40793684733166994547886816691e-2	5.00990328556413931274188601420e-3
8.670e-04	-4.40854576552993374002378383866e-2	5.03187827949784992617763269630e-3
8.680e-04	-4.40914808166329753774941317376e-2	5.05392775291176756937114330711e-3
8.690e-04	-4.40974369549764347571971065982e-2	5.07605299684785643684862610789e-3
8.700e-04	-4.41033272195105468876205030411e-2	5.09825277971247399639233291977e-3
8.710e-04	-4.41091498703978597974613877941e-2	5.12052926269634527271936448501e-3
8.720e-04	-4.41149053379139723834003462955e-2	5.14288206108124815995539705339e-3
8.730e-04	-4.41205933275764134874617133781e-2	5.16531164275368145076306069476e-3
8.740e-04	-4.41262127716279367952915911513e-2	5.18781938922109493077433262747e-3
8.750e-04	-4.41317648981862602518897524433e-2	5.21040397807940645318260452303e-3
8.760e-04	-4.41372478521879214919339767544e-2	5.23306772392671247900268061352e-3
8.770e-04	-4.41426620943540306993108102254e-2	5.25581021243854311376876547247e-3
8.780e-04	-4.41480065007601889284631009158e-2	5.27863290301295661626285192300e-3
8.790e-04	-4.41532823662481634452929960313e-2	5.30153439631711847306405997387e-3
8.800e-04	-4.41584877371332959095370812985e-2	5.32451713866983658364833080793e-3
8.810e-04	-4.41636230995453161415227107886e-2	5.34758069119656906597961558921e-3
8.820e-04	-4.41686881244774163737962968826e-2	5.37072558152967278307713713999e-3
8.830e-04	-4.41736824787870175045032013475e-2	5.39395234464885664373775429355e-3
8.840e-04	-4.41786058251113890792177972998e-2	5.41726152281018002805203835644e-3
8.850e-04	-4.41834569326904475442879460983e-2	5.44065472414225438048138967146e-3
8.860e-04	-4.41882363209773755263356516958e-2	5.46413147754279419641441270611e-3
8.870e-04	-4.41929436389189843156617672502e-2	5.48769234882025747109453424970e-3
8.880e-04	-4.41975785308706423701774390624e-2	5.51133791173605938911629692243e-3
8.890e-04	-4.42021406364999904167167241567e-2	5.53506874816693157938214903529e-3
8.900e-04	-4.42066286409180276177960622066e-2	5.55888658384850901406012372239e-3
8.910e-04	-4.42110430985565380176092255421e-2	5.58279091410870644227914389837e-3
8.920e-04	-4.42153836338691041695530338606e-2	5.60678234692383347160286673374e-3
8.930e-04	-4.42196498661973572618537252888e-2	5.63086149909721345808204915945e-3
8.940e-04	-4.42238414096606675017344249023e-2	5.65502899644501003393791302836e-3
8.950e-04	-4.42279568580375854082967055521e-2	5.67928669285682597024002203297e-3
8.960e-04	-4.42319968024141693512704318925e-2	5.70363404875783983736718147825e-3
8.970e-04	-4.42359608399523582698656345853e-2	5.72807171897683139157228869797e-3
8.980e-04	-4.42398485621051392105268946492e-2	5.75260036817122682035047976009e-3
8.990e-04	-4.42436595544896359921035194728e-2	5.77722067104063754944487852333e-3
9.000e-04	-4.42473923115398138888815256269e-2	5.80193462141429918128699696423e-3
9.010e-04	-4.42510485625722612759412572214e-2	5.82674031585107939727247209795e-3
9.020e-04	-4.42546256893452574894722289074e-2	5.85164109771277027634829171288e-3
9.030e-04	-4.42581243373393710209429438215e-2	5.87663637616402079573438901875e-3
9.040e-04	-4.42615440602751676232935438207e-2	5.90172688046488579581620358955e-3
9.050e-04	-4.42648832443201916918251030351e-2	5.92691475757399499628736337787e-3
9.060e-04	-4.42681437355520823793936988178e-2	5.95219796794571428755153566978e-3
9.070e-04	-4.42713227291069992195811065449e-2	5.97758010958930918129847349660e-3
9.080e-04	-4.42744209111040141846514699288e-2	6.00306055406806274010582364800e-3
9.090e-04	-4.42774377994408370244931067690e-2	6.02864009176146537041528974938e-3
9.100e-04	-4.42803716620020885566807419956e-2	6.05432103763092868400170371438e-3
9.110e-04	-4.42832244692988589298330641974e-2	6.08010120689565150014609339320e-3
9.120e-04	-4.42859932134904975566048517671e-2	6.10598447578413666665502009051e-3
9.130e-04	-4.42886786228839526024894344323e-2	6.13197017752125253789658735925e-3
9.140e-04	-4.42912801749948867265372658939e-2	6.15805917121344824374522666741e-3
9.150e-04	-4.42937973388178285229815676598e-2	6.18425233050317993665178884288e-3
9.160e-04	-4.42962295746147235329208032073e-2	6.21055054392295698274099853484e-3
9.170e-04	-4.42985749658002280278728623565e-2	6.23695638986380091509863723246e-3
9.180e-04	-4.43008356712434432858021718883e-2	6.26346746338176933290274807459e-3
9.190e-04	-4.43030083681926538055176040763e-2	6.29008807482732428879616795377e-3
9.200e-04	-4.43050938466960244811275030851e-2	6.31681750273920035641936518259e-3
9.210e-04	-4.43070915189840183293346130366e-2	6.34365671713244133312926983329e-3
9.220e-04	-4.43089993207181735760894332000e-2	6.37060850853916440635428936636e-3
9.230e-04	-4.43108195556305663305320196848e-2	6.39767030264172374907750648587e-3
9.240e-04	-4.43125486504783762428231295987e-2	6.42484675714302438347150044634e-3
9.250e-04	-4.43141874405145443245921442239e-2	6.45213711219810607574226622749e-3
9.260e-04	-4.43157352832780197450444673552e-2	6.47954243038537049336144351457e-3
9.270e-04	-4.43171915246803891782861561141e-2	6.50706379399950565187910738774e-3
9.280e-04	-4.43185539030298141040289913765e-2	6.53470427844092398402822480993e-3
9.290e-04	-4.43198249085446552640595070983e-2	6.56246109132861083794365202489e-3
9.300e-04	-4.43210006354061032538811934434e-2	6.59033935417915636574051166945e-3
9.310e-04	-4.43220819742495699643346075483e-2	6.61833826235376780309414746207e-3
9.320e-04	-4.43230682066996229213225371551e-2	6.64645900665858772486612938814e-3
9.330e-04	-4.43239586006554799992811786599e-2	6.67470280110612455586253025733e-3
9.340e-04	-4.43247524099015801827482378382e-2	6.70307088356359903527037686627e-3
9.350e-04	-4.43254471099169965638230107358e-2	6.73156671130182648611424947015e-3
9.360e-04	-4.43260454269211540933964219598e-2	6.76018721623082702283096422227e-3
9.370e-04	-4.43265430156971844171119722667e-2	6.78893813699831439999749766370e-3
9.380e-04	-4.43269408318032112829908132949e-2	6.81781862090251262651734508246e-3
9.390e-04	-4.43272380506798930298840014685e-2	6.84683003765146156159153645088e-3
9.400e-04	-4.43274319340494867071535636472e-2	6.87597615699075717847237585101e-3
9.410e-04	-4.43275253889715443399916671780e-2	6.90525370012387013693339485872e-3
9.420e-04	-4.43275137160240785370918741147e-2	6.93466890654023409692074213414e-3
9.430e-04	-4.43273998982332942002475017878e-2	6.96421840896115282301658777576e-3
9.440e-04	-4.43271790845190947659776400317e-2	6.99390866219787197043919191984e-3
9.450e-04	-4.43268522933224902195949918509e-2	7.02373877441041546625473065603e-3
9.460e-04	-4.43264164962995905975935821815e-2	7.05371294191721552103079693059e-3
9.470e-04	-4.43258748321435076872098691634e-2	7.08382761694305229880318685635e-3
9.480e-04	-4.43252242608085263532270023801e-2	7.11408702590001351655037609234e-3
9.490e-04	-4.43244615937796603136427706014e-2	7.14449560186931905812410059357e-3
9.500e-04	-4.43235878907077549615234517295e-2	7.17505243479780074234275302021e-3
9.510e-04	-4.43226020831759620526288528001e-2	7.20575930339469870921447624823e-3
9.520e-04	-4.43215030782199744117787450741e-2	7.23661802751172141794803010936e-3
9.530e-04	-4.43202897575052229150735589468e-2	7.26763046950505631014288534988e-3
9.540e-04	-4.43189586361009841873063804326e-2	7.29880150250495944628208074107e-3
9.550e-04	-4.43175131867100257890266241024e-2	7.33012719366792076751175447532e-3
9.560e-04	-4.43159474910509341552605058388e-2	7.36161552658169173762031700216e-3
9.570e-04	-4.43142651101432619733763940695e-2	7.39326246722705199278017640858e-3
9.580e-04	-4.43124599182074567864252473327e-2	7.42507629902063451747331695367e-3
9.590e-04	-4.43105330367492859549304422884e-2	7.45705610856686632606283585389e-3
9.600e-04	-4.43084805715079544919141316723e-2	7.48920738062376432043104424947e-3
9.610e-04	-4.43063062626899533427323464043e-2	7.52152587792647133366529289395e-3
9.620e-04	-4.43040035355237543579837154656e-2	7.55402053527151551641367219013e-3
9.630e-04	-4.43015762232144693102264575665e-2	7.58668701039584492136090846632e-3
9.640e-04	-4.42990175103192846335165556261e-2	7.61953458868631199647536541758e-3
9.650e-04	-4.42963285414134567786370859970e-2	7.65256239129232987001216832178e-3
9.660e-04	-4.42935077683260671521440572192e-2	7.68577299731381971246145045275e-3
9.670e-04	-4.42905536009427985422315852152e-2	7.71916905570243522385113940007e-3
9.680e-04	-4.42874644055626967503052439770e-2	7.75275328797059138536178563684e-3
9.690e-04	-4.42842355327378149074327975654e-2	7.78653231770360447144011906797e-3
9.700e-04	-4.42808711477913651121615376245e-2	7.82050143493841174895888528022e-3
9.710e-04	-4.42773634830569215910919956934e-2	7.85467132115096165286279694560e-3
9.720e-04	-4.42737136793852136797257396630e-2	7.88904119629608737056144971567e-3
9.730e-04	-4.42699198538835243793395379353e-2	7.92361419555606392629673296842e-3
9.740e-04	-4.42659800681081443981976078706e-2	7.95839354636342720858553187757e-3
9.750e-04	-4.42618923257007372338504694050e-2	7.99338257229061339172093795938e-3
9.760e-04	-4.42576545698936707486374804744e-2	8.02858469715429571123150302271e-3
9.770e-04	-4.42532646808753058968068336809e-2	8.06400344934914343549181222255e-3
9.780e-04	-4.42487170155079291656921451544e-2	8.09964696768139607402640176820e-3
9.790e-04	-4.42440126557409665842660465483e-2	8.13551467131383495895235838315e-3
9.800e-04	-4.42391528510798660981904382036e-2	8.17160576497703924752428485822e-3
9.810e-04	-4.42341280987556772222999265723e-2	8.20793350645385506058358435714e-3
9.820e-04	-4.42289394319913860596467007835e-2	8.24449744247489644653808780731e-3
9.830e-04	-4.42235842832916946145489946525e-2	8.28130184223122364252644040979e-3
9.840e-04	-4.42180561547784445311038153722e-2	8.31835615985112238881498167535e-3
9.850e-04	-4.42123599191547859834434390705e-2	8.35565497293911549283768830501e-3
9.860e-04	-4.42064889608120187313690535762e-2	8.39320794733419612698043297346e-3
9.870e-04	-4.42004362800993309944891388374e-2	8.43102531376199142685630421683e-3
9.880e-04	-4.41942027399920035930105500165e-2	8.46910699937611891774250047639e-3
9.890e-04	-4.41877893917329476657083659716e-2	8.50745269226917880782006938031e-3
9.900e-04	-4.41811846111124645854613587541e-2	8.54607884635606114926763301714e-3
9.910e-04	-4.41743891325187266649890824910e-2	8.58498565428183695073030000133e-3
9.920e-04	-4.41673994258291793781415194459e-2	8.62417897426011173898922298782e-3
9.930e-04	-4.41602118245426304732482049151e-2	8.66366488937429741435967129662e-3
9.940e-04	-4.41528178840326666439699272852e-2	8.70345588061491405364585792686e-3
9.950e-04	-4.41452228186503808078389451545e-2	8.74354632819759288030817041898e-3
9.960e-04	-4.41374179596977051924694799504e-2	8.78394910204512035840360764351e-3
9.970e-04	-4.41293940968602478908152101405e-2	8.82467788282989874094431360447e-3
9.980e-04	-4.41211514733063058884972573393e-2	8.86573380530559122697438370550e-3
9.990e-04	-4.41126905341984228522576893187e-2	8.90711775554532795662268899353e-3
1.000e-03	-4.41039962692341552943495239132e-2	8.94885136753471193330242387581e-3
1.001e-03	-4.40950686011730775975063452931e-2	8.99093636501579771588752516952e-3
1.002e-03	-4.40859022062767189378587775297e-2	9.03338155733838921825492967626e-3
1.003e-03	-4.40764915158512341108446245388e-2	9.07619615634868552090813806763e-3
1.004e-03	-4.40668307000276616198001531380e-2	9.11938980290093747124567889379e-3
1.005e-03	-4.40569136501307999945869059359e-2	9.16297259566993936167391596135e-3
1.006e-03	-4.40467280234337586298055369498e-2	9.20696315869491191523572722340e-3
1.007e-03	-4.40362788337621340937536638921e-2	9.25135672393025115896279751990e-3
1.008e-03	-4.40255532056797751087296801928e-2	9.29617281352456708366012960036e-3
1.009e-03	-4.40145373563810693673886925660e-2	9.34143233867830222144283667017e-3
1.010e-03	-4.40032360063633738876014167900e-2	9.38713116079323752917466567446e-3
1.011e-03	-4.39916280474419714419476629264e-2	9.43330040281269861170970072423e-3
1.012e-03	-4.39797110997956306934802857019e-2	9.47994581980164209798597866165e-3
1.013e-03	-4.39674829116705030746021195376e-2	9.52707306350257876194775123055e-3
1.014e-03	-4.39549199504624214065966548453e-2	9.57471706780206244032728053697e-3
1.015e-03	-4.39420186826373846644867046080e-2	9.62288555528365757418720987947e-3
1.016e-03	-4.39287681362947231416440078060e-2	9.67159659108363880674047960565e-3
1.017e-03	-4.39151643523954704010543200208e-2	9.72085873612234055719933139902e-3
1.018e-03	-4.39011797252116194278044856825e-2	9.77071336000099476422537607758e-3
1.019e-03	-4.38868085354154904441552355155e-2	9.82117187195947831815000715154e-3
1.020e-03	-4.38720366603574487181961232474e-2	9.87225748814221730915009488857e-3
1.021e-03	-4.38568489925118650655095731545e-2	9.92399503362314440693718002611e-3
1.022e-03	-4.38412293399138413625952501831e-2	9.97641110451051016716243842358e-3
1.023e-03	-4.38251603132346270735809563689e-2	1.00295342517669560886330116469e-2
1.024e-03	-4.38086231972334156509948206891e-2	1.00833951904174091057059406631e-2
1.025e-03	-4.37915978038557087955290817705e-2	1.01380270385756736901168358098e-2
1.026e-03	-4.37740623036657331392291667374e-2	1.01934655916656696989647313437e-2
1.027e-03	-4.37559930315692057443314802195e-2	1.02497496383990210213676538970e-2
1.028e-03	-4.37373642618586608150106523239e-2	1.03069213265690978168166047890e-2
1.029e-03	-4.37181588246025705690210234911e-2	1.03650111859433721666669651555e-2
1.030e-03	-4.36983246549503583511399680628e-2	1.04240996769838974565935545539e-2
1.031e-03	-4.36778386204043716904692269208e-2	1.04842270030635285500206629279e-2
1.032e-03	-4.36566756968593925777606911952e-2	1.05454366088985523112763215218e-2
1.033e-03	-4.36347712180657494512275886093e-2	1.06078292297140151539496154750e-2
1.034e-03	-4.36121042662512202226123773647e-2	1.06714440965276956552623848688e-2
1.035e-03	-4.35885985947379509314122021387e-2	1.07364006122655031995182628216e-2
1.036e-03	-4.35642237755948431223008150073e-2	1.08027536539545018948281138394e-2
1.037e-03	-4.35389027102396045376542257454e-2	1.08706264610272445322377165454e-2
1.038e-03	-4.35125779344545714582562791055e-2	1.09401155209309371946832895175e-2
1.039e-03	-4.34851364552067054613546999980e-2	1.10113995908763471375355981075e-2
1.040e-03	-4.34565140161861767772548949812e-2	1.10845889136913177270110337367e-2
1.041e-03	-4.34265844712499288038240279372e-2	1.11598862194717299424855565067e-2
