0.000e+00	-3.12500000000000000000000000000e-2	0
1.000e-06	-3.12680042258363494347767500535e-2	0
2.000e-06	-3.12860169107097591133300326791e-2	0
3.000e-06	-3.13040380657095754769437427256e-2	0
4.000e-06	-3.13220677019824612117344856911e-2	0
5.000e-06	-3.13401058307327024449160253958e-2	0
6.000e-06	-3.13581524632225189973420970619e-2	0
7.000e-06	-3.13762076107723777253859066908e-2	0
8.000e-06	-3.13942712847613089857258837024e-2	0
9.000e-06	-3.14123434966272262571175878078e-2	0
1.000e-05	-3.14304242578672489537506959085e-2	0
1.100e-05	-3.14485135800380284653178933884e-2	0
1.200e-05	-3.14666114747560774594594539438e-2	0
1.300e-05	-3.14847179536981024827935051347e-2	0
1.400e-05	-3.15028330286013398972976397546e-2	0
1.500e-05	-3.15209567112638951893728504219e-2	0
1.600e-05	-3.15390890135450856894959223513e-2	0
1.700e-05	-3.15572299473657867409516352364e-2	0
1.800e-05	-3.15753795247087813567318212536e-2	0
1.900e-05	-3.15935377576191134042938639588e-2	0
2.000e-05	-3.16117046582044443584893546814e-2	0
2.100e-05	-3.16298802386354136635982722079e-2	0
2.200e-05	-3.16480645111460027460466143870e-2	0
2.300e-05	-3.16662574880339027200358527467e-2	0
2.400e-05	-3.16844591816608858289681579130e-2	0
2.500e-05	-3.17026696044531806662349271973e-2	0
2.600e-05	-3.17208887689018512196154385253e-2	0
2.700e-05	-3.17391166875631797842338211405e-2	0
2.800e-05	-3.17573533730590537897336423657e-2	0
2.900e-05	-3.17755988380773565880540020725e-2	0
3.000e-05	-3.17938530953723622489287791181e-2	0
3.100e-05	-3.18121161577651344109821409853e-2	0
3.200e-05	-3.18303880381439292370586752088e-2	0
3.300e-05	-3.18486687494646025232064719993e-2	0
3.400e-05	-3.18669583047510210115306935744e-2	0
3.500e-05	-3.18852567170954779579222094889e-2	0
3.600e-05	-3.19035639996591130065342076058e-2	0
3.700e-05	-3.19218801656723364236693239828e-2	0
3.800e-05	-3.19402052284352577446354081740e-2	0
3.900e-05	-3.19585392013181188879639982559e-2	0
4.000e-05	-3.19768820977617317923232096770e-2	0
4.100e-05	-3.19952339312779206323128045129e-2	0
4.200e-05	-3.20135947154499686702693283496e-2	0
4.300e-05	-3.20319644639330698021885404616e-2	0
4.400e-05	-3.20503431904547848567467155655e-2	0
4.500e-05	-3.20687309088155027074879808214e-2	0
4.600e-05	-3.20871276328889062591419294103e-2	0
4.700e-05	-3.21055333766224433701226030882e-2	0
4.800e-05	-3.21239481540378027742671869477e-2	0
4.900e-05	-3.21423719792313950659261080494e-2	0
5.000e-05	-3.21608048663748388136188579942e-2	0
5.100e-05	-3.21792468297154518685438974317e-2	0
5.200e-05	-3.21976978835767479353630023720e-2	0
5.300e-05	-3.22161580423589384738494156282e-2	0
5.400e-05	-3.22346273205394400010858165174e-2	0
5.500e-05	-3.22531057326733868652118434115e-2	0
5.600e-05	-3.22715932933941495627749832532e-2	0
5.700e-05	-3.22900900174138586731537833573e-2	0
5.800e-05	-3.23085959195239344846403474041e-2	0
5.900e-05	-3.23271110145956223881404032747e-2	0
6.000e-05	-3.23456353175805341157870132776e-2	0
6.100e-05	-3.23641688435111949030063252057e-2	0
6.200e-05	-3.23827116075015966540783922445e-2	0
6.300e-05	-3.24012636247477571925566334251e-2	0
6.400e-05	-3.24198249105282856793368589875e-2	0
6.500e-05	-3.24383954802049542827054403059e-2	0
6.600e-05	-3.24569753492232761861103755593e-2	0
6.700e-05	-3.24755645331130900209441497855e-2	0
6.800e-05	-3.24941630474891508132320554511e-2	0
6.900e-05	-3.25127709080517275346660719088e-2	0
7.000e-05	-3.25313881305872073500279345938e-2	0
7.100e-05	-3.25500147309687066547766467012e-2	0
7.200e-05	-3.25686507251566889982573848457e-2	0
7.300e-05	-3.25872961291995899896282587789e-2	0
7.400e-05	-3.26059509592344492855061909272e-2	0
7.500e-05	-3.26246152314875497600741983735e-2	0
7.600e-05	-3.26432889622750639603047409795e-2	0
7.700e-05	-3.26619721680037079506870955357e-2	0
7.800e-05	-3.26806648651714026538246965118e-2	0
7.900e-05	-3.26993670703679427959436927533e-2	0
8.000e-05	-3.27180788002756735666241436120e-2	0
8.100e-05	-3.27368000716701751062638519377e-2	0
8.200e-05	-3.27555309014209549354864445658e-2	0
8.300e-05	-3.27742713064921484432398600275e-2	0
8.400e-05	-3.27930213039432275526907279336e-2	0
8.500e-05	-3.28117809109297176861803947729e-2	0
8.600e-05	-3.28305501447039231527627141737e-2	0
8.700e-05	-3.28493290226156610842924688961e-2	0
8.800e-05	-3.28681175621130040484957603576e-2	0
8.900e-05	-3.28869157807430314697957680266e-2	0
9.000e-05	-3.29057236961525899913673389778e-2	0
9.100e-05	-3.29245413260890629144054795826e-2	0
9.200e-05	-3.29433686884011488532472603151e-2	0
9.300e-05	-3.29622058010396497477637876541e-2	0
9.400e-05	-3.29810526820582683772109222078e-2	0
9.500e-05	-3.29999093496144155225657170984e-2	0
9.600e-05	-3.30187758219700269273364457910e-2	0
9.700e-05	-3.30376521174923902098144933444e-2	0
9.800e-05	-3.30565382546549818829153781391e-2	0
9.900e-05	-3.30754342520383146405023157021e-2	0
1.000e-04	-3.30943401283307950731083079098e-2	0
1.010e-04	-3.31132559023295919781792971303e-2	0
1.020e-04	-3.31321815929415154345939405873e-2	0
1.030e-04	-3.31511172191839068135891377218e-2	0
1.040e-04	-3.31700628001855399024550568820e-2	0
1.050e-04	-3.31890183551875333207629117741e-2	0
1.060e-04	-3.32079839035442744126895942344e-2	0
1.070e-04	-3.32269594647243548028445047855e-2	0
1.080e-04	-3.32459450583115178069327399949e-2	0
1.090e-04	-3.32649407040056178926356848086e-2	0
1.100e-04	-3.32839464216235923902403363961e-2	0
1.110e-04	-3.33029622311004456568039249468e-2	0
1.120e-04	-3.33219881524902459020071583561e-2	0
1.130e-04	-3.33410242059671348883323242513e-2	0
1.140e-04	-3.33600704118263507228083993803e-2	0
1.150e-04	-3.33791267904852639622915431181e-2	0
1.160e-04	-3.33981933624844272590990644822e-2	0
1.170e-04	-3.34172701484886387787996320935e-2	0
1.180e-04	-3.34363571692880196270834858465e-2	0
1.190e-04	-3.34554544457991055278963513325e-2	0
1.200e-04	-3.34745619990659530004250096961e-2	0
1.210e-04	-3.34936798502612602880755689485e-2	0
1.220e-04	-3.35128080206875032982944244741e-2	0
1.230e-04	-3.35319465317780868179264733961e-2	0
1.240e-04	-3.35510954050985112750372853986e-2	0
1.250e-04	-3.35702546623475553236454618266e-2	0
1.260e-04	-3.35894243253584745355378940013e-2	0
1.270e-04	-3.36086044161002164883758390573e-2	0
1.280e-04	-3.36277949566786525468069810307e-2	0
1.290e-04	-3.36469959693378266407066729813e-2	0
1.300e-04	-3.36662074764612213507802181517e-2	0
1.310e-04	-3.36854295005730416199046828909e-2	0
1.320e-04	-3.37046620643395164158793021927e-2	0
1.330e-04	-3.37239051905702186791119187435e-2	0
1.340e-04	-3.37431589022194038968132987085e-2	0
1.350e-04	-3.37624232223873676535595604714e-2	0
1.360e-04	-3.37816981743218225166239970735e-2	0
1.370e-04	-3.38009837814192946232827458525e-2	0
1.380e-04	-3.38202800672265403463740537236e-2	0
1.390e-04	-3.38395870554419834237486107197e-2	0
1.400e-04	-3.38589047699171729469000237632e-2	0
1.410e-04	-3.38782332346582626140205735528e-2	0
1.420e-04	-3.38975724738275116630009483756e-2	0
1.430e-04	-3.39169225117448079104957257097e-2	0
1.440e-04	-3.39362833728892133341223957343e-2	0
1.450e-04	-3.39556550819005326461646813144e-2	0
1.460e-04	-3.39750376635809053188254286030e-2	0
1.470e-04	-3.39944311428964215331358533879e-2	1.06294225010075580920852432438e-20
1.480e-04	-3.40138355449787625360926695384e-2	1.62707272929874843885536895859e-20
1.490e-04	-3.40332508951268659034797062464e-2	2.47542098967461579683771174056e-20
1.500e-04	-3.40526772188086162191540782708e-2	3.74359946743454546768819236503e-20
1.510e-04	-3.40721145416625616953578408921e-2	5.62834074247998538046715668684e-20
1.520e-04	-3.40915628894996572728744373215e-2	8.41343374030087882525450293697e-20
1.530e-04	-3.41110222883050347546063711713e-2	1.25059842158373806537447727698e-19
1.540e-04	-3.41304927642398005414288767689e-2	1.84868377609835339589267300679e-19
1.550e-04	-3.41499743436428615549976979553e-2	2.71803289762144588286216250590e-19
1.560e-04	-3.41694670530327799485826183852e-2	3.97502679136321124873217657405e-19
1.570e-04	-3.41889709191096572239888312608e-2	5.78313673288822193388991240765e-19
1.580e-04	-3.42084859687570483902439471099e-2	8.37083068596470895425415608815e-19
1.590e-04	-3.42280122290439068179995292743e-2	1.20558518160677799933675273431e-18
1.600e-04	-3.42475497272265604625545267817e-2	1.72779802326391183273987277533e-18
1.610e-04	-3.42670984907507201480878921149e-2	2.46430361485921315653184986885e-18
1.620e-04	-3.42866585472535206261252711017e-2	3.49817116956085193735466551632e-18
1.630e-04	-3.43062299245655951424985403030e-2	4.94278761206200100144090249486e-18
1.640e-04	-3.43258126507131842691282918339e-2	6.95223420838166546712490008782e-18
1.650e-04	-3.43454067539202797799120061328e-2	9.73497790294751292746045181433e-18
1.660e-04	-3.43650122626108043738814235047e-2	1.35718598078918091435031634161e-17
1.670e-04	-3.43846292054108280736514871926e-2	1.88396314600582026642958809350e-17
1.680e-04	-3.44042576111508221530735196830e-2	2.60416243883856410243625814482e-17
1.690e-04	-3.44238975088679514749839551142e-2	3.58475551811923806723158628598e-17
1.700e-04	-3.44435489278084061480677856871e-2	4.91449845247168768388094382047e-17
1.710e-04	-3.44632118974297734411978019659e-2	6.71055859587397702987939158687e-17
1.720e-04	-3.44828864474034509242360040129e-2	9.12701637938530288353580991639e-17
1.730e-04	-3.45025726076171018362661640639e-2	1.23657319787646874022305508863e-16
1.740e-04	-3.45222704081771537156452797513e-2	1.66901840297616994987427397040e-16
1.750e-04	-3.45419798794113413612006071551e-2	2.24430301318623658486065862313e-16
1.760e-04	-3.45617010518712952304476031117e-2	3.00683116960281939988372658490e-16
1.770e-04	-3.45814339563351764189576602547e-2	4.01394344324994853413950677067e-16
1.780e-04	-3.46011786238103594050641906567e-2	5.33943070713704269093021945824e-16
1.790e-04	-3.46209350855361637860688302542e-2	7.07793224044990443837255698416e-16
1.800e-04	-3.46407033729866362761101622523e-2	9.35042253087196300569599241716e-16
1.810e-04	-3.46604835178733842820058933337e-2	1.23110342201346743380383680343e-15
1.820e-04	-3.46802755521484624218031558670e-2	1.61555157103256388670595604484e-15
1.830e-04	-3.47000795080073134016047619267e-2	2.11316824414701062906800793133e-15
1.840e-04	-3.47198954178917647196229972880e-2	2.75522922927092454816625213241e-15
1.850e-04	-3.47397233144930827224951174520e-2	3.58108596639917389900362829515e-15
1.860e-04	-3.47595632307550855978312491177e-2	4.64010215284898033063319042779e-15
1.870e-04	-3.47794151998773169489178986993e-2	5.99401842888189263199235824070e-15
1.880e-04	-3.47992792553182816626373370440e-2	7.71983151292340447030043730223e-15
1.890e-04	-3.48191554307987458501597011913e-2	9.91328984716399974435616888449e-15
1.900e-04	-3.48390437603051027120015770277e-2	1.26931260266072385330053699154e-14
1.910e-04	-3.48589442780928062548083369689e-2	1.62061673560318933584757936764e-14
1.920e-04	-3.48788570186898748668985762105e-2	2.06334902041987980948968547277e-14
1.930e-04	-3.48987820169004668434025372331e-2	2.61978118183011185958014110986e-14
1.940e-04	-3.49187193078085300399303585162e-2	3.31723453990441224586687536671e-14
1.950e-04	-3.49386689267815279263201591472e-2	4.18913810398025587443569269738e-14
1.960e-04	-3.49586309094742444093408413904e-2	5.27628971517936458026637858473e-14
1.970e-04	-3.49786052918326698954597090492e-2	6.62835548813285003386442708483e-14
1.980e-04	-3.49985921100979711721277577469e-2	8.30564824241249118271245293968e-14
1.990e-04	-3.50185914008105477986787002799e-2	1.03812317806772353816952940304e-13
2.000e-04	-3.50386032008141778160680206387e-2	1.29434048455717360828979184845e-13
2.010e-04	-3.50586275472602557084735949444e-2	1.60986264512533207894701912855e-13
2.020e-04	-3.50786644776121256794066151230e-2	1.99749531414053252927276332981e-13
2.030e-04	-3.50987140296495134405939060249e-2	2.47260686639896895677619388693e-13
2.040e-04	-3.51187762414730598536267993794e-2	3.05359976884001488754854726872e-13
2.050e-04	-3.51388511515089599123443156246e-2	3.76246076351943754082893749984e-13
2.060e-04	-3.51589387985137107082231981373e-2	4.62540165656899726143956203945e-13
2.070e-04	-3.51790392215789721817513762010e-2	5.67360405187130225871420645127e-13
2.080e-04	-3.51991524601365446299013233006e-2	6.94408308228352288538542562937e-13
2.090e-04	-3.52192785539634671133977789663e-2	8.48068709004333046977584221953e-13
2.100e-04	-3.52394175431872410874541682116e-2	1.03352523068473661561722370229e-12
2.110e-04	-3.52595694682911837659547341136e-2	1.25689338991296738727478682298e-12
2.120e-04	-3.52797343701199159215585876364e-2	1.52537372921514577204983841146e-12
2.130e-04	-3.52999122898849890227194254349e-2	1.84742764852301945659584159188e-12
2.140e-04	-3.53201032691706568129158859401e-2	2.23297891380589781859985118342e-12
2.150e-04	-3.53403073499397966471764093646e-2	2.69364415635170909311152305427e-12
2.160e-04	-3.53605245745399861158968921752e-2	3.24299604251707348714447393452e-12
2.170e-04	-3.53807549857097407055562461663e-2	3.89686319278716114268525615157e-12
2.180e-04	-3.54009986265849184697251892730e-2	4.67367136280199128732352893286e-12
2.190e-04	-3.54212555407052979111475778493e-2	5.59483086971073735067553979588e-12
2.200e-04	-3.54415257720213355059763136807e-2	6.68517575693509600610247664275e-12
2.210e-04	-3.54618093649011095337023652141e-2	7.97346074130447179544573287371e-12
2.220e-04	-3.54821063641374571100662938886e-2	9.49292258072878285353453965470e-12
2.230e-04	-3.55024168149553115543289162108e-2	1.12819131402583075597554581801e-11
2.240e-04	-3.55227407630192474556405845079e-2	1.33846121216908895994106457404e-11
2.250e-04	-3.55430782544412410347202439014e-2	1.58518281589457432040083812990e-11
2.260e-04	-3.55634293357886536253590753368e-2	1.87418977703103207163883939943e-11
2.270e-04	-3.55837940540924463240102668939e-2	2.21216925014065746890503186930e-11
2.280e-04	-3.56041724568556340734114270028e-2	2.60677454912675287887514267760e-11
2.290e-04	-3.56245645920619876561884939272e-2	3.06675096501268775942671658718e-11
2.300e-04	-3.56449705081849922749687577877e-2	3.60207606531582269289109168533e-11
2.310e-04	-3.56653902541970715848264977209e-2	4.22411590310848902262966224974e-11
2.320e-04	-3.56858238795790862199180000150e-2	4.94579867777980602057830064459e-11
2.330e-04	-3.57062714343301160168326591413e-2	5.78180750981864734213794827787e-11
2.340e-04	-3.57267329689775352802779119334e-2	6.74879411874229546290403506144e-11
2.350e-04	-3.57472085345873905598902108691e-2	7.86561532668925243425180708929e-11
2.360e-04	-3.57676981827750905077736403381e-2	9.15359445024729131979783888743e-11
2.370e-04	-3.57882019657164174622543568523e-2	1.06368097898428988453647177130e-10
2.380e-04	-3.58087199361588704516307416179e-2	1.23424125794921037231251134208e-10
2.390e-04	-3.58292521474333493296293375526e-2	1.43009769198919749176722265793e-10
2.400e-04	-3.58497986534661897389859774380e-2	1.65468843846716006568352442370e-10
2.410e-04	-3.58703595087915585480832420529e-2	1.91187461630418352231408420445e-10
2.420e-04	-3.58909347685642193148966349997e-2	2.20598657819689902164446144482e-10
2.430e-04	-3.59115244885726771994663889309e-2	2.54187456371950379586105845425e-10
2.440e-04	-3.59321287252527125675935534783e-2	2.92496407547414260224931949548e-10
2.450e-04	-3.59527475357013123012060821346e-2	3.36131634027284630146123272451e-10
2.460e-04	-3.59733809776910075516125452398e-2	3.85769423771362470111354028420e-10
2.470e-04	-3.59940291096846263372757619309e-2	4.42163409941988988309321864333e-10
2.480e-04	-3.60146919908504689946340669536e-2	5.06152380360861584959197757041e-10
2.490e-04	-3.60353696810779140354064141575e-2	5.78668761149604394625248224039e-10
2.500e-04	-3.60560622409934614434157117579e-2	6.60747821429275021461679245580e-10
2.510e-04	-3.60767697319772198552733208480e-2	7.53537648212970504364276530395e-10
2.520e-04	-3.60974922161798434084886319956e-2	8.58309942913544310753896580995e-10
2.530e-04	-3.61182297565399233051181183059e-2	9.76471693198805311641938725301e-10
2.540e-04	-3.61389824168018383254815936326e-2	1.10957777625253096806413007666e-9
2.550e-04	-3.61597502615340676317785991061e-2	1.25934455183372492450719294843e-9
2.560e-04	-3.61805333561479682229148324431e-2	1.42766450586075750259808873372e-9
2.570e-04	-3.62013317669170183363417430598e-2	1.61662200757275736287573029570e-9
2.580e-04	-3.62221455609965269386759035278e-2	1.82851024562872317433561920577e-9
2.590e-04	-3.62429748064438081994214559327e-2	2.06584941078558606828814761703e-9
2.600e-04	-3.62638195722388185028984465252e-2	2.33140619503961419039684448651e-9
2.610e-04	-3.62846799283052521168300058095e-2	2.62821467931030177203035373849e-9
2.620e-04	-3.63055559455320901002405763418e-2	2.95959868388088402309632032420e-9
2.630e-04	-3.63264476957955954028733102654e-2	3.32919565787300140810202996541e-9
2.640e-04	-3.63473552519817453700031617500e-2	3.74098218604976383948728622287e-9
2.650e-04	-3.63682786880090910354073818857e-2	4.19930119286712044013433126301e-9
2.660e-04	-3.63892180788520306403634532499e-2	4.70889092622372604991565441234e-9
2.670e-04	-3.64101735005644827845892324426e-2	5.27491580376535342850918460353e-9
2.680e-04	-3.64311450303039424612073420972e-2	5.90299920733297804288166970517e-9
2.690e-04	-3.64521327463559009942381284675e-2	6.59925831177921315546477820663e-9
2.700e-04	-3.64731367281586085334677084650e-2	7.37034103580485120787062624294e-9
2.710e-04	-3.64941570563281553362547728184e-2	8.22346520344118839141232436871e-9
2.720e-04	-3.65151938126838454944805736099e-2	9.16646000561274488882133407869e-9
2.730e-04	-3.65362470802738341519030482656e-2	1.02078098518098527911096222160e-8
2.740e-04	-3.65573169434009964787261093620e-2	1.13567007022654319581414809298e-8
2.750e-04	-3.65784034876489939079561137336e-2	1.26230689711490241406366418093e-8
2.760e-04	-3.65995067999085001375942898880e-2	1.40176530911476359724297826998e-8
2.770e-04	-3.66206269684035464825146830873e-2	1.55520478293809245435902305468e-8
2.780e-04	-3.66417640827179430541937660708e-2	1.72387614438815457009493292154e-8
2.790e-04	-3.66629182338217290670317504166e-2	1.90912757688439397289484257932e-8
2.800e-04	-3.66840895140976023722171875689e-2	2.11241093154904503050674449594e-8
2.810e-04	-3.67052780173672751329446992757e-2	2.33528834737066566525750948877e-8
2.820e-04	-3.67264838389176989242101029189e-2	2.57943918975426315694531338445e-8
2.830e-04	-3.67477070755270996738331679877e-2	2.84666731552482648469220977787e-8
2.840e-04	-3.67689478254907587453903103364e-2	3.13890867216941136288328856905e-8
2.850e-04	-3.67902061886464737167252438055e-2	3.45823923878100243890130857696e-8
2.860e-04	-3.68114822663996284018338666361e-2	3.80688331580383975271113014864e-8
2.870e-04	-3.68327761617477984291275044278e-2	4.18722217027342284632797806103e-8
2.880e-04	-3.68540879793048151895214610025e-2	4.60180304279376278637226269338e-8
2.890e-04	-3.68754178253242070954620547230e-2	5.05334852199848571860423626420e-8
2.900e-04	-3.68967658077219345923412735233e-2	5.54476629170001842522712060767e-8
2.910e-04	-3.69181320360983305502335700383e-2	6.07915925534137166547414909030e-8
2.920e-04	-3.69395166217591554774007803701e-2	6.65983604172707748358260161519e-8
2.930e-04	-3.69609196777356730801873996937e-2	7.29032189532292815768740248835e-8
2.940e-04	-3.69823413188036481429528293563e-2	7.97436995367767769472740017528e-8
2.950e-04	-3.70037816615011667532546208258e-2	8.71597291373330123528454967552e-8
2.960e-04	-3.70252408241451736724317426312e-2	9.51937508795350410711010919656e-8
2.970e-04	-3.70467189268466216727969017394e-2	1.03890848503126319236187727991e-7
2.980e-04	-3.70682160915241204051396732519e-2	1.13298874712491513716483993350e-7
2.990e-04	-3.70897324419159760385494496521e-2	1.23468583396993034888173702091e-7
3.000e-04	-3.71112681035905031892242189872e-2	1.34453765692881841092978017722e-7
3.010e-04	-3.71328232039544928181148974832e-2	1.46311389846674759149600413050e-7
3.020e-04	-3.71543978722597185175484565434e-2	1.59101744828523549987725381451e-7
3.030e-04	-3.71759922396073555370519760235e-2	1.72888587632258833908085415305e-7
3.040e-04	-3.71976064389501944006195298273e-2	1.87739294186480649302463339075e-7
3.050e-04	-3.72192406050925188428566559435e-2	2.03725013788311193679026358445e-7
3.060e-04	-3.72408948746875261060776993595e-2	2.20920826958229672420620627567e-7
3.070e-04	-3.72625693862321598160260717533e-2	2.39405906600804653292655124727e-7
3.080e-04	-3.72842642800592333209228147557e-2	2.59263682342137503471403522242e-7
3.090e-04	-3.73059796983267025500247376418e-2	2.80582007900473545354898552536e-7
3.100e-04	-3.73277157850039783470648964852e-2	3.03453331331719615742605981879e-7
3.110e-04	-3.73494726858551315054239132913e-2	3.27974867976611419479382731522e-7
3.120e-04	-3.73712505484188807040598922696e-2	3.54248775920969016868231844794e-7
3.130e-04	-3.73930495219852268044847541169e-2	3.82382333764966949876522891402e-7
3.140e-04	-3.74148697575686063759424514006e-2	4.12488120481618872447511046432e-7
3.150e-04	-3.74367114078774511830741158487e-2	4.44684197128787440354282582761e-7
3.160e-04	-3.74585746272800230494286863303e-2	4.79094290163052399961381501063e-7
3.170e-04	-3.74804595717664283107203889752e-2	5.15847976087690851785484543673e-7
3.180e-04	-3.75023663989066417740021388714e-2	5.55080867151028063030268932441e-7
3.190e-04	-3.75242952678045223573488042257e-2	5.96934797795265449103707430429e-7
3.200e-04	-3.75462463390475975571821167566e-2	6.41558011540167632841726333113e-7
3.210e-04	-3.75682197746526280455947015616e-2	6.89105347970016053043954924904e-7
3.220e-04	-3.75902157380067448652732287221e-2	7.39738429476936769091714387042e-7
3.230e-04	-3.76122343938042149253152874792e-2	7.93625847398174733625079089878e-7
3.240e-04	-3.76342759079785196323846976221e-2	8.50943347170479849040445096325e-7
3.250e-04	-3.76563404476299359482631492426e-2	9.11874012109678948440142428129e-7
3.260e-04	-3.76784281809483619787198791051e-2	9.76608445410142856492556247505e-7
3.270e-04	-3.77005392771313696150434504299e-2	1.04534494994520290231826394252e-6
3.280e-04	-3.77226739062973856153484328462e-2	1.11828970543699451059627500426e-6
3.290e-04	-3.77448322393941459874813145319e-2	1.19565694255176323220432534197e-6
3.300e-04	-3.77670144481020864523076662138e-2	1.27766911346640099491980023649e-6
3.310e-04	-3.77892207047328640259547838426e-2	1.36455705844074635469832817109e-6
3.320e-04	-3.78114511821229011294994460876e-2	1.45656016792142146127507418414e-6
3.330e-04	-3.78337060535219566148111309067e-2	1.55392653969452319986517097114e-6
3.340e-04	-3.78559854924767652014367908078e-2	1.65691313059724607402956864717e-6
3.350e-04	-3.78782896727095645879919652444e-2	1.76578590229323394993111810420e-6
3.360e-04	-3.79006187679919518155528132880e-2	1.88081996061007868179188586498e-6
3.370e-04	-3.79229729520135091935819751219e-2	2.00229968793697484355043120815e-6
3.380e-04	-3.79453523982459501413398530726e-2	2.13051886817480788729749397181e-6
3.390e-04	-3.79677572798020499977659139193e-2	2.26578080373528534907057988332e-6
3.400e-04	-3.79901877692903350914226737774e-2	2.40839842408125583844724847502e-6
3.410e-04	-3.80126440386646954185948683769e-2	2.55869438530954140900279213546e-6
3.420e-04	-3.80351262590696070684956114261e-2	2.71700116027684689111322089901e-6
3.430e-04	-3.80576346006814011785320561702e-2	2.88366111877573181241051154888e-6
3.440e-04	-3.80801692325440810947866342438e-2	3.05902659728500364760956079121e-6
3.450e-04	-3.81027303224024992052228720326e-2	3.24345995780883064557335775215e-6
3.460e-04	-3.81253180365303276815693215772e-2	3.43733363535568005022927951954e-6
3.470e-04	-3.81479325395549429808515488752e-2	3.64103017359964387071372991638e-6
3.480e-04	-3.81705739942776242339351004607e-2	3.85494224830154024083238430070e-6
3.490e-04	-3.81932425614923655257937078925e-2	4.07947267805604897211081355212e-6
3.500e-04	-3.82159383997987647470618089412e-2	4.31503442199815012274882696400e-6
3.510e-04	-3.82386616654140439176098516492e-2	4.56205056406462108609636382844e-6
3.520e-04	-3.82614125119816435501829735182e-2	4.82095428347594056998032205022e-6
3.530e-04	-3.82841910903762232850688750647e-2	5.09218881111740148918216074713e-6
3.540e-04	-3.83069975485081670527642918990e-2	5.37620737149810998123277505489e-6
3.550e-04	-3.83298320311254218036618907595e-2	5.67347311003440037626767564835e-6
3.560e-04	-3.83526946796126679184886904819e-2	5.98445900542187023456232109466e-6
3.570e-04	-3.83755856317896034277534514031e-2	6.30964776687553204798235455533e-6
3.580e-04	-3.83985050217092852286564613298e-2	6.64953171605470839191791078276e-6
3.590e-04	-3.84214529794556916984084551806e-2	7.00461265354157687336443041194e-6
3.600e-04	-3.84444296309359835707496400256e-2	7.37540170982707075436092034873e-6
3.610e-04	-3.84674350976809116096602582389e-2	7.76241918059431519947005739700e-6
3.620e-04	-3.84904694966374848204882414425e-2	8.16619434645153668657044194574e-6
3.630e-04	-3.85135329399699250009816732749e-2	8.58726527694574121251569993356e-6
3.640e-04	-3.85366255348507863026926035152e-2	9.02617861914240962400417373384e-6
3.650e-04	-3.85597473832676623489098677883e-2	9.48348937053898971696245072759e-6
3.660e-04	-3.85828985818148919718407348252e-2	9.95976063686914087135285456812e-6
3.670e-04	-3.86060792215040062070428527237e-2	1.04555633745094482950640010546e-5
3.680e-04	-3.86292893875654293860751518616e-2	1.09714761181067440508717536778e-5
3.690e-04	-3.86525291592523088592282888450e-2	1.15080846935589717181516741664e-5
3.700e-04	-3.86757986096533025611406442968e-2	1.20659819165416838718180101481e-5
3.710e-04	-3.86990978055128496236998832259e-2	1.26457672769349292614966543118e-5
3.720e-04	-3.87224268070372484728365159144e-2	1.32480466099687685027105630893e-5
3.730e-04	-3.87457856677264584538628691259e-2	1.38734317537850959430762107362e-5
3.740e-04	-3.87691744341880823400620705473e-2	1.45225401947365509956460397688e-5
3.750e-04	-3.87925931459865778275461912612e-2	1.51959946998548093370931014355e-5
3.760e-04	-3.88160418354640100979696504922e-2	1.58944229383900297785325705463e-5
3.770e-04	-3.88395205275788771228856925048e-2	1.66184570920721653542951488868e-5
3.780e-04	-3.88630292397787363094621774507e-2	1.73687334542323112822319482317e-5
3.790e-04	-3.88865679818130298180374779585e-2	1.81458920208017172185301227414e-5
3.800e-04	-3.89101367556401916681059120155e-2	1.89505760699972377747596370729e-5
3.810e-04	-3.89337355552423903515866453873e-2	1.97834317362712264829505400399e-5
3.820e-04	-3.89573643665550671659502248120e-2	2.06451075736886405209238477011e-5
3.830e-04	-3.89810231672924435258925845997e-2	2.15362541156345877922324594347e-5
3.840e-04	-3.90047119268706609035624423042e-2	2.24575234258829687791893491150e-5
3.850e-04	-3.90284306063008902211163099518e-2	2.34095686454871921155742305469e-5
3.860e-04	-3.90521791580797513079826595145e-2	2.43930435356752397420042076421e-5
3.870e-04	-3.90759575261064210171330730324e-2	2.54086020166130019441345329606e-5
3.880e-04	-3.90997656456021650482538812398e-2	2.64568977036668221901004441767e-5
3.890e-04	-3.91236034430280645058634767602e-2	2.75385834422629289370315313895e-5
3.900e-04	-3.91474708360501308372378240107e-2	2.86543108402882318448468460109e-5
3.910e-04	-3.91713677334569107454808386967e-2	2.98047298025932037745856501368e-5
3.920e-04	-3.91952940351217333645182071748e-2	3.09904880649593651257752088112e-5
3.930e-04	-3.92192496319650445904430564551e-2	3.22122307300890713853473370890e-5
3.940e-04	-3.92432344059106682264249851507e-2	3.34705998068759413583293466784e-5
3.950e-04	-3.92672482299241140946170458524e-2	3.47662337496407908498303238456e-5
3.960e-04	-3.92912909679155311147210533630e-2	3.60997670084315788739614087876e-5
3.970e-04	-3.93153624747935517752259227659e-2	3.74718295778103331800711985397e-5
3.980e-04	-3.93394625964380049646017328745e-2	3.88830465559169940597255125474e-5
3.990e-04	-3.93635911697935199644806669851e-2	4.03340377043085767390960418062e-5
4.000e-04	-3.93877480227780682161317257091e-2	4.18254170257474603338631083743e-5
4.010e-04	-3.94119329744158323692688798890e-2	4.33577923385630331949737194253e-5
4.020e-04	-3.94361458347626268946474420160e-2	4.49317648722966361556777638948e-5
4.030e-04	-3.94603864050984825179630322505e-2	4.65479288578095773814629691049e-5
4.040e-04	-3.94846544779221285937709705886e-2	4.82068711397129663610397233597e-5
4.050e-04	-3.95089498369528590560377236801e-2	4.99091708005921777169647497493e-5
4.060e-04	-3.95332722572875203751005348892e-2	5.16553987872968315933835753840e-5
4.070e-04	-3.95576215054928963010639233420e-2	5.34461175536094938724113974091e-5
4.080e-04	-3.95819973395881050730676070985e-2	5.52818807242310036584670052392e-5
4.090e-04	-3.96063995092432433082334633464e-2	5.71632327573098730815000929197e-5
4.100e-04	-3.96308277558959006999202083928e-2	5.90907086263318770004787852917e-5
4.110e-04	-3.96552818127314785672374211780e-2	6.10648335275228416769003524401e-5
4.120e-04	-3.96797614049251318522665387349e-2	6.30861225821276388429923063715e-5
4.130e-04	-3.97042662497806213954490620263e-2	6.51550805611470584622785425063e-5
4.140e-04	-3.97287960567020201588534584665e-2	6.72722016402360506495148194507e-5
4.150e-04	-3.97533505275432909236688871910e-2	6.94379691383252563173696837488e-5
4.160e-04	-3.97779293565217126599710267744e-2	7.16528553099378081710601824793e-5
4.170e-04	-3.98025322306070271319658549913e-2	7.39173211113628891202225209743e-5
4.180e-04	-3.98271588294899522352648158250e-2	7.62318160209634446779922999566e-5
4.190e-04	-3.98518088257174995263032772674e-2	7.85967778617540903118243301616e-5
4.200e-04	-3.98764818849984221915628059698e-2	8.10126326230320544101984011648e-5
4.210e-04	-3.99011776663913388767782188640e-2	8.34797943086074457537280187617e-5
4.220e-04	-3.99258958223101127344967272865e-2	8.59986648209667884979460794785e-5
4.230e-04	-3.99506359987711068019067934263e-2	8.85696338371842801281697660378e-5
4.240e-04	-3.99753978354617877348916680493e-2	9.11930787203019416377161001372e-5
4.250e-04	-4.00001809662270208920967080658e-2	9.38693643991744814405521427765e-5
4.260e-04	-4.00249850188340134353572543304e-2	9.65988433460532399130061085822e-5
4.270e-04	-4.00498096155960198723584260064e-2	9.93818554704881256815169774331e-5
4.280e-04	-4.00746543732251712219038833355e-2	1.02218728118604926773917307538e-4
4.290e-04	-4.00995189031263246829144776589e-2	1.05109776035950745473363978254e-4
4.300e-04	-4.01244028115855227706526392391e-2	1.08055301357132341533313675735e-4
4.310e-04	-4.01493056998019394715730415037e-2	1.11055593631103558309061999740e-4
4.320e-04	-4.01742271647003916855079379573e-2	1.14110929754635979604714980569e-4
4.330e-04	-4.01991667980266400268759439410e-2	1.17221574152318323445394762196e-4
4.340e-04	-4.02241241876516436996262392660e-2	1.20387778668713394944480317016e-4
4.350e-04	-4.02490989171241279780976416234e-2	1.23609782712865427261689373045e-4
4.360e-04	-4.02740905658144215249894917131e-2	1.26887813337427021664796831176e-4
4.370e-04	-4.02990987099157434183705035094e-2	1.30222085197274238784370301608e-4
4.380e-04	-4.03241229214350248275270976789e-2	1.33612800822826446912981264938e-4
4.390e-04	-4.03491627689328404298937060785e-2	1.37060150644430454909782453594e-4
4.400e-04	-4.03742178184614226367223685277e-2	1.40564312983347866029805488844e-4
4.410e-04	-4.03992876320889879112949972685e-2	1.44125454445486831309692110343e-4
4.420e-04	-4.04243717700500443244922990444e-2	1.47743729732916032492579891918e-4
4.430e-04	-4.04494697888646373873245320661e-2	1.51419282133447364089407888700e-4
4.440e-04	-4.04745812436901655246825298544e-2	1.55152243301443101228113316705e-4
4.450e-04	-4.04997056865442273962030698061e-2	1.58942733757197982873999000347e-4
4.460e-04	-4.05248426676064531994167078944e-2	1.62790862860123137478943626387e-4
4.470e-04	-4.05499917347639395814509837527e-2	1.66696729099271419193800742808e-4
4.480e-04	-4.05751524351791392999100995039e-2	1.70660420011280098785388907235e-4
4.490e-04	-4.06003243133936616493940650002e-2	1.74682012758763536345314998679e-4
4.500e-04	-4.06255069132639004368444344925e-2	1.78761573987403165583606416931e-4
4.510e-04	-4.06506997761866092301925171566e-2	1.82899160410228136283472827933e-4
4.520e-04	-4.06759024436383380482985166356e-2	1.87094818538049842530153718929e-4
4.530e-04	-4.07011144562325357838234395850e-2	1.91348585101322141933151165283e-4
4.540e-04	-4.07263353529120057452310588635e-2	1.95660487470855038510835684555e-4
4.550e-04	-4.07515646724131420904680567552e-2	2.00030543602833540701956463395e-4
4.560e-04	-4.07768019529913012192024273157e-2	2.04458762346366115345595632721e-4
4.570e-04	-4.08020467331209625765551304983e-2	2.08945143540422506963347932890e-4
4.580e-04	-4.08272985500265204065400335238e-2	2.13489678602931828403685240444e-4
4.590e-04	-4.08525569413881713146042510394e-2	2.18092350409577850642080806951e-4
4.600e-04	-4.08778214449706617670902277514e-2	2.22753133635124953769840202517e-4
4.610e-04	-4.09030915994123009777887897424e-2	2.27471994824134032780820081797e-4
4.620e-04	-4.09283669424410870240920829983e-2	2.32248893083846730798638585529e-4
4.630e-04	-4.09536470128604184204313110672e-2	2.37083779873078552327399554828e-4
4.640e-04	-4.09789313508108520121870041368e-2	2.41976599187173029252484069898e-4
4.650e-04	-4.10042194957215389055839851028e-2	2.46927288338963883521566037946e-4
4.660e-04	-4.10295109885336074176767472917e-2	2.51935777663322811640379224094e-4
4.670e-04	-4.10548053719657762037562095942e-2	2.57001990693826331689649519626e-4
4.680e-04	-4.10801021881746300375174935868e-2	2.62125845042578945897950993235e-4
4.690e-04	-4.11054009812417146598838716602e-2	2.67307252004715263549944875882e-4
4.700e-04	-4.11307012974441446010251431783e-2	2.72546116723456284090577364637e-4
4.710e-04	-4.11560026825954473276139398777e-2	2.77842339181518822124201929516e-4
4.720e-04	-4.11813046858439044863090969758e-2	2.83195813394490368144671554622e-4
4.730e-04	-4.12066068559113765869970129238e-2	2.88606428722102137056067324422e-4
4.740e-04	-4.12319087451833847463269751217e-2	2.94074068941208409614789816975e-4
4.750e-04	-4.12572099056331557572697266085e-2	2.99598613673850712099139899470e-4
4.760e-04	-4.12825098920369355677866040090e-2	3.05179937690258775864805893082e-4
4.770e-04	-4.13078082622615542935281080438e-2	3.10817911035483796874319046402e-4
4.780e-04	-4.13331045750155178262118828906e-2	3.16512399942146714095449054869e-4
4.790e-04	-4.13583983896958595844208440398e-2	3.22263267131558678008190840393e-4
4.800e-04	-4.13836892703290065532454117809e-2	3.28070370798040532355269503234e-4
4.810e-04	-4.14089767804322283845279256037e-2	3.33933566453258564023329197290e-4
4.820e-04	-4.14342604884697554393288497803e-2	3.39852705396474922776435828741e-4
4.830e-04	-4.14595399623177937517848899125e-2	3.45827636722569553416305837311e-4
4.840e-04	-4.14848147751163520190909542700e-2	3.51858205607763097813695243376e-4
4.850e-04	-4.15100844993152174083273451148e-2	3.57944255495351155707694316814e-4
4.860e-04	-4.15353487129450171244157441699e-2	3.64085626181795080590129075522e-4
4.870e-04	-4.15606069949756749560789844377e-2	3.70282155577833051928374545991e-4
4.880e-04	-4.15858589250718816918706181105e-2	3.76533680019187066549303831249e-4
4.890e-04	-4.16111040889572127088077509915e-2	3.82840032559276909003282251606e-4
4.900e-04	-4.16363420713075412079172982992e-2	3.89201045667090463325398101069e-4
4.910e-04	-4.16615724631793214486066568464e-2	3.95616548742431920936415557433e-4
4.920e-04	-4.16867948564738033760561072808e-2	4.02086370273810812952826121423e-4
4.930e-04	-4.17120088436385885629692546034e-2	4.08610338157869242831454398778e-4
4.940e-04	-4.17372140239915210988039753282e-2	4.15188277495047464311470647080e-4
4.950e-04	-4.17624099975896700047794614511e-2	4.21820013025703182770159374197e-4
4.960e-04	-4.17875963648973902387443961955e-2	4.28505369456630956087244968960e-4
4.970e-04	-4.18127727361924775515636166527e-2	4.35244167950366859400250670684e-4
4.980e-04	-4.18379387125825308974863987892e-2	4.42036233690013451957407363973e-4
4.990e-04	-4.18630939126608176865025421560e-2	4.48881385532111492765598484024e-4
5.000e-04	-4.18882379454175626890430598378e-2	4.55779446862927266742856619098e-4
5.010e-04	-4.19133704303484854784201079762e-2	4.62730237719122848700957901815e-4
5.020e-04	-4.19384909873049653357015428553e-2	4.69733578972162350836129135815e-4
5.030e-04	-4.19635992360802662146757030264e-2	4.76789292678274680826274446445e-4
5.040e-04	-4.19886948081091434509901785600e-2	4.83897197293759908263927143398e-4
5.050e-04	-4.20137773259439371533068112313e-2	4.91057116400048775493889670260e-4
5.060e-04	-4.20388464239717540837564807582e-2	4.98268870095116987739117427865e-4
5.070e-04	-4.20639017332241649763787029831e-2	5.05532281549412316019732951687e-4
5.080e-04	-4.20889428975196671350525926087e-2	5.12847170114336874503429893663e-4
5.090e-04	-4.21139695502949702213660059682e-2	5.20213361535214324459744828574e-4
5.100e-04	-4.21389813379727170451795559374e-2	5.27630677812873012459537597043e-4
5.110e-04	-4.21639779065674922906542358723e-2	5.35098943161923413334475123174e-4
5.120e-04	-4.21889589011581735496273219607e-2	5.42617984408109279169154142388e-4
5.130e-04	-4.22139239811653751013258596508e-2	5.50187624083425112870277121636e-4
5.140e-04	-4.22388727935141992739055356750e-2	5.57807692790455865754368947092e-4
5.150e-04	-4.22638049996816854521954987427e-2	5.65478016860749646740744723741e-4
5.160e-04	-4.22887202601856496504722616492e-2	5.73198425551009031827995878759e-4
5.170e-04	-4.23136182384245225727716122900e-2	5.80968749349934561876555760826e-4
5.180e-04	-4.23384986006677210182853126495e-2	5.88788820046214494731864067856e-4
5.190e-04	-4.23633610160450450854552747458e-2	5.96658470793677315692703098321e-4
5.200e-04	-4.23882051517152090945805814564e-2	6.04577538544868320192196269669e-4
5.210e-04	-4.24130306919994846437571184752e-2	6.12545854712308754919110928670e-4
5.220e-04	-4.24378373047567902445871187513e-2	6.20563261742546134448301108853e-4
5.230e-04	-4.24626246752456305824226728613e-2	6.28629596483464571420607193477e-4
5.240e-04	-4.24873924866986009594318295571e-2	6.36744699804959667632747821504e-4
5.250e-04	-4.25121404251267226555766705966e-2	6.44908414277228583281574890358e-4
5.260e-04	-4.25368681793031435642222564400e-2	6.53120584217870534534670510909e-4
5.270e-04	-4.25615754407461734466709788569e-2	6.61381055736664308698378771403e-4
5.280e-04	-4.25862619037016877473650652967e-2	6.69689676778085848504055916763e-4
5.290e-04	-4.26109272651249329098706356199e-2	6.78046297161628428137180666492e-4
5.300e-04	-4.26355712246617651453349383359e-2	6.86450768619987353164132213912e-4
5.310e-04	-4.26601934846293536306622575805e-2	6.94902944835170469472277647139e-4
5.320e-04	-4.26847937499963781538701212929e-2	7.03402681472595067513886516138e-4
5.330e-04	-4.27093717215686551994110206393e-2	7.11949839918139353306654789043e-4
5.340e-04	-4.27339271229703722828450484457e-2	7.20544272611959111013780607465e-4
5.350e-04	-4.27584596603781647951445705933e-2	7.29185844939984244173691570343e-4
5.360e-04	-4.27829690491595688839196647182e-2	7.37874420804106392722166666533e-4
5.370e-04	-4.28074549997152175565762955087e-2	7.46609870449412383095003721846e-4
5.380e-04	-4.28319172473192336714169820591e-2	7.55392053754208729956329549039e-4
5.390e-04	-4.28563555075818601853660496841e-2	7.64220845150168973089828964036e-4
5.400e-04	-4.28807695059193796093587129971e-2	7.73096117175338526810223201614e-4
5.410e-04	-4.29051589619137901752532407568e-2	7.82017749361870934693234569946e-4
5.420e-04	-4.29295236222431524156611127938e-2	7.90985609264679069067736220941e-4
5.430e-04	-4.29538632115287408688112245288e-2	7.99999580737239166275047371256e-4
5.440e-04	-4.29781774648655745256816149725e-2	8.09059545251836870866096359154e-4
5.450e-04	-4.30024661197087562942096810224e-2	8.18165386550244182202661466278e-4
5.460e-04	-4.30267289158492461310719930203e-2	8.27316990655508213320256368320e-4
5.470e-04	-4.30509655953894749953664541228e-2	8.36514245882528305487284396153e-4
5.480e-04	-4.30751759027188165878321889518e-2	8.45757042847466977739005156812e-4
5.490e-04	-4.30993595945180410966528871814e-2	8.55045268374880304619260166486e-4
5.500e-04	-4.31235163998541919547093954316e-2	8.64378829726634856573158682307e-4
5.510e-04	-4.31476460796264800382414888876e-2	8.73757618545587562298317168011e-4
5.520e-04	-4.31717483978747997190888991619e-2	8.83181528062248501375961592909e-4
5.530e-04	-4.31958230997995872078167085622e-2	8.92650466773145249824876026085e-4
5.540e-04	-4.32198699317513548999415522406e-2	9.02164346285728590984635263331e-4
5.550e-04	-4.32438886756942388093689088322e-2	9.11723059571499445678978402340e-4
5.560e-04	-4.32678790824327804290249064920e-2	9.21326522714494536552641857350e-4
5.570e-04	-4.32918409158334277531372067194e-2	9.30974647279875336291614885776e-4
5.580e-04	-4.33157739418000025803082214583e-2	9.40667347172976900336319673331e-4
5.590e-04	-4.33396779408393349083342952666e-2	9.50404530504647740672845869932e-4
5.600e-04	-4.33635526579549395774128586778e-2	9.60186131895974934267021752897e-4
5.610e-04	-4.33873978904852078583370847571e-2	9.70012055758060492820929552688e-4
5.620e-04	-4.34112133996564222338012545572e-2	9.79882233461281569761201283656e-4
5.630e-04	-4.34349989611977926920711813483e-2	9.89796590571648538729613431869e-4
5.640e-04	-4.34587543527256961731135386901e-2	9.99755054980847772079648117535e-4
5.650e-04	-4.34824793537187557224766762386e-2	1.00975755690179180988490409538e-3
5.660e-04	-4.35061737454929853707934536826e-2	1.01980402886365102094540190996e-3
5.670e-04	-4.35298373261643706443568186403e-2	1.02989439558775869638706977495e-3
5.680e-04	-4.35534698663083972885379232637e-2	1.04002860379177524496783848497e-3
5.690e-04	-4.35770711526213551747249235123e-2	1.05020659290157138104856222570e-3
5.700e-04	-4.36006409735385911526209538933e-2	1.06042830463437385012842375570e-3
5.710e-04	-4.36241791192100864221274139850e-2	1.07069368299159060971191375976e-3
5.720e-04	-4.36476853814761369997273212056e-2	1.08100267425126863408808588733e-3
5.730e-04	-4.36711595708526458936951125687e-2	1.09135521511528120085956860715e-3
5.740e-04	-4.36946014661925887099824931646e-2	1.10175126761755226695026618757e-3
5.750e-04	-4.37180108642802008916414888719e-2	1.11219078479824806563649965831e-3
5.760e-04	-4.37413875634941964377165542626e-2	1.12267372194036692983523631212e-3
5.770e-04	-4.37647313822570854376943735511e-2	1.13320002344063902168816352782e-3
5.780e-04	-4.37880421043545568423801442229e-2	1.14376966148984546645546960882e-3
5.790e-04	-4.38113195328256487303570449994e-2	1.15438259802373804362713903812e-3
5.800e-04	-4.38345634722100784974499693016e-2	1.16503879718284378815433563409e-3
5.810e-04	-4.38577737485595831615185079440e-2	1.17573821080068262473643522119e-3
5.820e-04	-4.38809501296831995205873706739e-2	1.18648083603803583432512742313e-3
5.830e-04	-4.39040924649725759986066516896e-2	1.19726661420844308187432732246e-3
5.840e-04	-4.39272005447251487693705055507e-2	1.20809553265038048670331198752e-3
5.850e-04	-4.39502742023586800736577721525e-2	1.21896755035639917470426271568e-3
5.860e-04	-4.39733132301223460607734500682e-2	1.22988265967106633024317561714e-3
5.870e-04	-4.39963174198893836712676031801e-2	1.24084085662461111807838830145e-3
5.880e-04	-4.40192866551404358922590948520e-2	1.25184207220998043762499904376e-3
5.890e-04	-4.40422206852230131545660569752e-2	1.26288634026609191936333752312e-3
5.900e-04	-4.40651193749814820828439721332e-2	1.27397361153636743049144258958e-3
5.910e-04	-4.40879825210127106695111199011e-2	1.28510389085030295884891449798e-3
5.920e-04	-4.41108099441655295956405265660e-2	1.29627716791615098803493646137e-3
5.930e-04	-4.41336014918602500505211821252e-2	1.30749341515103982004790791546e-3
5.940e-04	-4.41563569629697364000350542042e-2	1.31875264482434576700797882936e-3
5.950e-04	-4.41790761819383723393815243036e-2	1.33005485277958289323729006534e-3
5.960e-04	-4.42017590012127990042439551849e-2	1.34140001613971427946876993629e-3
5.970e-04	-4.42244051943228484765253266090e-2	1.35278817581933409138310971276e-3
5.980e-04	-4.42470146712212207649218291411e-2	1.36421926999203634849796265512e-3
5.990e-04	-4.42695871787516156771784838330e-2	1.37569336623373711191586162723e-3
6.000e-04	-4.42921226032439347981092220833e-2	1.38721042643334047183484353509e-3
6.010e-04	-4.43146207478933643775643188832e-2	1.39877048012341322670988634007e-3
6.020e-04	-4.43370814448107421385292650412e-2	1.41037353707446532173559728634e-3
6.030e-04	-4.43595045577300355351797848313e-2	1.42201958468715055140574376180e-3
6.040e-04	-4.43818898912862755808397647112e-2	1.43370865985347815322599917158e-3
6.050e-04	-4.44042372805834998358334134256e-2	1.44544077814057883081374593323e-3
6.060e-04	-4.44265465940282168291488059962e-2	1.45721593103910519395712168885e-3
6.070e-04	-4.44488176374484900280926664400e-2	1.46903416278636996084916789063e-3
6.080e-04	-4.44710502487705594984310245638e-2	1.48089549464750559758178513710e-3
6.090e-04	-4.44932443009830675659331982071e-2	1.49279992201389010290039034438e-3
6.100e-04	-4.45153996008618377616215828155e-2	1.50474749645993847197227431819e-3
6.110e-04	-4.45375159889886674104838628315e-2	1.51673824485257297088730737466e-3
6.120e-04	-4.45595933428512700284980195811e-2	1.52877216629325755524621624166e-3
6.130e-04	-4.45816314699293216053282954263e-2	1.54084931969184814584490616645e-3
6.140e-04	-4.46036302506768438368497459766e-2	1.55296970650569684440460501680e-3
6.150e-04	-4.46255894548678419226669656463e-2	1.56513342210861847854291710523e-3
6.160e-04	-4.46475090413107838955140684641e-2	1.57734040773859027289657158093e-3
6.170e-04	-4.46693887412663330169672849910e-2	1.58959079593679863512261396410e-3
6.180e-04	-4.46912284790502649177556547007e-2	1.60188456106642375738511668678e-3
6.190e-04	-4.47130281036559195245569318612e-2	1.61422174237390817574764975559e-3
6.200e-04	-4.47347873817304724720106286848e-2	1.62660245097587550092752884379e-3
6.210e-04	-4.47565062439555371141119167546e-2	1.63902666230473340988134235212e-3
6.220e-04	-4.47781845414984515942598903938e-2	1.65149442077292698864589516692e-3
6.230e-04	-4.47998220824595705435093449778e-2	1.66400580979807020607855625209e-3
6.240e-04	-4.48214187171272817544976242882e-2	1.67656087946033572552846057863e-3
6.250e-04	-4.48429743417265016982726263070e-2	1.68915964268767706885916958630e-3
6.260e-04	-4.48644887640172078843341183460e-2	1.70180219031188878177498651666e-3
6.270e-04	-4.48859618361256079341785566536e-2	1.71448857755703038677246119677e-3
6.280e-04	-4.49073934584580242196863140003e-2	1.72721882002968128160371883381e-3
6.290e-04	-4.49287834381938526659242974639e-2	1.73999301601725335767031528270e-3
6.300e-04	-4.49501316785180460803009352712e-2	1.75281118279000343460851583150e-3
6.310e-04	-4.49714379861014576251378371185e-2	1.76567342361913105647531667379e-3
6.320e-04	-4.49927022668942158020512117234e-2	1.77857975735115955280508411373e-3
6.330e-04	-4.50139243269527543077067332483e-2	1.79153029226533963120673375541e-3
6.340e-04	-4.50351040221735053364503368865e-2	1.80452509528333633790553574559e-3
6.350e-04	-4.50562412626157529127136929643e-2	1.81756418747380421528699961289e-3
6.360e-04	-4.50773358531961765532801207017e-2	1.83064768470299112800114778720e-3
6.370e-04	-4.50983877067152479241674670736e-2	1.84377560939688571150333429800e-3
6.380e-04	-4.51193966272087324797077616889e-2	1.85694808250454206610401116372e-3
6.390e-04	-4.51403624728170725328707729742e-2	1.87016517909667239055300526778e-3
6.400e-04	-4.51612851604231884504155031262e-2	1.88342692349366316823942030719e-3
6.410e-04	-4.51821645518430334123253866610e-2	1.89673339095849363018756788228e-3
6.420e-04	-4.52030004490297717987913560224e-2	1.91008471271381037860664091348e-3
6.430e-04	-4.52237927116808363056520785081e-2	1.92348097021968078927793252527e-3
6.440e-04	-4.52445412621408741170884188562e-2	1.93692218998264916084322087473e-3
6.450e-04	-4.52652459004985866414257980228e-2	1.95040851106233078208135968806e-3
6.460e-04	-4.52859064874546135426597671382e-2	1.96394001967939976550601172254e-3
6.470e-04	-4.53065230148645044083831164374e-2	1.97751668389583066359362827559e-3
6.480e-04	-4.53270951509135958861201833328e-2	1.99113876932783729320163621569e-3
6.490e-04	-4.53476228891439673122393123002e-2	2.00480624598625947238154984349e-3
6.500e-04	-4.53681060946850188627374203529e-2	2.01851920286536995901730213703e-3
6.510e-04	-4.53885445632041182975749694983e-2	2.03227779497322989881320547428e-3
6.520e-04	-4.54089381570947935626595426989e-2	2.04608211787620028269171930644e-3
6.530e-04	-4.54292868110281790585568883950e-2	2.05993220172301757733984924484e-3
6.540e-04	-4.54495903912903169053766279577e-2	2.07382814146799077480634830318e-3
6.550e-04	-4.54698486900525183347266238696e-2	2.08777010302691610881315114463e-3
6.560e-04	-4.54900615705822766614120476730e-2	2.10175818812071110897918860549e-3
6.570e-04	-4.55102289731061817605749272828e-2	2.11579242791986508627239613201e-3
6.580e-04	-4.55303506868566207116172875819e-2	2.12987299671592401169987727064e-3
6.590e-04	-4.55504266548623761877885627006e-2	2.14399992605317097909440388334e-3
6.600e-04	-4.55704566642711627824940395934e-2	2.15817339587336400248073228537e-3
6.610e-04	-4.55904406609331460327692942488e-2	2.17239343800264178427181859335e-3
6.620e-04	-4.56103785128818382362951968103e-2	2.18666015913480598957131462450e-3
6.630e-04	-4.56302699195574568287666154757e-2	2.20097382819780677435720663581e-3
6.640e-04	-4.56501149985694704645868090910e-2	2.21533431787931711378789511248e-3
6.650e-04	-4.56699134482966916350959585076e-2	2.22974190151013555280629037334e-3
6.660e-04	-4.56896651333401767042640904034e-2	2.24419669602668371247318395490e-3
6.670e-04	-4.57093700081518885722741519608e-2	2.25869873354362570902957457911e-3
6.680e-04	-4.57290278503928391053981623005e-2	2.27324821736775048710472060584e-3
6.690e-04	-4.57486386174364111177973199263e-2	2.28784517952158504058844964383e-3
6.700e-04	-4.57682020842784257884206864786e-2	2.30248982936461677237414557463e-3
6.710e-04	-4.57877182112446083908613528859e-2	2.31718219873192272056158809458e-3
6.720e-04	-4.58071868675483326343175193088e-2	2.33192240878210999523962510203e-3
6.730e-04	-4.58266078239925028772713395425e-2	2.34671067809136515299428376144e-3
6.740e-04	-4.58459809454076378924311884611e-2	2.36154713570286329240151038313e-3
6.750e-04	-4.58653061981257136605127720781e-2	2.37643181278822006780287656705e-3
6.760e-04	-4.58845834515346751708538268641e-2	2.39136483626790444150147667519e-3
6.770e-04	-4.59038124703808090913812670634e-2	2.40634643740280016868606431079e-3
6.780e-04	-4.59229932256311971924880255764e-2	2.42137664657118570589558293736e-3
6.790e-04	-4.59421254788172262047110006249e-2	2.43645570153509332231658116924e-3
6.800e-04	-4.59612090944727667278586371915e-2	2.45158374045184822545670145624e-3
6.810e-04	-4.59802441594508888891736483361e-2	2.46676068247720785197316663617e-3
6.820e-04	-4.59992302094354844148604998131e-2	2.48198699404235738425585492000e-3
6.830e-04	-4.60181674474190187292783244159e-2	2.49726248128069057334317341290e-3
6.840e-04	-4.60370555151486673393776153027e-2	2.51258750895132473625612027365e-3
6.850e-04	-4.60558942766471123789829395355e-2	2.52796222282407879936094088769e-3
6.860e-04	-4.60746837156432958150150794856e-2	2.54338665015940058597943299347e-3
6.870e-04	-4.60934235795181968880560952556e-2	2.55886105589492451283814598707e-3
6.880e-04	-4.61121139788263657443480994030e-2	2.57438534203177352253124432546e-3
6.890e-04	-4.61307544119069741191115556523e-2	2.58996002695292531595584423501e-3
6.900e-04	-4.61493449908559537812695946353e-2	2.60558501359803585796985847527e-3
6.910e-04	-4.61678855843157143650751861929e-2	2.62126045061483445234439137817e-3
6.920e-04	-4.61863759297731532595129091098e-2	2.63698662092586007316893914206e-3
6.930e-04	-4.62048160228378324694396052016e-2	2.65276354765313825683956614596e-3
6.940e-04	-4.62232057317707344570062060455e-2	2.66859138382422100676382265450e-3
6.950e-04	-4.62415447877217491428163636844e-2	2.68447042355619271029429445384e-3
6.960e-04	-4.62598330526174989791563202420e-2	2.70040082975310983867279376400e-3
6.970e-04	-4.62780705291646388274052466737e-2	2.71638262260361509564397339925e-3
6.980e-04	-4.62962570849336143840055839329e-2	2.73241596109766989517517015907e-3
6.990e-04	-4.63143924420674774664646617455e-2	2.74850115487843610861136729525e-3
7.000e-04	-4.63324766088114979939369612579e-2	2.76463822158837162284916721930e-3
7.010e-04	-4.63505094521594762836257343500e-2	2.78082732469166343259013023904e-3
7.020e-04	-4.63684906871518508678075271333e-2	2.79706878584699240353606794145e-3
7.030e-04	-4.63864201737377645986847719409e-2	2.81336277920111221330974180034e-3
7.040e-04	-4.64042980839925769626979493954e-2	2.82970915673781976098286485150e-3
7.050e-04	-4.64221238152053866810332577294e-2	2.84610857383156312050653996665e-3
7.060e-04	-4.64398977019482005431093211398e-2	2.86256071576233813563333959134e-3
7.070e-04	-4.64576192903759583052729546024e-2	2.87906608704544112035046301828e-3
7.080e-04	-4.64752884387264751068345464618e-2	2.89562487006910109580006039602e-3
7.090e-04	-4.64929053407520224488032596481e-2	2.91223689775898002826274374095e-3
7.100e-04	-4.65104693572169283785419345458e-2	2.92890287425759417599401839127e-3
7.110e-04	-4.65279808564556134220179987094e-2	2.94562245160688021778125406096e-3
7.120e-04	-4.65454393592633796807136546523e-2	2.96239617008384670882513052538e-3
7.130e-04	-4.65628447219060791179627128363e-2	2.97922422054462961346159554820e-3
7.140e-04	-4.65801969806497875215659675286e-2	2.99610660535858596230368747470e-3
7.150e-04	-4.65974959985844437694016825327e-2	3.01304350980331769192764970570e-3
7.160e-04	-4.66147416384938233083831157555e-2	3.03003512072174101250025330429e-3
7.170e-04	-4.66319335744522301096144089753e-2	3.04708182613935158974195035376e-3
7.180e-04	-4.66490716604894618338899515496e-2	3.06418382564269320740356310537e-3
7.190e-04	-4.66661559439377246314777479654e-2	3.08134111463004196559879027247e-3
7.200e-04	-4.66831862860632903615029616936e-2	3.09855388656030546831929042496e-3
7.210e-04	-4.67001625477819872716133954553e-2	3.11582233650501436841642521448e-3
7.220e-04	-4.67170843873618439335781911423e-2	3.13314687721570320171208382185e-3
7.230e-04	-4.67339516563274702684116676942e-2	3.15052771730997135119012674864e-3
7.240e-04	-4.67507646218174560786405679687e-2	3.16796462139347270209818981686e-3
7.250e-04	-4.67675227297874350375341619285e-2	3.18545823379134671780791498236e-3
7.260e-04	-4.67842258301513299465638848352e-2	3.20300876866973490830508678653e-3
7.270e-04	-4.68008739893072964253933623753e-2	3.22061620846102471314588601243e-3
7.280e-04	-4.68174670651338378278545303213e-2	3.23828076025917644734290272952e-3
7.290e-04	-4.68340046917549072920602993599e-2	3.25600287399300802584924365369e-3
7.300e-04	-4.68504871696968194820794601836e-2	3.27378228169476338426898018405e-3
7.310e-04	-4.68669136759285969253766315018e-2	3.29161993052136219267525378741e-3
7.320e-04	-4.68832845130041891406065296663e-2	3.30951555250682047171465591247e-3
7.330e-04	-4.68995995363554528322563689982e-2	3.32746936370309525748298859180e-3
7.340e-04	-4.69158586009454259549992192627e-2	3.34548158193151343515719924699e-3
7.350e-04	-4.69320613182954622851065144889e-2	3.36355269147936340149232776514e-3
7.360e-04	-4.69482077785241074267328228744e-2	3.38168265730410162056764797061e-3
7.370e-04	-4.69642978350042112928901455835e-2	3.39987170278699228940758913156e-3
7.380e-04	-4.69803310872308263946058105486e-2	3.41812033036200820775309105503e-3
7.390e-04	-4.69963076338099361791034565237e-2	3.43642849844886598632853112134e-3
7.400e-04	-4.70122270658907425674743656393e-2	3.45479672202065164401387909996e-3
7.410e-04	-4.70280894878641045716766350109e-2	3.47322495499130563592905760101e-3
7.420e-04	-4.70438947502029232259726994705e-2	3.49171343039363102019070712041e-3
7.430e-04	-4.70596424311682929110878385833e-2	3.51026268251766780607081542536e-3
7.440e-04	-4.70753326441689033085549296498e-2	3.52887265810665546804899057188e-3
7.450e-04	-4.70909652378386412251876107355e-2	3.54754359616101188858657182064e-3
7.460e-04	-4.71065397770102833781100383973e-2	3.56627605103148010340689363854e-3
7.470e-04	-4.71220563844478243553291558911e-2	3.58506996189374803042081673730e-3
7.480e-04	-4.71375149068494256157353551537e-2	3.60392557388657201565374291308e-3
7.490e-04	-4.71529148950583992388122747221e-2	3.62284346220113328617332602895e-3
7.500e-04	-4.71682564815467516837824689548e-2	3.64182355803522250212358299350e-3
7.510e-04	-4.71835395109774935021698627148e-2	3.66086611284776429165621728812e-3
7.520e-04	-4.71987635196212635918253843655e-2	3.67997172348784764397273022742e-3
7.530e-04	-4.72139286500265680816173661883e-2	3.69914031275085943940979802528e-3
7.540e-04	-4.72290347447188453911658030319e-2	3.71837213860936668498838024513e-3
7.550e-04	-4.72440813247896060423590093743e-2	3.73766782042742808997427693122e-3
7.560e-04	-4.72590685432487009857427232876e-2	3.75702727215866548239361046688e-3
7.570e-04	-4.72739962403782826234801296868e-2	3.77645075849498542021597123202e-3
7.580e-04	-4.72888639214597816355690383189e-2	3.79593892221404597620694424805e-3
7.590e-04	-4.73036717503662025026564719795e-2	3.81549166797276425601848814478e-3
7.600e-04	-4.73184192214130607427472578501e-2	3.83510965476088115634028421173e-3
7.610e-04	-4.73331068542570311023127934907e-2	3.85479238763209643177308470739e-3
7.620e-04	-4.73477337932115907703502380857e-2	3.87454092355520536378828997942e-3
7.630e-04	-4.73622998592839048623415574362e-2	3.89435555917314447980081376158e-3
7.640e-04	-4.73768055983493671851753353864e-2	3.91423577135409228225619970447e-3
7.650e-04	-4.73912501230721586657035869895e-2	3.93418266034009322238766843998e-3
7.660e-04	-4.74056336244030791141107441963e-2	3.95419610714395283659486714873e-3
7.670e-04	-4.74199555561424196426389837049e-2	3.97427683062391157420241153264e-3
7.680e-04	-4.74342161173428875028746956901e-2	3.99442470464982805282419907855e-3
7.690e-04	-4.74484151381790943326803665918e-2	4.01464002311520748872002064154e-3
7.700e-04	-4.74625520538449693571848420419e-2	4.03492353234617877000215537399e-3
7.710e-04	-4.74766270760464835373341647559e-2	4.05527509492475233423797869701e-3
7.720e-04	-4.74906400321253102754346275658e-2	4.07569501269912656680655658276e-3
7.730e-04	-4.75045907485213556757841775525e-2	4.09618359013772332936326844283e-3
7.740e-04	-4.75184786344873180973454843050e-2	4.11674161187115827281547901057e-3
7.750e-04	-4.75323039194496113087891250019e-2	4.13736892448214022575950798870e-3
7.760e-04	-4.75460659990378093645087894057e-2	4.15806633270380327481711642035e-3
7.770e-04	-4.75597655454571421322516336407e-2	4.17883317561196255171971621556e-3
7.780e-04	-4.75734015185694044013052284065e-2	4.19967076295833305041970984986e-3
7.790e-04	-4.75869737207808276526148072417e-2	4.22057943861015635823231115594e-3
7.800e-04	-4.76004828566206017630741810821e-2	4.24155850594821949592091895464e-3
7.810e-04	-4.76139278467067961951259538997e-2	4.26260932871535298760279646861e-3
7.820e-04	-4.76273089537114147422837115608e-2	4.28373172307264317658264212566e-3
7.830e-04	-4.76406255229121089913353410552e-2	4.30492656815958479010524950911e-3
7.840e-04	-4.76538778269363290011959161763e-2	4.32619367097911140961123492092e-3
7.850e-04	-4.76670656793249344260738633289e-2	4.34753337135977895896047569090e-3
7.860e-04	-4.76801888925198192395480278787e-2	4.36894601221491524037044122954e-3
7.870e-04	-4.76932467808256357147995841617e-2	4.39043251852144426927812501373e-3
7.880e-04	-4.77062396378395153519281789393e-2	4.41199267775746912221906179682e-3
7.890e-04	-4.77191672723414188531884367332e-2	4.43362684269339774020615236465e-3
7.900e-04	-4.77320289741974117941720834126e-2	4.45533597450755470700157730587e-3
7.910e-04	-4.77448255782396971367494058022e-2	4.47711923118841387679225984552e-3
7.920e-04	-4.77575553148816817697110952732e-2	4.49897881822479917439532646184e-3
7.930e-04	-4.77702195623775351194426331711e-2	4.52091325958682954096207553286e-3
7.940e-04	-4.77828170516500405049607628678e-2	4.54292418120108723004141579559e-3
7.950e-04	-4.77953481156645067699175609681e-2	4.56501133352642733333031970818e-3
7.960e-04	-4.78078125540693265194164502024e-2	4.58717509382650108502765271321e-3
7.970e-04	-4.78202101652133838685243218042e-2	4.60941584294304196213871886663e-3
7.980e-04	-4.78325401688319852881665190555e-2	4.63173464621713656519700041667e-3
7.990e-04	-4.78448029221041437881430385820e-2	4.65413123110393177204794215404e-3
8.000e-04	-4.78569976258211629687647423781e-2	4.67660669112985429192955837401e-3
8.010e-04	-4.78691252509503847205806475687e-2	4.69916003032945641665530663305e-3
8.020e-04	-4.78811843939218303621425574179e-2	4.72179306177318048378568846770e-3
8.030e-04	-4.78931748194899568172146846432e-2	4.74450622138701289195596025959e-3
8.040e-04	-4.79050975431208394974949793743e-2	4.76729846250283223500917046750e-3
8.050e-04	-4.79169511067680772955381486936e-2	4.79017167428918411427815942651e-3
8.060e-04	-4.79287359130996522542359746814e-2	4.81312554064868376728853486112e-3
8.070e-04	-4.79404517453114480377590764420e-2	4.83616048249168116657681860269e-3
8.080e-04	-4.79520977235738432579345805509e-2	4.85927771373718954424458958265e-3
8.090e-04	-4.79636749418726754988839600459e-2	4.88247609778200444041975193036e-3
8.100e-04	-4.79751811666685274050048208304e-2	4.90575847033278389600891118000e-3
8.110e-04	-4.79866181861314547169285520986e-2	4.92912286841632982180238500187e-3
8.120e-04	-4.79979844060337599607276564524e-2	4.95257137218560558511691828329e-3
8.130e-04	-4.80092809870522781151160436574e-2	4.97610276828123403925303674819e-3
8.140e-04	-4.80205055759253136304823447651e-2	4.99972005646699237668949688316e-3
8.150e-04	-4.80316600663892356688725844865e-2	5.02342114692595842468369063328e-3
8.160e-04	-4.80427427802490304699720281229e-2	5.04720823809683035751206581237e-3
8.170e-04	-4.80537542007718221830690495229e-2	5.07108093575098472688332714289e-3
8.180e-04	-4.80646940915668448172468469943e-2	5.09503971216707867071522003895e-3
8.190e-04	-4.80755622143982800625440326171e-2	5.11908504457827672369406208130e-3
8.200e-04	-4.80863575500624648440155404272e-2	5.14321835646604209463716090632e-3
8.210e-04	-4.80970806142146751920411366597e-2	5.16743922191733453576493182456e-3
8.220e-04	-4.81077311624645843039969555898e-2	5.19174813410823272390740427696e-3
8.230e-04	-4.81183081367407594029936811302e-2	5.21614657527759060209755899771e-3
8.240e-04	-4.81288129009253720232072376311e-2	5.24063309627494924259190325244e-3
8.250e-04	-4.81392435697061288519709459733e-2	5.26521018898614001281366774591e-3
8.260e-04	-4.81495998561237335782355581105e-2	5.28987841338997884582419388926e-3
8.270e-04	-4.81598831849264888269776791118e-2	5.31463624921386121905626928534e-3
8.280e-04	-4.81700915954687298749693763584e-2	5.33948629565174610248106425206e-3
8.290e-04	-4.81802256736095879266762471999e-2	5.36442805768248815530165932744e-3
8.300e-04	-4.81902851572567536675563808341e-2	5.38946207451799859537162872313e-3
8.310e-04	-4.82002697820584015050415066733e-2	5.41458889137881177000678228149e-3
8.320e-04	-4.82101783631159157215620679594e-2	5.43981018328788980363957070479e-3
8.330e-04	-4.82200115243044940797988178376e-2	5.46512541759338383276310279839e-3
8.340e-04	-4.82297689937299104931302822787e-2	5.49053515889464641315515405543e-3
8.350e-04	-4.82394495401608857644094438778e-2	5.51604115299778457264874586103e-3
8.360e-04	-4.82490547873927052158885673055e-2	5.54164164549232315094183999568e-3
8.370e-04	-4.82585825286701237294872784129e-2	5.56733958812357393113078563100e-3
8.380e-04	-4.82680324412220138696227817777e-2	5.59313562620608154468569938223e-3
8.390e-04	-4.82774062207502364069398115844e-2	5.61902792019437640979954693343e-3
8.400e-04	-4.82867015707939931051338600924e-2	5.64501955125440784690840228171e-3
8.410e-04	-4.82959202370988709210293249411e-2	5.67110862037858032336529042151e-3
8.420e-04	-4.83050588076908521225621087701e-2	5.69729960141484087538914076409e-3
8.430e-04	-4.83141201043354654307496154685e-2	5.72358926960238859385583689778e-3
8.440e-04	-4.83231027882588900060217811002e-2	5.74997954500157345159357212346e-3
8.450e-04	-4.83320054586758132799016450788e-2	5.77647243421731996986252968338e-3
8.460e-04	-4.83408288782872300525876924616e-2	5.80306726613983830840007214116e-3
8.470e-04	-4.83495716087983210455340872574e-2	5.82976610537277264400101339016e-3
8.480e-04	-4.83582355813669564948664334930e-2	5.85656683186027539102336946756e-3
8.490e-04	-4.83668182058226790504232370066e-2	5.88347295293966976513272122712e-3
8.500e-04	-4.83753202926660285076768524315e-2	5.91048374956727368474767009570e-3
8.510e-04	-4.83837415197142704460055949236e-2	5.93759991583824474707255494398e-3
8.520e-04	-4.83920815614749570108176684854e-2	5.96482215451034919107165258935e-3
8.530e-04	-4.84003388613579221230403435743e-2	5.99215271405804742596444179814e-3
8.540e-04	-4.84085142803090270187230700805e-2	6.01959082473010873337051736488e-3
8.550e-04	-4.84166074817747580911507310657e-2	6.04713721733337903700515451830e-3
8.560e-04	-4.84246181256248055969484056671e-2	6.07479263200580095165873247484e-3
8.570e-04	-4.84325445697814169748422825316e-2	6.10255945081400521257695753088e-3
8.580e-04	-4.84403890450678879456689220750e-2	6.13043519306280345420808178681e-3
8.590e-04	-4.84481485847453644091219380751e-2	6.15842391844737729088981339074e-3
8.600e-04	-4.84558227770816904881723745842e-2	6.18652648322037152024291463435e-3
8.610e-04	-4.84634139511908324543216532912e-2	6.21474028767809418862521086138e-3
8.620e-04	-4.84709190152396286225032927207e-2	6.24306957642119117303116932162e-3
8.630e-04	-4.84783403668606600012801670627e-2	6.27151166641275281696841133675e-3
8.640e-04	-4.84856748281132407209005931212e-2	6.30007092993564003592695224458e-3
8.650e-04	-4.84929219614657135743415406331e-2	6.32874828431237984402704622511e-3
8.660e-04	-4.85000842702276526425681279174e-2	6.35754091786617018315153471376e-3
8.670e-04	-4.85071584411888052733586847981e-2	6.38645340410143175812427245337e-3
8.680e-04	-4.85141455355184565686467050215e-2	6.41548477087091172981859001532e-3
8.690e-04	-4.85210451568793027994588045944e-2	6.44463590120796338933551206594e-3
8.700e-04	-4.85278569041887675882488012422e-2	6.47390769038720380379054160567e-3
8.710e-04	-4.85345787897168508781320385442e-2	6.50330306674620206174184862218e-3
8.720e-04	-4.85412135435513243427331873957e-2	6.53281894093234068079214261177e-3
8.730e-04	-4.85477575627899941004506366314e-2	6.56246031998353448819537017068e-3
8.740e-04	-4.85542103561995864603620532758e-2	6.59222824787815665499602321928e-3
8.750e-04	-4.85605747744697133690973823946e-2	6.62211948701377054679134724389e-3
8.760e-04	-4.85668470584540618552227141224e-2	6.65213927968179506044217141520e-3
8.770e-04	-4.85730301430227708263961536265e-2	6.68228428431083237858904883764e-3
8.780e-04	-4.85791201613118450735731736264e-2	6.71255990595287814519557465259e-3
8.790e-04	-4.85851183613416373796020938971e-2	6.74296498258127329033656211443e-3
8.800e-04	-4.85910224871217215845304259994e-2	6.77350287282082943132852598860e-3
8.810e-04	-4.85968356484185508804006575162e-2	6.80417001868115625278983811905e-3
8.820e-04	-4.86025537508227617693729180058e-2	6.83497217053829230873952765269e-3
8.830e-04	-4.86081781172362198895426200850e-2	6.86590809036054657657857755804e-3
8.840e-04	-4.86137082648222224216785369863e-2	6.89697887937860993656871039299e-3
8.850e-04	-4.86191417699204566435340505514e-2	6.92818816781682317733161696779e-3
8.860e-04	-4.86244819765514735856783391018e-2	6.95953210625850403628893908491e-3
8.870e-04	-4.86297244839607974902199300276e-2	6.99101691312716282637383770627e-3
8.880e-04	-4.86348707149141629254686783777e-2	7.02264124889356470308891649765e-3
8.890e-04	-4.86399201507079353641223263042e-2	7.05440630459362674592112825983e-3
8.900e-04	-4.86448722652418081938639167969e-2	7.08631329001361246872452744700e-3
8.910e-04	-4.86497244135992703088144264653e-2	7.11836619678384851543695302088e-3
8.920e-04	-4.86544781031713827561948544017e-2	7.15056359961125367889534297876e-3
8.930e-04	-4.86591327830885370127561363650e-2	7.18290676949608609404475164937e-3
8.940e-04	-4.86636878943350591904651164008e-2	7.21539699800524413414929953713e-3
8.950e-04	-4.86681428695573743648563398889e-2	7.24803559774347445275437735453e-3
8.960e-04	-4.86724948601187041186896561523e-2	7.28082689595020346629236993590e-3
8.970e-04	-4.86767477929651593495854106281e-2	7.31376631118347894476589703496e-3
8.980e-04	-4.86808964939297316633998221389e-2	7.34686125882521030446773633233e-3
8.990e-04	-4.86849426312757117357287306288e-2	7.38011015026681937686032517220e-3
9.000e-04	-4.86888855910826524806020155569e-2	7.41351441370734858532412758974e-3
9.010e-04	-4.86927223014163679525018872289e-2	7.44707874729233582041335505039e-3
9.020e-04	-4.86964569885503421796426227028e-2	7.48079819032964258581794394428e-3
9.030e-04	-4.87000840739193047478963722845e-2	7.51468079237373717318399064388e-3
9.040e-04	-4.87036053498802890330393396894e-2	7.54872483964120094326218645336e-3
9.050e-04	-4.87070201497199087287874969930e-2	7.58293189083513457590898374871e-3
9.060e-04	-4.87103251561104417751488130605e-2	7.61730705522231176722428473357e-3
9.070e-04	-4.87135249190367714910607017127e-2	7.65184495961506021920080432041e-3
9.080e-04	-4.87166134169977528622704022716e-2	7.68655435439226802562872320297e-3
9.090e-04	-4.87195925750259136025873745537e-2	7.72143339268714723419351142054e-3
9.100e-04	-4.87224616662925065017099785238e-2	7.75648378118297156728979818370e-3
9.110e-04	-4.87252199514009743429684513802e-2	7.79170725779800237301512758343e-3
9.120e-04	-4.87278666780524081350285564561e-2	7.82710559249477453315743708032e-3
9.130e-04	-4.87303981436497319344672383141e-2	7.86268454715848119343442757570e-3
9.140e-04	-4.87328164149218712365547528935e-2	7.89844213390774453386393019943e-3
9.150e-04	-4.87351206962799996621831252421e-2	7.93438022798176676962709547028e-3
9.160e-04	-4.87373101777015728548068927533e-2	7.97050074031714618383893137095e-3
9.170e-04	-4.87393840343307344676686769257e-2	8.00680561851037835498535622797e-3
9.180e-04	-4.87413414260644690813644728139e-2	8.04329684781411072969531910447e-3
9.190e-04	-4.87431782736856924474446875296e-2	8.07998083595448361215746365965e-3
9.200e-04	-4.87448968270387482959592217017e-2	8.11685541465376505151920869664e-3
9.210e-04	-4.87464961948222724476731474742e-2	8.15392269313371696792598866629e-3
9.220e-04	-4.87479754685889161950240813033e-2	8.19118482278496862332843147087e-3
9.230e-04	-4.87493337222468446078559938259e-2	8.22864399836214553397798254497e-3
9.240e-04	-4.87505700115425405842873040132e-2	8.26630245922312946341534325922e-3
9.250e-04	-4.87516798301985638797547323328e-2	8.30416735431412983660504728916e-3
9.260e-04	-4.87526656255299566450424918952e-2	8.34223632431020344358741934231e-3
9.270e-04	-4.87535263922382182674252661695e-2	8.38051175574171287573913541576e-3
9.280e-04	-4.87542611044836021267754123543e-2	8.41899608537735115843164372062e-3
9.290e-04	-4.87548687152562938748167774766e-2	8.45769180172499341487474500244e-3
9.300e-04	-4.87553481557227288504219345235e-2	8.49660144659105899806733606531e-3
9.310e-04	-4.87556944327103179924489953866e-2	8.53573302478370396513265144702e-3
9.320e-04	-4.87559141714726181391087729726e-2	8.57507847115319319101036296675e-3
9.330e-04	-4.87559983633841792912472267808e-2	8.61465141561711217678917883941e-3
9.340e-04	-4.87559497431955540263230992894e-2	8.65444922856274285505262596922e-3
9.350e-04	-4.87557629528786924591436495800e-2	8.69448056311429320491025438690e-3
9.360e-04	-4.87554450346395284453285871953e-2	8.73473680645177946877797088068e-3
9.370e-04	-4.87549906444080127383555317083e-2	8.77522663806461866351902451390e-3
9.380e-04	-4.87543941301578636461268831986e-2	8.81595923793975858168725408324e-3
9.390e-04	-4.87536584179249418256723412368e-2	8.85693180546243288241113414778e-3
9.400e-04	-4.87527821689025552873992016259e-2	8.89814753250610121777583382527e-3
9.410e-04	-4.87517640128885517129043588697e-2	8.93960968683729255453243095201e-3
9.420e-04	-4.87506025471995506884980433846e-2	8.98132161468443479022841195807e-3
9.430e-04	-4.87492963355365306193880267844e-2	9.02328674342047636806305050685e-3
9.440e-04	-4.87478390645118439339500821814e-2	9.06551545071406118042508633818e-3
9.450e-04	-4.87462388282427331890283969790e-2	9.10799773323788467411420280604e-3
9.460e-04	-4.87444843106937167551068808394e-2	9.15075114939413809191895467321e-3
9.470e-04	-4.87425787654618561971532276271e-2	9.19377262380079538003533024663e-3
9.480e-04	-4.87405205635273554248453383741e-2	9.23706604432801121960369596672e-3
9.490e-04	-4.87383027562987553506649744500e-2	9.28064295451933901219896184141e-3
9.500e-04	-4.87359340921258539700799933724e-2	9.32449248434403630215870794782e-3
9.510e-04	-4.87334076247850458730136546023e-2	9.36862624516934579580272732965e-3
9.520e-04	-4.87307159853736868205284419456e-2	9.41305656016744003564074207624e-3
9.530e-04	-4.87278626832609909171732315276e-2	9.45778016675074468099058877230e-3
9.540e-04	-4.87248458064171888419219517002e-2	9.50280162692934245788522908793e-3
9.550e-04	-4.87216633900207842664216251588e-2	9.54812562881654685916963819865e-3
9.560e-04	-4.87183134143350288303168719420e-2	9.59375699161097916648659483213e-3
9.570e-04	-4.87147938024733345292028333076e-2	9.63970067083686726837803261776e-3
9.580e-04	-4.87110962235026308180950750473e-2	9.68597079513332482584595690366e-3
9.590e-04	-4.87072307540750402704732067650e-2	9.73255473291160891522047863411e-3
9.600e-04	-4.87031826224839599362560419389e-2	9.77947614155480453575835794458e-3
9.610e-04	-4.86989556844942820870009054530e-2	9.82673156419543028391647076372e-3
9.620e-04	-4.86945475306908771662835809143e-2	9.87432674300910146881283843990e-3
9.630e-04	-4.86899556779277577073716376965e-2	9.92226759517251317580617115430e-3
9.640e-04	-4.86851775660568285563625350519e-2	9.97056022050496555985042347406e-3
9.650e-04	-4.86802105544675143340882277980e-2	1.00192109095481695032734342393e-2
9.660e-04	-4.86750447284337559688431666035e-2	1.00682368219963044402373689233e-2
9.670e-04	-4.86696915163659020182897018869e-2	1.01176235475179849050561961276e-2
9.680e-04	-4.86641334872707340252543890381e-2	1.01673995867504533890963411118e-2
9.690e-04	-4.86583748186508564949383974666e-2	1.02175614346697119344678227069e-2
9.700e-04	-4.86524123963556256678392789701e-2	1.02681164961109377523307196861e-2
9.710e-04	-4.86462429996118459246672086846e-2	1.03190724274292099672333319658e-2
9.720e-04	-4.86398632957486638461920397286e-2	1.03704371487707955564574469902e-2
9.730e-04	-4.86332698345816087464319584779e-2	1.04222188571318160709012131847e-2
9.740e-04	-4.86264590424284116005048154706e-2	1.04744260402672454076077927460e-2
9.750e-04	-4.86194186338974242803971717802e-2	1.05270805082714720629630287474e-2
9.760e-04	-4.86121617558391213431486049495e-2	1.05801656443646679072241430286e-2
9.770e-04	-4.86046670735466133274917554887e-2	1.06337172565190731259545928893e-2
9.780e-04	-4.85969390171396570975507867962e-2	1.06877321673577645092362260284e-2
9.790e-04	-4.85889825936432551397109457361e-2	1.07422063090564676956515473831e-2
9.800e-04	-4.85807748791812769524578291391e-2	1.07971785230580742013965341806e-2
9.810e-04	-4.85723203389160763935498606658e-2	1.08526458923916457501921056407e-2
9.820e-04	-4.85636141208030805191150508074e-2	1.09086198972337161963291824418e-2
9.830e-04	-4.85546410224914898673597138116e-2	1.09651282162359030348321477438e-2
9.840e-04	-4.85454158523203444937371737838e-2	1.10221522347407636672526582190e-2
9.850e-04	-4.85359231850816335904344750090e-2	1.10797202797769298019134403513e-2
9.860e-04	-4.85261464461341951318879528939e-2	1.11378628365961725447577160323e-2
9.870e-04	-4.85161010845863864154886676187e-2	1.11965605822713374101012028014e-2
9.880e-04	-4.85057588948630245199880834352e-2	1.12558626453480941029669736164e-2
9.890e-04	-4.84951241434736207280040496250e-2	1.13157675723642070593176095517e-2
9.900e-04	-4.84842018208223658939067608789e-2	1.13762727909824897763124166790e-2
9.910e-04	-4.84729612388548137107517195634e-2	1.14374323594350374995811596498e-2
9.920e-04	-4.84614064305113433837405083841e-2	1.14992457863071416610383158180e-2
9.930e-04	-4.84495294446915688955938780501e-2	1.15617317643249352889547746522e-2
9.940e-04	-4.84373219230745778548883974284e-2	1.16249099317459582210297662933e-2
9.950e-04	-4.84247750700282130828813374257e-2	1.16888009416084628759114430458e-2
9.960e-04	-4.84118796195903772053918263797e-2	1.17534265376874196514781226410e-2
9.970e-04	-4.83986257991658251799836969236e-2	1.18188096379714331306428669096e-2
9.980e-04	-4.83849888551036614706767070308e-2	1.18849978681474112168439682164e-2
9.990e-04	-4.83709863687759518547463675104e-2	1.19519705941917856655094172968e-2
1.000e-03	-4.83565927181212266579527461344e-2	1.20197776230945260058167597492e-2
1.001e-03	-4.83417956586289499648543134376e-2	1.20884475927562728588348015702e-2
1.002e-03	-4.83265661502571146492513567399e-2	1.21580373112876356448962563450e-2
1.003e-03	-4.83109220101013669821418987341e-2	1.22285270366562408794785105451e-2
1.004e-03	-4.82948159531800016582898784888e-2	1.23000048880259478201303463073e-2
1.005e-03	-4.82782656990164418724844087044e-2	1.23724521174763100054954902238e-2
1.006e-03	-4.82612379843919050514682174887e-2	1.24459350831701902515199371893e-2
1.007e-03	-4.82436963681940063875415956677e-2	1.25205266474124028655073563215e-2
1.008e-03	-4.82256579932620720745352591781e-2	1.25962106144794866404256271492e-2
1.009e-03	-4.82070842056886519756585557372e-2	1.26730651508776018957706979322e-2
1.010e-03	-4.81879324521628035496865159968e-2	1.27511765099952261354698681182e-2
1.011e-03	-4.81682185016974449173978264429e-2	1.28305329733394660979608916693e-2
1.012e-03	-4.81478966570534116268383404325e-2	1.29112282452700307622136241236e-2
1.013e-03	-4.81269386312191395904245255163e-2	1.29933278830568863359087152937e-2
1.014e-03	-4.81053136398446729064475698340e-2	1.30769031729406626642162295229e-2
1.015e-03	-4.80829880793566563182654116759e-2	1.31620318646771908115851765626e-2
1.016e-03	-4.80599251495605922943248998439e-2	1.32487990323958358647426149924e-2
1.017e-03	-4.80360844085464088173320271672e-2	1.33372980894434899149917590045e-2
1.018e-03	-4.80114212444188473170999053298e-2	1.34276319923588636272848236473e-2
1.019e-03	-4.79859139871917686947375015081e-2	1.35198654539257721033344186213e-2
1.020e-03	-4.79594533116220578929899111415e-2	1.36142212876579577915220481556e-2
1.021e-03	-4.79320345550137967026799726666e-2	1.37107398461507238851254303562e-2
1.022e-03	-4.79035611990920426898121565941e-2	1.38096285609051845291869561531e-2
1.023e-03	-4.78739555132173269744121282552e-2	1.39110660767155788649079288174e-2
1.024e-03	-4.78431634904576718229247473159e-2	1.40151926271167111391476886141e-2
1.025e-03	-4.78110528419305764208309471063e-2	1.41222963275365677276956527639e-2
1.026e-03	-4.77775071166578996732052143808e-2	1.42326441323868555832020418999e-2
1.027e-03	-4.77423906723470527680507748326e-2	1.43465466965337078966213518017e-2
1.028e-03	-4.77056286571513940553369893980e-2	1.44642105302737934976706073151e-2
1.029e-03	-4.76669117850115696264142668863e-2	1.45862914632023630804164927194e-2
1.030e-03	-4.76261000142084910334561833500e-2	1.47131447973944646836535861144e-2
1.031e-03	-4.75829242569699842077724806625e-2	1.48453861404911027073981246136e-2
1.032e-03	-4.75370497235006098391533993056e-2	1.49837804836724673263833683142e-2
1.033e-03	-4.74880509245408244770690048507e-2	1.51292988877854562916142910181e-2
1.034e-03	-4.74353729169870680954945724778e-2	1.52832063216461097903228446252e-2
1.035e-03	-4.73782682200058997671181384423e-2	1.54472045723630002646906451840e-2
1.036e-03	-4.73157679092738077036194159203e-2	1.56235186002585900494172909574e-2
1.037e-03	-4.72464412370991171828052990316e-2	1.58154228467308429934640426760e-2
1.038e-03	-4.71679055685152663370609947813e-2	1.60283285326087874477288544514e-2
1.039e-03	-4.70760457865958881250101205822e-2	1.62715920791917675251190902685e-2
1.040e-03	-4.69627142429776020170258192077e-2	1.65637944780864648126375814770e-2
1.041e-03	-4.68026698249359611499264809085e-2	1.69622643836256071530971869890e-2
