0.000e+00	-3.12500000000000000000000000000e-2	0
1.000e-06	-3.12440040313105942898182172855e-2	0
2.000e-06	-3.12380161224990952822184347354e-2	0
3.000e-06	-3.12320362694828026463786499847e-2	0
4.000e-06	-3.12260644682219008492658153171e-2	0
5.000e-06	-3.12201007147193624462151099610e-2	0
6.000e-06	-3.12141450050208530857055490135e-2	0
7.000e-06	-3.12081973352146382197591129640e-2	0
8.000e-06	-3.12022577014314915116058931954e-2	0
9.000e-06	-3.11963260998446049324605077333e-2	0
1.000e-05	-3.11904025266695005394561094057e-2	0
1.100e-05	-3.11844869781639439269817361234e-2	0
1.200e-05	-3.11785794506278593438665915364e-2	0
1.300e-05	-3.11726799404032464690511435502e-2	0
1.400e-05	-3.11667884438740988385797380401e-2	0
1.500e-05	-3.11609049574663239169427957490e-2	0
1.600e-05	-3.11550294776476648059887444552e-2	0
1.700e-05	-3.11491620009276235848156999069e-2	0
1.800e-05	-3.11433025238573862742444371660e-2	0
1.900e-05	-3.11374510430297494196591453579e-2	0
2.000e-05	-3.11316075550790482861914374799e-2	0
2.100e-05	-3.11257720566810866604087497865e-2	0
2.200e-05	-3.11199445445530682528518939998e-2	0
2.300e-05	-3.11141250154535296959527505425e-2	0
2.400e-05	-3.11083134661822751320377590074e-2	0
2.500e-05	-3.11025098935803123863163519834e-2	0
2.600e-05	-3.10967142945297907199278463774e-2	0
2.700e-05	-3.10909266659539401582940024695e-2	0
2.800e-05	-3.10851470048170123902149344235e-2	0
2.900e-05	-3.10793753081242232333171479879e-2	0
3.000e-05	-3.10736115729216966616419861392e-2	0
3.100e-05	-3.10678557962964103913341586840e-2	0
3.200e-05	-3.10621079753761430205777438328e-2	0
3.300e-05	-3.10563681073294227200913853617e-2	0
3.400e-05	-3.10506361893654774706703014726e-2	0
3.500e-05	-3.10449122187341868444456917212e-2	0
3.600e-05	-3.10391961927260353266928154329e-2	0
3.700e-05	-3.10334881086720671752002199158e-2	0
3.800e-05	-3.10277879639438428143909410903e-2	0
3.900e-05	-3.10220957559533967615487778668e-2	0
4.000e-05	-3.10164114821531970826606486218e-2	0
4.100e-05	-3.10107351400361063756111567968e-2	0
4.200e-05	-3.10050667271353442785698612979e-2	0
4.300e-05	-3.09994062410244515016184701529e-2	0
4.400e-05	-3.09937536793172553798602367224e-2	0
4.500e-05	-3.09881090396678369463423246632e-2	0
4.600e-05	-3.09824723197704995234176215171e-2	0
4.700e-05	-3.09768435173597388311956548760e-2	0
4.800e-05	-3.09712226302102146120575467116e-2	0
4.900e-05	-3.09656096561367237702278334315e-2	0
5.000e-05	-3.09600045929941750257185716991e-2	0
5.100e-05	-3.09544074386775650819762966152e-2	0
5.200e-05	-3.09488181911219563069008769288e-2	0
5.300e-05	-3.09432368483024559268940323796e-2	0
5.400e-05	-3.09376634082341967339626526830e-2	0
5.500e-05	-3.09320978689723193058771028181e-2	0
5.600e-05	-3.09265402286119557397333831405e-2	0
5.700e-05	-3.09209904852882148993132179270e-2	0
5.800e-05	-3.09154486371761691768590694825e-2	0
5.900e-05	-3.09099146824908427700983337482e-2	0
6.000e-05	-3.09043886194872014754034374500e-2	0
6.100e-05	-3.08988704464601439982954580481e-2	0
6.200e-05	-3.08933601617444947825710435962e-2	0
6.300e-05	-3.08878577637149983595206908351e-2	0
6.400e-05	-3.08823632507863152189603828556e-2	0
6.500e-05	-3.08768766214130192038639057461e-2	0
6.600e-05	-3.08713978740895964306245954705e-2	0
6.700e-05	-3.08659270073504457371864979081e-2	0
6.800e-05	-3.08604640197698806613754846863e-2	0
6.900e-05	-3.08550089099621329519921463910e-2	0
7.000e-05	-3.08495616765813576154404563821e-2	0
7.100e-05	-3.08441223183216395008134070828e-2	0
7.200e-05	-3.08386908339170014264764806130e-2	0
7.300e-05	-3.08332672221414138515014262864e-2	0
7.400e-05	-3.08278514818088060954490038496e-2	0
7.500e-05	-3.08224436117730791101346141128e-2	0
7.600e-05	-3.08170436109281198071306309152e-2	0
7.700e-05	-3.08116514782078169452401879498e-2	0
7.800e-05	-3.08062672125860785821050874541e-2	0
7.900e-05	-3.08008908130768510941700563588e-2	0
8.000e-05	-3.07955222787341397700171457727e-2	0
8.100e-05	-3.07901616086520309815354648144e-2	0
8.200e-05	-3.07848088019647159380964747423e-2	0
8.300e-05	-3.07794638578465160289430343310e-2	0
8.400e-05	-3.07741267755119097591724861940e-2	0
8.500e-05	-3.07687975542155612849354983053e-2	0
8.600e-05	-3.07634761932523505536690978389e-2	0
8.700e-05	-3.07581626919574050553785417508e-2	0
8.800e-05	-3.07528570497061331912349918750e-2	0
8.900e-05	-3.07475592659142592658951715320e-2	0
9.000e-05	-3.07422693400378601102012786079e-2	0
9.100e-05	-3.07369872715734033411412365309e-2	0
9.200e-05	-3.07317130600577872661511748723e-2	0
9.300e-05	-3.07264467050683824390504676850e-2	0
9.400e-05	-3.07211882062230748751442945860e-2	0
9.500e-05	-3.07159375631803109332564689661e-2	0
9.600e-05	-3.07106947756391438725261205836e-2	0
9.700e-05	-3.07054598433392820926240953129e-2	0
9.800e-05	-3.07002327660611390650843341328e-2	0
9.900e-05	-3.06950135436258849649565472206e-2	0
1.000e-04	-3.06898021758955000117069787561e-2	0
1.010e-04	-3.06845986627728295281850512112e-2	0
1.020e-04	-3.06794030042016407272330340083e-2	0
1.030e-04	-3.06742152001666812355576880182e-2	0
1.040e-04	-3.06690352506937393647302258263e-2	0
1.050e-04	-3.06638631558497061394338032555e-2	0
1.060e-04	-3.06586989157426390933520435183e-2	0
1.070e-04	-3.06535425305218278433446474949e-2	0
1.080e-04	-3.06483940003778614528150444818e-2	0
1.090e-04	-3.06432533255426975954386320954e-2	0
1.100e-04	-3.06381205062897335306970322860e-2	0
1.110e-04	-3.06329955429338789029360399512e-2	0
1.120e-04	-3.06278784358316303759352450439e-2	0
1.130e-04	-3.06227691853811481152613445489e-2	0
1.140e-04	-3.06176677920223341309640586692e-2	0
1.150e-04	-3.06125742562369124934623675038e-2	0
1.160e-04	-3.06074885785485114357608666316e-2	0
1.170e-04	-3.06024107595227473554339308637e-2	0
1.180e-04	-3.05973407997673107301220672988e-2	0
1.190e-04	-3.05922786999320539605967781045e-2	0
1.200e-04	-3.05872244607090811556784343035e-2	0
1.210e-04	-3.05821780828328398739519279982e-2	0
1.220e-04	-3.05771395670802148367762745241e-2	0
1.230e-04	-3.05721089142706236285753088146e-2	0
1.240e-04	-3.05670861252661143993425748946e-2	0
1.250e-04	-3.05620712009714655860501680511e-2	0
1.260e-04	-3.05570641423342876688314233690e-2	0
1.270e-04	-3.05520649503451269788218960368e-2	0
1.280e-04	-3.05470736260375715746729529316e-2	0
1.290e-04	-3.05420901704883592051483620844e-2	0
1.300e-04	-3.05371145848174873755824261641e-2	0
1.310e-04	-3.05321468701883255363523378576e-2	0
1.320e-04	-3.05271870278077294118988665647e-2	0
1.330e-04	-3.05222350589261574892172799690e-2	0
1.340e-04	-3.05172909648377896851353351914e-2	0
1.350e-04	-3.05123547468806482120972540660e-2	0
1.360e-04	-3.05074264064367206625820445684e-2	0
1.370e-04	-3.05025059449320853327015458094e-2	0
1.380e-04	-3.04975933638370388059483637352e-2	0
1.390e-04	-3.04926886646662258184966417690e-2	0
1.400e-04	-3.04877918489787714278995948176e-2	0
1.410e-04	-3.04829029183784155074771527981e-2	0
1.420e-04	-3.04780218745136495891451446433e-2	0
1.430e-04	-3.04731487190778560779044465323e-2	0
1.440e-04	-3.04682834538094498616846671308e-2	0
1.450e-04	-3.04634260804920223407225043743e-2	0
1.460e-04	-3.04585766009544879011501472152e-2	0
1.470e-04	-3.04537350170712328579742848680e-2	0
1.480e-04	-3.04489013307622668931417074243e-2	0
1.490e-04	-3.04440755439933770149134265102e-2	0
1.500e-04	-3.04392576587762840653060138096e-2	0
1.510e-04	-3.04344476771688018029067598483e-2	0
1.520e-04	-3.04296456012749985889286168031e-2	0
1.530e-04	-3.04248514332453617049420398543e-2	0
1.540e-04	-3.04200651752769643313041255744e-2	0
1.550e-04	-3.04152868296136352159012188529e-2	0
1.560e-04	-3.04105163985461310634297904019e-2	0
1.570e-04	-3.04057538844123116760622561071e-2	0
1.580e-04	-3.04009992895973178769799127150e-2	0
1.590e-04	-3.03962526165337522489047106602e-2	0
1.600e-04	-3.03915138677018627204255987044e-2	0
1.610e-04	-3.03867830456297290335940963557e-2	0
1.620e-04	-3.03820601528934521269580351952e-2	0
1.630e-04	-3.03773451921173464689125328935e-2	0
1.640e-04	-3.03726381659741353769737155673e-2	0
1.650e-04	-3.03679390771851493593239959536e-2	0
1.660e-04	-3.03632479285205275157383773582e-2	0
1.670e-04	-3.03585647227994220357798381787e-2	0
1.680e-04	-3.03538894628902058329489328045e-2	0
1.690e-04	-3.03492221517106833542889189328e-2	0
1.700e-04	-3.03445627922283046057836104321e-2	0
1.710e-04	-3.03399113874603824347414062197e-2	1.22974274700062625567977817103e-20
1.720e-04	-3.03352679404743131112362339263e-2	1.71392618916791173010633206551e-20
1.730e-04	-3.03306324543878002515751758863e-2	2.37922668740796370100503905863e-20
1.740e-04	-3.03260049323690821276840480399e-2	3.28984248688341175963653439354e-20
1.750e-04	-3.03213853776371624072469455650e-2	4.53147094867002025578949342520e-20
1.760e-04	-3.03167737934620443704045524571e-2	6.21808680665372798095565982872e-20
1.770e-04	-3.03121701831649686498096713710e-2	8.50072407630287586715603181371e-20
1.780e-04	-3.03075745501186545418578385939e-2	1.15788141176696545528762808896e-19
1.790e-04	-3.03029868977475449379569606872e-2	1.57147735983060491874460993565e-19
1.800e-04	-3.02984072295280549257736002481e-2	2.12527105520859924103193086747e-19
1.810e-04	-3.02938355489888241114958494657e-2	2.86423315035664310946046536584e-19
1.820e-04	-3.02892718597109727152847101441e-2	3.84693961851943467166861003387e-19
1.830e-04	-3.02847161653283614932486464100e-2	5.14943887997694522071395438137e-19
1.840e-04	-3.02801684695278555404706432283e-2	6.87014679767715432619752189313e-19
1.850e-04	-3.02756287760495920308448982382e-2	9.13602356543899242770946937101e-19
1.860e-04	-3.02710970886872519507424636439e-2	1.21103444635724016194223977004e-18
1.870e-04	-3.02665734112883358848230691588e-2	1.60024465031161463635770787725e-18
1.880e-04	-3.02620577477544439136453927617e-2	2.10799173927882332815645781690e-18
1.890e-04	-3.02575501020415596841016694820e-2	2.76837947113969971275152764537e-18
1.900e-04	-3.02530504781603387151162798310e-2	3.62474647368827826957471598590e-18
1.910e-04	-3.02485588801764010025034563220e-2	4.73200956784661074457623610315e-18
1.920e-04	-3.02440753122106279883781883751e-2	6.15956132168735978287857243740e-18
1.930e-04	-3.02395997784394639620585780139e-2	7.99484321103420496870739959418e-18
1.940e-04	-3.02351322830952219609891767907e-2	1.03477401660115851622619480142e-17
1.950e-04	-3.02306728304663942418551883708e-2	1.33559711441806848839160651029e-17
1.960e-04	-3.02262214248979673937489205233e-2	1.71916844091562046955000311817e-17
1.970e-04	-3.02217780707917421669946875040e-2	2.20695062492795697394229723326e-17
1.980e-04	-3.02173427726066580930387799326e-2	2.82563388799370245751405361710e-17
1.990e-04	-3.02129155348591229726695275652e-2	3.60832583160450212691283900953e-17
2.000e-04	-3.02084963621233473117513912844e-2	4.59599273017601423149488431672e-17
2.010e-04	-3.02040852590316837856390659772e-2	5.83920133048897874093337516209e-17
2.020e-04	-3.01996822302749718154855132615e-2	7.40021887085025216946763364906e-17
2.030e-04	-3.01952872806028873417745593687e-2	9.35553913792833648240025910407e-17
2.040e-04	-3.01909004148242978825972098171e-2	1.17989140777068817372445809090e-16
2.050e-04	-3.01865216378076229664543066912e-2	1.48449839823504283139087537095e-16
2.060e-04	-3.01821509544812000317098848875e-2	1.86336148441659027149025068400e-16
2.070e-04	-3.01777883698336558872430122598e-2	2.33350693661403822210191748155e-16
2.080e-04	-3.01734338889142838313546125924e-2	2.91561586572364785291444867167e-16
2.090e-04	-3.01690875168334265285835046858e-2	3.63475451655147773451428385039e-16
2.100e-04	-3.01647492587628647467765292266e-2	4.52123942706172799785224994312e-16
2.110e-04	-3.01604191199362120595452105867e-2	5.61166026180747340079953813195e-16
2.120e-04	-3.01560971056493156221300953528e-2	6.95008661592502465332735029889e-16
2.130e-04	-3.01517832212606631316880534422e-2	8.58948904926224494043049910553e-16
2.140e-04	-3.01474774721917960861218972067e-2	1.05934091026680991340390211157e-15
2.150e-04	-3.01431798639277294587902882101e-2	1.30379181338914249416103252189e-15
2.160e-04	-3.01388904020173779097738181428e-2	1.60139105503918756872840641275e-15
2.170e-04	-3.01346090920739886578352609476e-2	1.96297834921723496548328643525e-15
2.180e-04	-3.01303359397755811408033155082e-2	2.40145623009010284869445198808e-15
2.190e-04	-3.01260709508653935958348284708e-2	2.93215392927974802455048982639e-15
2.200e-04	-3.01218141311523366948757502563e-2	3.57325025317036795370748298605e-15
2.210e-04	-3.01175654865114543746512766514e-2	4.34626415592441509886983737963e-15
2.220e-04	-3.01133250228843920046761910732e-2	5.27662285207153870391069297724e-15
2.230e-04	-3.01090927462798720410928459539e-2	6.39431859178452347246811501618e-15
2.240e-04	-3.01048686627741773186220562958e-2	7.73466664725748649422158091163e-15
2.250e-04	-3.01006527785116421375570097975e-2	9.33917864231079838541582163154e-15
2.260e-04	-3.00964450997051513075477256600e-2	1.12565671169844724753098312299e-14
2.270e-04	-3.00922456326366473149192094607e-2	1.35438991645912080943226853078e-14
2.280e-04	-3.00880543836576457854458123610e-2	1.62679191363636128488317318347e-14
2.290e-04	-3.00838713591897594198729069597e-2	1.95065627876335172708163534888e-14
2.300e-04	-3.00796965657252305850402475782e-2	2.33506878651944711932074658308e-14
2.310e-04	-3.00755300098274727492245764164e-2	2.79060490241353022415515877877e-14
2.320e-04	-3.00713716981316209562873007912e-2	3.32955481445282915981021660658e-14
2.330e-04	-3.00672216373450915393913409931e-2	3.96617945982743748096504394141e-14
2.340e-04	-3.00630798342481512814442434926e-2	4.71700138475209235435857024033e-14
2.350e-04	-3.00589462956944962360368099788e-2	5.60113469350277254250516885871e-14
2.360e-04	-3.00548210286118404294819340131e-2	6.64065880010338179012771607514e-14
2.370e-04	-3.00507040400025146716208294474e-2	7.86104119513773779205533913953e-14
2.380e-04	-3.00465953369440757103567358054e-2	9.29161498340161758183301353516e-14
2.390e-04	-3.00424949265899259724023956170e-2	1.09661175412995726900660289584e-13
2.400e-04	-3.00384028161699441404895074224e-2	1.29232972832596781592151945841e-13
2.410e-04	-3.00343190129911268252877922270e-2	1.52075962267392392150157724870e-13
2.420e-04	-3.00302435244382415985194769816e-2	1.78699167998348445282812800523e-13
2.430e-04	-3.00261763579744916622324249998e-2	2.09684821542377803752528850401e-13
2.440e-04	-3.00221175211421924379116217559e-2	2.45698001304344894094950973801e-13
2.450e-04	-3.00180670215634603680632490374e-2	2.87497419764118100902824641187e-13
2.460e-04	-3.00140248669409142320962844444e-2	3.35947479498152431502633640566e-13
2.470e-04	-3.00099910650583892877506571278e-2	3.92031730408710186689811860186e-13
2.480e-04	-3.00059656237816645589746968625e-2	4.56867872438992106986348013817e-13
2.490e-04	-3.00019485510592036010331026061e-2	5.31724460835247111979552677016e-13
2.500e-04	-2.99979398549229090837239807491e-2	6.18039484724678822904412532855e-13
2.510e-04	-2.99939395434888915438925321165e-2	7.17441004459158134033837409008e-13
2.520e-04	-2.99899476249582526689413207897e-2	8.31770048878954790724085726710e-13
2.530e-04	-2.99859641076178834837430446102e-2	9.63105990428486539272559761451e-13
2.540e-04	-2.99819889998412778242502752855e-2	1.11379463395892214899596221406e-12
2.550e-04	-2.99780223100893614921552335372e-2	1.28647927413262921134714479342e-12
2.560e-04	-2.99740640469113374961672952563e-2	1.48413499665487232714905622368e-12
2.570e-04	-2.99701142189455477968310070629e-2	1.71010652015233802395803700710e-12
2.580e-04	-2.99661728349203519832857207520e-2	1.96814989844990256089434926001e-12
2.590e-04	-2.99622399036550233219506515577e-2	2.26247842732075259526767503811e-12
2.600e-04	-2.99583154340606626287856081148e-2	2.59781312555481831191022316415e-12
2.610e-04	-2.99543994351411304285054279741e-2	2.97943818746073824230549073460e-12
2.620e-04	-2.99504919159939978758910464785e-2	3.41326183274127726215868466696e-12
2.630e-04	-2.99465928858115169261160209154e-2	3.90588301011489211056380124725e-12
2.640e-04	-2.99427023538816102527661793960e-2	4.46466444315001344092085892610e-12
2.650e-04	-2.99388203295888814239419054214e-2	5.09781254058582353658579473823e-12
2.660e-04	-2.99349468224156458584654053237e-2	5.81446472898508151855135982417e-12
2.670e-04	-2.99310818419429830957351691198e-2	6.62478480295088655882239552749e-12
2.680e-04	-2.99272253978518109241407223543e-2	7.54006692738872956695114469205e-12
2.690e-04	-2.99233774999239819241345509008e-2	8.57284896745464060574706384378e-12
2.700e-04	-2.99195381580434029930147309710e-2	9.73703586494465052626347105643e-12
2.710e-04	-2.99157073821971784291589966295e-2	1.10480338249929468447059138101e-11
2.720e-04	-2.99118851824767771638246039408e-2	1.25228961240964000800534345136e-11
2.730e-04	-2.99080715690792247386419288724e-2	1.41804813997092867016261593742e-11
2.740e-04	-2.99042665523083206365351526762e-2	1.60416253329888337637845367659e-11
2.750e-04	-2.99004701425758815829499166476e-2	1.81293266897512686094769304964e-11
2.760e-04	-2.98966823504030114429035970730e-2	2.04689487403475356073169062592e-11
2.770e-04	-2.98929031864213983474440039297e-2	2.30884371370121869539427159054e-11
2.780e-04	-2.98891326613746396905511533325e-2	2.60185553872986301168846761667e-11
2.790e-04	-2.98853707861195956442859212908e-2	2.92931391245051358835600439158e-11
2.800e-04	-2.98816175716277718460188628742e-2	3.29493704405304783019984331584e-11
2.810e-04	-2.98778730289867319168015836925e-2	3.70280736133827111129810398319e-11
2.820e-04	-2.98741371694015404743067854051e-2	4.15740336306012628786439910619e-11
2.830e-04	-2.98704100041962373071990111953e-2	4.66363389811378315509467440542e-11
2.840e-04	-2.98666915448153433802379037066e-2	5.22687502617665003451412491745e-11
2.850e-04	-2.98629818028253993407925050554e-2	5.85300962198432966317630285197e-11
2.860e-04	-2.98592807899165371976907153708e-2	6.54846989321892420493311945110e-11
2.870e-04	-2.98555885179040858423713033725e-2	7.32028299000016786843522528445e-11
2.880e-04	-2.98519049987302110800748469531e-2	8.17611989219726735246791972179e-11
2.890e-04	-2.98482302444655908352373858060e-2	9.12434776921702395031391180564e-11
2.900e-04	-2.98445642673111261902551721261e-2	1.01740860156686972005830630548e-10
2.910e-04	-2.98409070795996889103080514236e-2	1.13352661744492908643888263313e-10
2.920e-04	-2.98372586937979060988783724657e-2	1.26186959698980615623589516255e-10
2.930e-04	-2.98336191225079826189133261751e-2	1.40361276794996330963519238186e-10
2.940e-04	-2.98299883784695619031836856558e-2	1.56003310853615881022604045884e-10
2.950e-04	-2.98263664745616257641937963966e-2	1.73251712542907510246885501183e-10
2.960e-04	-2.98227534238044337989556761699e-2	1.92256914056775994482771257341e-10
2.970e-04	-2.98191492393615029669505781348e-2	2.13182011361943776201477676893e-10
2.980e-04	-2.98155539345416279006049528723e-2	2.36203702803406406953945181957e-10
2.990e-04	-2.98119675228009424865429455153e-2	2.61513286960269964554192577584e-10
3.000e-04	-2.98083900177450232326339067855e-2	2.89317722746611833400393341467e-10
3.010e-04	-2.98048214331310349104259408794e-2	3.19840754855769410857450876434e-10
3.020e-04	-2.98012617828699189348006935334e-2	3.53324107751111672360175448008e-10
3.030e-04	-2.97977110810286249125777251732e-2	3.90028751511735397819626730226e-10
3.040e-04	-2.97941693418323857593253540574e-2	4.30236242947492138257960733919e-10
3.050e-04	-2.97906365796670367485341929039e-2	4.74250145504126237565099487221e-10
3.060e-04	-2.97871128090813788198763031790e-2	5.22397531585912577672321649026e-10
3.070e-04	-2.97835980447895864329555595915e-2	5.75030571029841173151110466190e-10
3.080e-04	-2.97800923016736602103180661279e-2	6.32528209571911997388656323596e-10
3.090e-04	-2.97765955947859245676886331812e-2	6.95297941252277234250769827059e-10
3.100e-04	-2.97731079393515704814370548443e-2	7.63777678811591176895305354238e-10
3.110e-04	-2.97696293507712434917466648856e-2	8.38437726235784295011827917387e-10
3.120e-04	-2.97661598446236769863091937407e-2	9.19782857710343790267367037437e-10
3.130e-04	-2.97626994366683707523591313207e-2	1.00835450734782724733194125304e-9
3.140e-04	-2.97592481428483147249302325256e-2	1.10473307415352041070791851637e-9
3.150e-04	-2.97558059792927577967546757775e-2	1.20954034679362936488712217200e-9
3.160e-04	-2.97523729623200214889488583179e-2	1.32344205282791948971323721124e-9
3.170e-04	-2.97489491084403582134442628033e-2	1.44715053716401992966233365962e-9
3.180e-04	-2.97455344343588537859323177233e-2	1.58142757458343838405030807237e-9
3.190e-04	-2.97421289569783737729410465061e-2	1.72708732127940622570587845665e-9
3.200e-04	-2.97387326934025531796147039043e-2	1.88499941043372222591653867071e-9
3.210e-04	-2.97353456609388289028284283241e-2	2.05609219694350337571415552884e-9
3.220e-04	-2.97319678771015142908615648912e-2	2.24135615648889731439330304315e-9
3.230e-04	-2.97285993596149150631634836688e-2	2.44184744420907234136851930341e-9
3.240e-04	-2.97252401264164857547036988469e-2	2.65869161832588335004892341957e-9
3.250e-04	-2.97218901956600257544611122402e-2	2.89308753412221731543455839301e-9
3.260e-04	-2.97185495857189139138191354348e-2	3.14631141374484879018408207342e-9
3.270e-04	-2.97152183151893805988670684785e-2	3.41972109735938045879330373949e-9
3.280e-04	-2.97118964028938159607865070475e-2	3.71476048123719974129513717155e-9
3.290e-04	-2.97085838678841130934476160133e-2	4.03296414840104189619476851383e-9
3.300e-04	-2.97052807294450446359418142462e-2	4.37596219749640378351597889933e-9
3.310e-04	-2.97019870070976712751263513042e-2	4.74548527559039009992263497899e-9
3.320e-04	-2.96987027206027804801517028066e-2	5.14336982062728571409214457525e-9
3.330e-04	-2.96954278899643536933473621041e-2	5.57156351929092302211009369999e-9
3.340e-04	-2.96921625354330600789665084032e-2	6.03213098603744334084193349146e-9
3.350e-04	-2.96889066775097748124070014357e-2	6.52725966906802804118204962274e-9
3.360e-04	-2.96856603369491197649595581001e-2	7.05926598900929267139131569762e-9
3.370e-04	-2.96824235347630243263772952847e-2	7.63060171605899181975603450575e-9
3.380e-04	-2.96791962922243039556502523919e-2	8.24386059133617451914109850225e-9
3.390e-04	-2.96759786308702539517093770733e-2	8.90178519814766107837563686154e-9
3.400e-04	-2.96727705725062557726626755810e-2	9.60727408884639204483653461197e-9
3.410e-04	-2.96695721392093931284573742798e-2	1.03633891729115384142920902242e-8
3.420e-04	-2.96663833533320749049967104366e-2	1.11733633718249793993751954484e-8
3.430e-04	-2.96632042375056618749992203929e-2	1.20406085462535710828769077018e-8
3.440e-04	-2.96600348146440939866817375540e-2	1.29687237009712791972441961572e-8
3.450e-04	-2.96568751079475148744372974166e-2	1.39615034728694681542932340050e-8
3.460e-04	-2.96537251409058901507674864425e-2	1.50229469073071702115053124880e-8
3.470e-04	-2.96505849373026158259429371913e-2	1.61572665279457624322332133064e-8
3.480e-04	-2.96474545212181130756394255788e-2	1.73688977050939126234103185149e-8
3.490e-04	-2.96443339170334055138062631368e-2	1.86625083274586909300545692890e-8
3.500e-04	-2.96412231494336748435659330584e-2	2.00430087820571741031374458845e-8
3.510e-04	-2.96381222434117907430168504225e-2	2.15155622468894729919088548056e-8
3.520e-04	-2.96350312242718106293477089622e-2	2.30855953008087110201882099283e-8
3.530e-04	-2.96319501176324448234900123496e-2	2.47588088548458810134297070483e-8
3.540e-04	-2.96288789494304824915481158386e-2	2.65411894090575441661994222950e-8
3.550e-04	-2.96258177459241735969825218898e-2	2.84390206387618514420538986134e-8
3.560e-04	-2.96227665336965619685871531955e-2	3.04588953138132218659013682935e-8
3.570e-04	-2.96197253396587643633615438871e-2	3.26077275543380832427457036015e-8
3.580e-04	-2.96166941910531905322841268787e-2	3.48927654261132310773875993608e-8
3.590e-04	-2.96136731154566986550101427685e-2	3.73216038785145596559237762264e-8
3.600e-04	-2.96106621407836809996930130627e-2	3.99021980276969759443750898178e-8
3.610e-04	-2.96076612952890740335127302308e-2	4.26428767873862902820958485627e-8
3.620e-04	-2.96046706075712872207735030017e-2	4.55523568493706437508540680992e-8
3.630e-04	-2.96016901065750448900257632624e-2	4.86397570154725716479740765002e-8
3.640e-04	-2.95987198215941348359430589072e-2	5.19146128824631937921944889353e-8
3.650e-04	-2.95957597822740579316164312695e-2	5.53868918810471034243735243386e-8
3.660e-04	-2.95928100186145722884676005247e-2	5.90670086697005419919140506155e-8
3.670e-04	-2.95898705609721255859485911935e-2	6.29658408837862803468747810657e-8
3.680e-04	-2.95869414400621692612292050594e-2	6.70947452399964050536246270639e-8
3.690e-04	-2.95840226869613480751040645757e-2	7.14655739957890542221132864114e-8
3.700e-04	-2.95811143331095582829646530557e-2	7.60906917630871764372087861883e-8
3.710e-04	-2.95782164103118671062065006817e-2	8.09829926750967691331069509453e-8
3.720e-04	-2.95753289507402880678993715771e-2	8.61559179046785684494398943133e-8
3.730e-04	-2.95724519869354034880824029784e-2	9.16234735322720202185488365858e-8
3.740e-04	-2.95695855518078288474819799393e-2	9.74002487609221805715335539540e-8
3.750e-04	-2.95667296786395097923657257961e-2	1.03501434475501174634443683795e-7
3.760e-04	-2.95638844010848473796883565412e-2	1.09942842142743819877181011435e-7
3.770e-04	-2.95610497531716415536158941427e-2	1.16740923048235339834842056551e-7
3.780e-04	-2.95582257693018473380500751007e-2	1.23912787865994708812937522844e-7
3.790e-04	-2.95554124842521357212022164610e-2	1.31476226555793241228139129544e-7
3.800e-04	-2.95526099331742516909480208300e-2	1.39449728582833299878086473942e-7
3.810e-04	-2.95498181515951634511997214358e-2	1.47852503453886979428082719510e-7
3.820e-04	-2.95470371754169917529947153038e-2	1.56704501563461696780812370979e-7
3.830e-04	-2.95442670409167165555133711040e-2	1.66026435343014410638721034858e-7
3.840e-04	-2.95415077847456500512668480072e-2	1.75839800705686296695475850552e-7
3.850e-04	-2.95387594439286699060879898087e-2	1.86166898778468635856833435115e-7
3.860e-04	-2.95360220558632049861681841739e-2	1.97030857913143534761299598302e-7
3.870e-04	-2.95332956583179660792723356498e-2	2.08455655966768525260019458518e-7
3.880e-04	-2.95305802894314147541931355714e-2	2.20466142841892908428076755268e-7
3.890e-04	-2.95278759877099599839206156723e-2	2.33088063276108274527269787930e-7
3.900e-04	-2.95251827920258807395876655834e-2	2.46348079869940588984389207590e-7
3.910e-04	-2.95225007416149618410137112174e-2	2.60273796341498756426343593854e-7
3.920e-04	-2.95198298760738383457161525595e-2	2.74893780995691573961982417189e-7
3.930e-04	-2.95171702353570418222681851101e-2	2.90237590395222261729663428586e-7
3.940e-04	-2.95145218597737363235968456458e-2	3.06335793219966988201957110145e-7
3.950e-04	-2.95118847899841479810835184922e-2	3.23219994300729009983490265985e-7
3.960e-04	-2.95092590669956657802867298787e-2	3.40922858812765172658607405672e-7
3.970e-04	-2.95066447321586230810366877253e-2	3.59478136613857972652427529165e-7
3.980e-04	-2.95040418271617426540879661194e-2	3.78920686711113148144512088315e-7
3.990e-04	-2.95014503940272356246811619692e-2	3.99286501840055473655981379695e-7
4.000e-04	-2.94988704751055654055431411395e-2	4.20612733138979943547985632938e-7
4.010e-04	-2.94963021130698441622811230884e-2	4.42937714900945050976264034952e-7
4.020e-04	-2.94937453509098860671244978514e-2	4.66300989385164709005633883883e-7
4.030e-04	-2.94912002319258778101895250743e-2	4.90743331669011221708934921114e-7
4.040e-04	-2.94886667997216978839932480366e-2	5.16306774521210109291961146588e-7
4.050e-04	-2.94861450981978379349690641935e-2	5.43034633276293371929184361679e-7
4.060e-04	-2.94836351715439664522270518213e-2	5.70971530689745009452322192637e-7
4.070e-04	-2.94811370642310837882721566493e-2	6.00163421752793312492529805107e-7
4.080e-04	-2.94786508210032932975739157091e-2	6.30657618445198875352488348866e-7
4.090e-04	-2.94761764868691919344009665194e-2	6.62502814403869018610421416686e-7
4.100e-04	-2.94737141070928341704290587502e-2	6.95749109484664458526988932502e-7
4.110e-04	-2.94712637271843018116339466931e-2	7.30448034194183812560031280888e-7
4.120e-04	-2.94688253928898935232042958575e-2	7.66652573967832392539806709172e-7
4.130e-04	-2.94663991501818247663709409803e-2	8.04417193270163512109157377576e-7
4.140e-04	-2.94639850452476425499843253804e-2	8.43797859492646548132484510331e-7
4.150e-04	-2.94615831244790651656454651784e-2	8.84852066624192068157697693918e-7
4.160e-04	-2.94591934344605554329305029214e-2	9.27638858668594010235698452246e-7
4.170e-04	-2.94568160219573266838968907416e-2	9.72218852783454839607606171617e-7
4.180e-04	-2.94544509339030647374154051654e-2	1.01865426211398958246903242871e-6
4.190e-04	-2.94520982173871050987503882415e-2	1.06700891829553534600730995392e-6
4.200e-04	-2.94497579196412990928453488797e-2	1.11734829359753370126115503484e-6
4.210e-04	-2.94474300880262956937425302426e-2	1.16973952268226881108347562447e-6
4.220e-04	-2.94451147700176057697049273137e-2	1.22425142395029542364351899770e-6
4.230e-04	-2.94428120131909986184995717808e-2	1.28095452044568290009471316198e-6
4.240e-04	-2.94405218652077141547245157165e-2	1.33992106029230408542307103016e-6
4.250e-04	-2.94382443737990899356052806176e-2	1.40122503663385222732772410277e-6
4.260e-04	-2.94359795867507329353457642078e-2	1.46494220704917663793813633507e-6
4.270e-04	-2.94337275518864779425294753809e-2	1.53115011241405580373174871391e-6
4.280e-04	-2.94314883170517050646679470676e-2	1.59992809518194337738079423796e-6
4.290e-04	-2.94292619300963819533041015963e-2	1.67135731705443638969427229051e-6
4.300e-04	-2.94270484388575088750528281790e-2	1.74552077601379429936675459469e-6
4.310e-04	-2.94248478911414722156451951266e-2	1.82250332268778388707279735967e-6
4.320e-04	-2.94226603347057216322224056961e-2	1.90239167601998149975178492598e-6
4.330e-04	-2.94204858172399909100724720947e-2	1.98527443821681683168956245182e-6
4.340e-04	-2.94183243863475536751151906294e-2	2.07124210894172372322545283086e-6
4.350e-04	-2.94161760895254921619893575928e-2	2.16038709873152655139707637735e-6
4.360e-04	-2.94140409741450570822658545673e-2	2.25280374160414159022695888068e-6
4.370e-04	-2.94119190874314335908036916910e-2	2.34858830683221944557270966439e-6
4.380e-04	-2.94098104764431791726904974897e-2	2.44783900985481210058993981111e-6
4.390e-04	-2.94077151880512984915725039756e-2	2.55065602230040012212279588290e-6
4.400e-04	-2.94056332689180452725275992588e-2	2.65714148109454711397448988666e-6
4.410e-04	-2.94035647654749746728036333841e-2	2.76739949662818902406463571995e-6
4.420e-04	-2.94015097239015476470611394999e-2	2.88153615995583242031135301673e-6
4.430e-04	-2.93994681901023622863400649145e-2	2.99965954900654602684645307779e-6
4.440e-04	-2.93974402096844713049122039292e-2	3.12187973377768646706296254717e-6
4.450e-04	-2.93954258279351045941199370074e-2	3.24830878048560037964442450511e-6
4.460e-04	-2.93934250897977196304303779094e-2	3.37906075465997304367222879912e-6
4.470e-04	-2.93914380398489283130683160243e-2	3.51425172314768860720233769772e-6
4.480e-04	-2.93894647222747763675777166251e-2	3.65399975501148410706408794826e-6
4.490e-04	-2.93875051808462779428379439106e-2	3.79842492130363272796720520520e-6
4.500e-04	-2.93855594588955520551872977877e-2	3.94764929368739637570910420965e-6
4.510e-04	-2.93836275992911798370105645139e-2	4.10179694189442364314241583545e-6
4.520e-04	-2.93817096444136800725687967025e-2	4.26099392999499929333096920197e-6
4.530e-04	-2.93798056361302052780173500279e-2	4.42536831146935303365485156333e-6
4.540e-04	-2.93779156157690983680664659675e-2	4.59505012306037341896687309576e-6
4.550e-04	-2.93760396240959558682456243585e-2	4.77017137738085380622847423287e-6
4.560e-04	-2.93741777012868601230238771736e-2	4.95086605429017833757634933616e-6
4.570e-04	-2.93723298869028840718978768562e-2	5.13727009100091962177428037707e-6
4.580e-04	-2.93704962198648826420956824761e-2	5.32952137090888756159177407493e-6
4.590e-04	-2.93686767384277451061618503281e-2	5.52775971114197009600368021450e-6
4.600e-04	-2.93668714801534627397880784993e-2	5.73212684882463077837892073636e-6
4.610e-04	-2.93650804818860409865961684977e-2	5.94276642602573236071158182372e-6
4.620e-04	-2.93633037797255401802499985345e-2	6.15982397340357010727158561047e-6
4.630e-04	-2.93615414090011847970071089446e-2	6.38344689254480368032310646383e-6
4.640e-04	-2.93597934042450641143820366014e-2	6.61378443698042297276768270763e-6
4.650e-04	-2.93580597991673732674082514769e-2	6.85098769186529261990287134881e-6
4.660e-04	-2.93563406266283638136966542849e-2	7.09520955236619465634055378368e-6
4.670e-04	-2.93546359186136595257180435564e-2	7.34660470069522089471159064657e-6
4.680e-04	-2.93529457062090198178655489368e-2	7.60532958182534936090072617440e-6
4.690e-04	-2.93512700195699587532498928541e-2	7.87154237794466165765735092384e-6
4.700e-04	-2.93496088879020727874418176309e-2	8.14540298148101058479853380154e-6
4.710e-04	-2.93479623394308986986386252359e-2	8.42707296693236239933622052486e-6
4.720e-04	-2.93463304013774428044456479497e-2	8.71671556133606517976298134550e-6
4.730e-04	-2.93447130999317510445923296379e-2	9.01449561346991187081742916573e-6
4.740e-04	-2.93431104602291632262269906370e-2	9.32057956173952561708941810865e-6
4.750e-04	-2.93415225063254212877566104182e-2	9.63513540080952739843437202450e-6
4.760e-04	-2.93399492611698493930963357516e-2	9.95833264700680879491252281597e-6
4.770e-04	-2.93383907465802829030434587842e-2	1.02903423024638614682073847746e-5
4.780e-04	-2.93368469832231566822534678375e-2	1.06313368179631022784790416461e-5
4.790e-04	-2.93353179905798414503576585689e-2	1.09814900547778073321500012910e-5
4.800e-04	-2.93338037869361539103438084582e-2	1.13409772449845696750592403299e-5
4.810e-04	-2.93323043893447636248967512396e-2	1.17099749510208179551009053200e-5
4.820e-04	-2.93308198136107995329395958275e-2	1.20886610237488032952970556742e-5
4.830e-04	-2.93293500742697763482392494300e-2	1.24772145595116398038017379001e-5
4.840e-04	-2.93278951845551828016007313578e-2	1.28758158562816085576826212002e-5
4.850e-04	-2.93264551563856145470654311146e-2	1.32846463684139971010546248488e-5
4.860e-04	-2.93250300003440036841730610653e-2	1.37038886604874712379277180358e-5
4.870e-04	-2.93236197256444140953931872691e-2	1.41337263603792582523639417476e-5
4.880e-04	-2.93222243401246374376351014441e-2	1.45743441108856322347781642027e-5
4.890e-04	-2.93208438502178243236397868446e-2	1.50259275207905644557178121140e-5
4.900e-04	-2.93194782609317212071722333587e-2	1.54886631148914941871620473222e-5
4.910e-04	-2.93181275758365514121050406778e-2	1.59627382829661233959784264786e-5
4.920e-04	-2.93167917970387178464886091726e-2	1.64483412281959261214178612614e-5
4.930e-04	-2.93154709251645239465962493805e-2	1.69456609145850908345553141650e-5
4.940e-04	-2.93141649593388316874462347928e-2	1.74548870137316178258352717867e-5
4.950e-04	-2.93128738971805041064666813571e-2	1.79762098504799543957192403066e-5
4.960e-04	-2.93115977347626265594150920240e-2	1.85098203487281843296348281735e-5
4.970e-04	-2.93103364666154415922826281820e-2	1.90559099755849080708803137137e-5
4.980e-04	-2.93090900857126199029838687629e-2	1.96146706852941704441007801310e-5
4.990e-04	-2.93078585834366172235526390951e-2	2.01862948631672367535576508626e-5
5.000e-04	-2.93066419495744403019157065851e-2	2.07709752682380528611549871686e-5
5.010e-04	-2.93054401723133549426300315919e-2	2.13689049754128673098114660797e-5
5.020e-04	-2.93042532382147370777569007354e-2	2.19802773178015957949419724636e-5
5.030e-04	-2.93030811322055495377078093181e-2	2.26052858282010504975026129046e-5
5.040e-04	-2.93019238375605860116934836413e-2	2.32441241805197687321205092511e-5
5.050e-04	-2.93007813359138661035355228242e-2	2.38969861300241298373260006417e-5
5.060e-04	-2.92996536072079489821195281581e-2	2.45640654552680296983250571085e-5
5.070e-04	-2.92985406297314027405183154153e-2	2.52455558970853110045267719280e-5
5.080e-04	-2.92974423800594617573737716076e-2	2.59416511005307243208275273131e-5
5.090e-04	-2.92963588330907584240672718233e-2	2.66525445536089955558627733467e-5
5.100e-04	-2.92952899620134424230825836604e-2	2.73784295282760473765158659343e-5
5.110e-04	-2.92942357383044452965738500327e-2	2.81194990203601650219217448737e-5
5.120e-04	-2.92931961317230421566485477911e-2	2.88759456897227761530386411556e-5
5.130e-04	-2.92921711102958534148651591978e-2	2.96479618008563752709339215999e-5
5.140e-04	-2.92911606403484844769155057217e-2	3.04357391618388514300533441710e-5
5.150e-04	-2.92901646864470210511215605864e-2	3.12394690669435242056373497538e-5
5.160e-04	-2.92891832114193728634801336136e-2	3.20593422364871797304596494844e-5
5.170e-04	-2.92882161763863645775130144181e-2	3.28955487564199782519879244845e-5
5.180e-04	-2.92872635406844460467026045059e-2	3.37482780227774289131199565538e-5
5.190e-04	-2.92863252619532286784059433246e-2	3.46177186796265333785910050902e-5
5.200e-04	-2.92854012960414070925234728638e-2	3.55040585651912946580634557646e-5
5.210e-04	-2.92844915970912510302074017099e-2	3.64074846507058249114279438764e-5
5.220e-04	-2.92835961175055891626594015988e-2	3.73281829848740881512971221997e-5
5.230e-04	-2.92827148079037599708769136092e-2	3.82663386396493631215306609864e-5
5.240e-04	-2.92818476172092135218682579345e-2	3.92221356503582198113765458219e-5
5.250e-04	-2.92809944926131837342405763096e-2	4.01957569622429138005206252822e-5
5.260e-04	-2.92801553795257019801885405120e-2	4.11873843786182142728488796504e-5
5.270e-04	-2.92793302216787044511504349011e-2	4.21971985020231962803172549485e-5
5.280e-04	-2.92785189610855900837379162086e-2	4.32253786832912590665175621963e-5
5.290e-04	-2.92777215379863069344034146941e-2	4.42721029725530012639399735035e-5
5.300e-04	-2.92769378909890474635223243109e-2	4.53375480603532115168710496899e-5
5.310e-04	-2.92761679569180869529488633912e-2	4.64218892357478634964445653188e-5
5.320e-04	-2.92754116709886379216879034310e-2	4.75253003270956344895819305728e-5
5.330e-04	-2.92746689666404518016950777305e-2	4.86479536632386411083829221291e-5
5.340e-04	-2.92739397757302080179028738639e-2	4.97900200148053194763590347239e-5
5.350e-04	-2.92732240283495353654019016389e-2	5.09516685587710323439125323122e-5
5.360e-04	-2.92725216530362473909091556581e-2	5.21330668202216503401721483400e-5
5.370e-04	-2.92718325766046946676424690002e-2	5.33343806386698640755295873637e-5
5.380e-04	-2.92711567242611862302233509917e-2	5.45557741177867110617275391139e-5
5.390e-04	-2.92704940195906501944956232926e-2	5.57974095842563608548430643768e-5
5.400e-04	-2.92698443845695275833161292239e-2	5.70594475461651875614076031988e-5
5.410e-04	-2.92692077395792426972953364495e-2	5.83420466525337249434564219927e-5
5.420e-04	-2.92685840034567880553387967944e-2	5.96453636513596600466022615138e-5
5.430e-04	-2.92679730933647154371534141205e-2	6.09695533619432853850265300945e-5
5.440e-04	-2.92673749250606242342695920666e-2	6.23147686195493212854114091335e-5
5.450e-04	-2.92667894126137209410394474277e-2	6.36811602616684754168496861945e-5
5.460e-04	-2.92662164687331864300551088968e-2	6.50688770701980345676022246814e-5
5.470e-04	-2.92656560045042129210929053624e-2	6.64780657594853485013336961436e-5
5.480e-04	-2.92651079295661269242109473415e-2	6.79088709321867975814333457209e-5
5.490e-04	-2.92645721520901496495279197467e-2	6.93614350516172190114186783581e-5
5.500e-04	-2.92640485787974381624525224751e-2	7.08358984123816530694587037834e-5
5.510e-04	-2.92635371150309407033298960843e-2	7.23323991077100370504122526871e-5
5.520e-04	-2.92630376645629944244349689342e-2	7.38510730207909385589524329650e-5
5.530e-04	-2.92625501299862147418942148413e-2	7.53920537674045092090338175943e-5
5.540e-04	-2.92620744123572216665228136246e-2	7.69554727042402366594297598684e-5
5.550e-04	-2.92616104114323625597917038508e-2	7.85414588874354518613238769112e-5
5.560e-04	-2.92611580257000507329317663342e-2	8.01501390495241979266945543661e-5
5.570e-04	-2.92607171521429145226230188715e-2	8.17816376035031722910837673247e-5
5.580e-04	-2.92602876867135747936994405109e-2	8.34360765812545538506894506302e-5
5.590e-04	-2.92598695238961329599407725787e-2	8.51135756594460229549822688734e-5
5.600e-04	-2.92594625569916279200574426851e-2	8.68142521183736473818287995701e-5
5.610e-04	-2.92590666780746672475761082020e-2	8.85382208332131419608702925489e-5
5.620e-04	-2.92586817780156256572291953085e-2	9.02855942604287722327935576591e-5
5.630e-04	-2.92583077465888455778530493112e-2	9.20564824163733451238454380799e-5
5.640e-04	-2.92579444722446635854852054410e-2	9.38509928925973308382369464407e-5
5.650e-04	-2.92575918423766048140308142932e-2	9.56692308207799199876513437106e-5
5.660e-04	-2.92572497432650204701393490387e-2	9.75112988724485529037348153334e-5
5.670e-04	-2.92569180602000360706790791881e-2	9.93772972404893869766032580935e-5
5.680e-04	-2.92565966771099188485529497073e-2	1.01267323677865030504111649501e-4
5.690e-04	-2.92562854772790164681189894075e-2	1.03181473414284163544122060288e-4
5.700e-04	-2.92559843427810148748132074874e-2	1.05119839219328118386222909603e-4
5.710e-04	-2.92556931544638643927185042573e-2	1.07082511406695291845512905606e-4
5.720e-04	-2.92554117926496725367136083363e-2	1.09069577752249054876919673272e-4
5.730e-04	-2.92551401363748658406301935009e-2	1.11081123587734548188341385420e-4
5.740e-04	-2.92548780638637268001052564968e-2	1.13117231748316766560163353987e-4
5.750e-04	-2.92546254525744853420757567158e-2	1.15177982571090431799705618403e-4
5.760e-04	-2.92543821786948998661835720673e-2	1.17263453966431156920392614145e-4
5.770e-04	-2.92541481182384325314000521428e-2	1.19373721284223934565012305900e-4
5.780e-04	-2.92539231455628141171159064452e-2	1.21508857515781040306790229342e-4
5.790e-04	-2.92537071347757224779743953128e-2	1.23668933119947425828754618087e-4
5.800e-04	-2.92534999592270591979834127287e-2	1.25854016099214095332527043601e-4
5.810e-04	-2.92533014912058833031176212264e-2	1.28064172054458896548357797179e-4
5.820e-04	-2.92531116025893792270681823376e-2	1.30299464108579817894252216081e-4
5.830e-04	-2.92529301642202161476130706371e-2	1.32559953007863195566079076343e-4
5.840e-04	-2.92527570464178347242734890509e-2	1.34845697065445330440130871401e-4
5.850e-04	-2.92525921188435558781975603246e-2	1.37156752196069605390199383746e-4
5.860e-04	-2.92524352507190483583868055032e-2	1.39493171900200911984865421806e-4
5.870e-04	-2.92522863102793679308069346345e-2	1.41855007364103504421546229583e-4
5.880e-04	-2.92521451653547292529371126475e-2	1.44242307392251671489177320604e-4
5.890e-04	-2.92520116834268846600020625220e-2	1.46655118416341137244621358259e-4
5.900e-04	-2.92518857310221740542747185298e-2	1.49093484610880530533593671085e-4
5.910e-04	-2.92517671743514649214048262754e-2	1.51557447815340983587147486859e-4
5.920e-04	-2.92516558791320790846595707986e-2	1.54047047583569764488169101427e-4
5.930e-04	-2.92515517108552792625796158042e-2	1.56562321162212385346548858620e-4
5.940e-04	-2.92514545343437450959432362824e-2	1.59103303586589663753326268052e-4
5.950e-04	-2.92513642134750517540086880498e-2	1.61670027755045498505323301187e-4
5.960e-04	-2.92512806127342499357859589346e-2	1.64262524190386252003281317335e-4
5.970e-04	-2.92512035954606071698367954264e-2	1.66880821362684885125280367590e-4
5.980e-04	-2.92511330251736296627534253170e-2	1.69524945488066349458103257263e-4
5.990e-04	-2.92510687645016619488936027951e-2	1.72194920742989857538246103262e-4
6.000e-04	-2.92510106760269495610883450705e-2	1.74890769143673960292707272660e-4
6.010e-04	-2.92509586223520803552509299098e-2	1.77612510558784417288204300002e-4
6.020e-04	-2.92509124651986417529624061054e-2	1.80360162903463242263017595991e-4
6.030e-04	-2.92508720666655993845293400500e-2	1.83133741936531414908675167158e-4
6.040e-04	-2.92508372876303803380869355022e-2	1.85933261590173075180566965543e-4
6.050e-04	-2.92508079904493446348831576823e-2	1.88758733485813247545156254650e-4
6.060e-04	-2.92507840352256692576291052727e-2	1.91610167680099764103064458440e-4
6.070e-04	-2.92507652836435823857342875917e-2	1.94487571955270939020220091850e-4
6.080e-04	-2.92507515965506535063740225401e-2	1.97390952317527517329437769558e-4
6.090e-04	-2.92507428338675184004058864789e-2	2.00320313055227834305795496918e-4
6.100e-04	-2.92507388569521533514010124198e-2	2.03275656291262567021036852455e-4
6.110e-04	-2.92507395263191534093416642746e-2	2.06256982473579201688466298066e-4
6.120e-04	-2.92507447019754084040019571496e-2	2.09264290345562013565677618083e-4
6.130e-04	-2.92507542442703408390224226218e-2	2.12297576801730881076496054560e-4
6.140e-04	-2.92507680139756872575143673985e-2	2.15356836898258022753747462893e-4
6.150e-04	-2.92507858709483556798473855408e-2	2.18442064173353538627554942124e-4
6.160e-04	-2.92508076759644475903573268715e-2	2.21553250284750187513885185905e-4
6.170e-04	-2.92508332888675982861841713862e-2	2.24690385446721105691646448252e-4
6.180e-04	-2.92508625699930635817848189700e-2	2.27853458152301401897578331361e-4
6.190e-04	-2.92508953802535430769668993311e-2	2.31042455181238668628188545942e-4
6.200e-04	-2.92509315795960227002656105586e-2	2.34257361984700076935929646364e-4
6.210e-04	-2.92509710291082284683849669717e-2	2.37498162237997341140810472962e-4
6.220e-04	-2.92510135888853575213814425032e-2	2.40764838366389279328120978071e-4
6.230e-04	-2.92510591196634866011591698218e-2	2.44057371201235299421392121703e-4
6.240e-04	-2.92511074829120371476714082260e-2	2.47375739984425781378193282903e-4
6.250e-04	-2.92511585396840035956376803064e-2	2.50719922675642841560845133202e-4
6.260e-04	-2.92512121499093155325476943008e-2	2.54089896168021341024261314672e-4
6.270e-04	-2.92512681768402899469782819644e-2	2.57485635226703064984275529817e-4
6.280e-04	-2.92513264800705591219704977992e-2	2.60907114245147622954972821251e-4
6.290e-04	-2.92513869226459579324320900916e-2	2.64354305513292079437207233863e-4
6.300e-04	-2.92514493665444461588639777218e-2	2.67827180374058101135527370922e-4
6.310e-04	-2.92515136732397314147319217854e-2	2.71325709126433208238653493565e-4
6.320e-04	-2.92515797058665891056597073983e-2	2.74849860498090683225183396493e-4
6.330e-04	-2.92516473263489562212846175105e-2	2.78399602423078715994293846017e-4
6.340e-04	-2.92517163975833362014941861835e-2	2.81974901507498958140617599748e-4
6.350e-04	-2.92517867835482293552954272170e-2	2.85575723022888291820203865002e-4
6.360e-04	-2.92518583477596273196527061370e-2	2.89202031350844343922280739404e-4
6.370e-04	-2.92519309523296636585670160201e-2	2.92853790285592321428805943280e-4
6.380e-04	-2.92520044638700230863390585647e-2	2.96530961439741465474255651588e-4
6.390e-04	-2.92520787450982328612885090855e-2	3.00233506586878560377520017108e-4
6.400e-04	-2.92521536607193139234566678387e-2	3.03961386075089563328556464294e-4
6.410e-04	-2.92522290767161067337537411482e-2	3.07714559039775865904888691580e-4
6.420e-04	-2.92523048575859291360007448731e-2	3.11492984223761506752151015622e-4
6.430e-04	-2.92523808700650719787507197409e-2	3.15296618941956131821349763314e-4
6.440e-04	-2.92524569793307023590047980704e-2	3.19125420209079662480022391212e-4
6.450e-04	-2.92525330529115864161328897835e-2	3.22979343629183084955094579150e-4
6.460e-04	-2.92526089566990266012020216216e-2	3.26858344599741611343982127675e-4
6.470e-04	-2.92526845590511604874091903994e-2	3.30762377121693042851452429288e-4
6.480e-04	-2.92527597266055035071342444963e-2	3.34691395084274551067641205843e-4
6.490e-04	-2.92528343285843739747271954358e-2	3.38645350991051890433160924124e-4
6.500e-04	-2.92529082324014111254307369522e-2	3.42624197330070216747335221489e-4
6.510e-04	-2.92529813081758807511573140629e-2	3.46627885211155436206802743884e-4
6.520e-04	-2.92530534241253337585222429761e-2	3.50656365826150093241595647928e-4
6.530e-04	-2.92531244512967538998802818279e-2	3.54709588992570574802458103723e-4
6.540e-04	-2.92531942587373144240073229359e-2	3.58787504708905092451863473281e-4
6.550e-04	-2.92532627184505393690239701646e-2	3.62890061599507250910568666286e-4
6.560e-04	-2.92533297003369051885722077875e-2	3.67017208570144572924038341355e-4
6.570e-04	-2.92533950773833999886650323332e-2	3.71168893148800031013774366912e-4
6.580e-04	-2.92534587203655032519110372815e-2	3.75345063246876472058606238559e-4
6.590e-04	-2.92535205032787432776179714639e-2	3.79545665390363042104760527808e-4
6.600e-04	-2.92535802992609325015005532595e-2	3.83770646093246605739729319757e-4
6.610e-04	-2.92536379804374000794466357910e-2	3.88019951954112242840274938152e-4
6.620e-04	-2.92536934208261061670481374639e-2	3.92293528697337941844585399631e-4
6.630e-04	-2.92537464965077474923515139009e-2	3.96591321118146882519982408203e-4
6.640e-04	-2.92537970825974701957000051937e-2	4.00913274148100548635401101006e-4
6.650e-04	-2.92538450530776676040224275600e-2	4.05259332958225420054864050569e-4
6.660e-04	-2.92538902839716372495820336053e-2	4.09629441872107215671818831236e-4
6.670e-04	-2.92539326552364213214826712380e-2	4.14023543685733883384050149486e-4
6.680e-04	-2.92539720388961328114131165671e-2	4.18441583944486044512419185281e-4
6.690e-04	-2.92540083177661551164578653080e-2	4.22883504241388826321609588881e-4
6.700e-04	-2.92540413665134005805518044452e-2	4.27349249068552191830569996077e-4
6.710e-04	-2.92540710637514519189335030144e-2	4.31838761472073155223347981127e-4
6.720e-04	-2.92540972905245225649807330886e-2	4.36351983591135371271242550554e-4
6.730e-04	-2.92541199246769589368155882051e-2	4.40888858772886572574637929989e-4
6.740e-04	-2.92541388483960365531287433969e-2	4.45449328781606274167349052888e-4
6.750e-04	-2.92541539425412498226114558486e-2	4.50033335933103193363978929725e-4
6.760e-04	-2.92541650864402453856771715395e-2	4.54640823218930378343216138454e-4
6.770e-04	-2.92541721640170846363700679500e-2	4.59271731975638118508204573577e-4
6.780e-04	-2.92541750555938534235922123906e-2	4.63926005051274717159627030692e-4
6.790e-04	-2.92541736462639796640729527855e-2	4.68603583584230859622215376756e-4
6.800e-04	-2.92541678195955751798145334022e-2	4.73304409458735138394057780431e-4
6.810e-04	-2.92541574574092684236463941298e-2	4.78028425440347826802775860052e-4
6.820e-04	-2.92541424442275077206375881077e-2	4.82775573434972033309952918197e-4
6.830e-04	-2.92541226698948306743426906500e-2	4.87545793412697537081958010404e-4
6.840e-04	-2.92540980130018941782148123586e-2	4.92339030121160895965110045470e-4
6.850e-04	-2.92540683670224381591988581101e-2	4.97155222527588886603325505326e-4
6.860e-04	-2.92540336138896383830340849879e-2	5.01994314565067130384994472081e-4
6.870e-04	-2.92539936408607657765843081105e-2	5.06856248292620004551832293059e-4
6.880e-04	-2.92539483383777617358281286458e-2	5.11740964739440383174137267218e-4
6.890e-04	-2.92538975949476318217480912564e-2	5.16648406044229064123870237996e-4
6.900e-04	-2.92538412968853403592058479794e-2	5.21578515614025328408336154880e-4
6.910e-04	-2.92537793364357908359921003019e-2	5.26531234699922440305473517399e-4
6.920e-04	-2.92537116037564557856720921639e-2	5.31506505788872178807586067069e-4
6.930e-04	-2.92536379866479890714529542793e-2	5.36504272771194696502385910238e-4
6.940e-04	-2.92535583791622547602637902970e-2	5.41524477235866325529476915820e-4
6.950e-04	-2.92534726700826658597507224157e-2	5.46567063464679930801982890706e-4
6.960e-04	-2.92533807546655941740314971093e-2	5.51631973333163547187547565395e-4
6.970e-04	-2.92532825226704782749185242343e-2	5.56719151567073497718391105167e-4
6.980e-04	-2.92531778705577421150706791977e-2	5.61828540374398737052617433246e-4
6.990e-04	-2.92530666923124186944502820814e-2	5.66960083506548304615524626871e-4
7.000e-04	-2.92529488791445948530919993625e-2	5.72113726448079477895660290151e-4
7.010e-04	-2.92528243293194737613959275250e-2	5.77289411985868060711682480567e-4
7.020e-04	-2.92526929384464164070756143904e-2	5.82487084588354045368660411299e-4
7.030e-04	-2.92525545991658895527351255666e-2	5.87706690605627757844721393762e-4
7.040e-04	-2.92524092115425352786477646217e-2	5.92948173494590933771149535337e-4
7.050e-04	-2.92522566691567749860845828312e-2	5.98211480239286599267321169385e-4
7.060e-04	-2.92520968732678238869884622575e-2	6.03496554791317968644457999554e-4
7.070e-04	-2.92519297221588273105165061257e-2	6.08803343023937580325452110032e-4
7.080e-04	-2.92517551108003908883783462112e-2	6.14131792950627563753198943202e-4
7.090e-04	-2.92515729422371623782630565880e-2	6.19481849329744631436030608352e-4
7.100e-04	-2.92513831163335783680960574688e-2	6.24853458991899844864040414713e-4
7.110e-04	-2.92511855294228580376647547525e-2	6.30246571070359622697531910902e-4
7.120e-04	-2.92509800821963327830303406054e-2	6.35661133217135873719439219578e-4
7.130e-04	-2.92507666842608709462081599173e-2	6.41097089319649663499481337447e-4
7.140e-04	-2.92505452292273629951149953809e-2	6.46554391682346290619837202215e-4
7.150e-04	-2.92503156236760387618477110182e-2	6.52032986890938948418307969494e-4
7.160e-04	-2.92500777661422971691663282670e-2	6.57532826131627697078635425670e-4
7.170e-04	-2.92498315643714696283491578896e-2	6.63053856656971495277461086095e-4
7.180e-04	-2.92495769177535243997809346646e-2	6.68596030535415614949305316344e-4
7.190e-04	-2.92493137398569933939901874613e-2	6.74159293344078568459780167835e-4
7.200e-04	-2.92490419216616331877281998504e-2	6.79743602747357720420083205482e-4
7.210e-04	-2.92487613826348695178571675309e-2	6.85348902614476406326056165477e-4
7.220e-04	-2.92484720191666148950294236374e-2	6.90975149239043848009509819975e-4
7.230e-04	-2.92481737424570966834931343245e-2	6.96622292018247680267407291426e-4
7.240e-04	-2.92478664543674798127823834398e-2	7.02290285853065878586603686954e-4
7.250e-04	-2.92475500672326752504798061337e-2	7.07979080900329424065750919167e-4
7.260e-04	-2.92472244889578681507058936389e-2	7.13688630294206131027233243173e-4
7.270e-04	-2.92468896279265517696585161080e-2	7.19418887617644388313905105851e-4
7.280e-04	-2.92465453875634799162633393424e-2	7.25169809802875312019057807705e-4
7.290e-04	-2.92461916769255745957250970273e-2	7.30941351538537740583076275076e-4
7.300e-04	-2.92458284167653441092796215924e-2	7.36733461936824484132775746692e-4
7.310e-04	-2.92454555061981303482095538253e-2	7.42546102417941130671495986277e-4
7.320e-04	-2.92450728614663452950195008081e-2	7.48379225936199158629076985858e-4
7.330e-04	-2.92446803878441418015166821955e-2	7.54232792110530307029815258576e-4
7.340e-04	-2.92442780026679556599420458203e-2	7.60106754731433703379604806985e-4
7.350e-04	-2.92438656180141710639995471730e-2	7.66001071168370923920127690899e-4
7.360e-04	-2.92434431402099906845048701785e-2	7.71915702722650166923971760426e-4
7.370e-04	-2.92430104882164182345752154858e-2	7.77850604462119388014593125882e-4
7.380e-04	-2.92425675754357239270938125337e-2	7.83805735251820692020154678376e-4
7.390e-04	-2.92421143092035745671619099977e-2	7.89781058124681267521001814353e-4
7.400e-04	-2.92416506100829985558186790246e-2	7.95776529452152290072560090641e-4
7.410e-04	-2.92411763927682244365360137443e-2	8.01792109630757118596859898453e-4
7.420e-04	-2.92406915655575630478103661595e-2	8.07827763471314520966056243914e-4
7.430e-04	-2.92401960505929424079711811682e-2	8.13883448671407772652548286072e-4
7.440e-04	-2.92396897638257612753949111565e-2	8.19959127191713177837064272157e-4
7.450e-04	-2.92391726144700025183081179597e-2	8.26054765664499073888950399065e-4
7.460e-04	-2.92386445262228814362866605361e-2	8.32170323132514466005654870293e-4
7.470e-04	-2.92381054162574034781199140131e-2	8.38305763150270144391283590362e-4
7.480e-04	-2.92375552021471010473555990770e-2	8.44461049808284907091009791151e-4
7.490e-04	-2.92369937942533931188998022410e-2	8.50636152229495194121942764754e-4
7.500e-04	-2.92364211183111549745463088987e-2	8.56831031272776278472755344705e-4
7.510e-04	-2.92358370852206660851575829224e-2	8.63045657334269338304873996291e-4
7.520e-04	-2.92352416217172797826072764845e-2	8.69279992191317088541846932463e-4
7.530e-04	-2.92346346473078173486853452768e-2	8.75534002664314349666602878400e-4
7.540e-04	-2.92340160818750476826527959629e-2	8.81807656125564199331791809799e-4
7.550e-04	-2.92333858373342767639066673859e-2	8.88100925561885163154249567557e-4
7.560e-04	-2.92327438423932792851631535531e-2	8.94413774595470848084838252798e-4
7.570e-04	-2.92320900180332872517618342866e-2	9.00746172272638768108986968296e-4
7.580e-04	-2.92314242768702777642341466000e-2	9.07098093564790381886813397182e-4
7.590e-04	-2.92307465490613115388399375340e-2	9.13469503486625015103090469880e-4
7.600e-04	-2.92300567566479784548394729198e-2	9.19860372777764849219119751401e-4
7.610e-04	-2.92293548128949200983736677035e-2	9.26270678427267977999932423239e-4
7.620e-04	-2.92286406493835911512520437957e-2	9.32700386846288649481309854749e-4
7.630e-04	-2.92279141891774004185434748560e-2	9.39149470485194301079709752815e-4
7.640e-04	-2.92271753556732837235478010793e-2	9.45617902366517442440547509637e-4
7.650e-04	-2.92264240629201971035497564192e-2	9.52105662217035274737334980169e-4
7.660e-04	-2.92256602443615631300764292703e-2	9.58612718310466108918520798295e-4
7.670e-04	-2.92248838243642078605004711989e-2	9.65139045400713392682725147015e-4
7.680e-04	-2.92240947175015688682715849739e-2	9.71684625304617901055860071320e-4
7.690e-04	-2.92232928585832601279109108849e-2	9.78249427693199780870293357809e-4
7.700e-04	-2.92224781729066150620079188769e-2	9.84833429065577072466255471812e-4
7.710e-04	-2.92216505755150423526226637750e-2	9.91436613358243004120323439094e-4
7.720e-04	-2.92208100132689913360028523314e-2	9.98058944655030493428499147373e-4
7.730e-04	-2.92199563910918868838143489108e-2	1.00470041504726716756475201703e-3
7.740e-04	-2.92190896349989890855930562182e-2	1.01136100376535984030020952141e-3
7.750e-04	-2.92182096936351790418367300482e-2	1.01804067589064813758509817439e-3
7.760e-04	-2.92173164718442168271189755270e-2	1.02473942606304598328619910712e-3
7.770e-04	-2.92164098964630673433921013259e-2	1.03145723530312935885206454088e-3
7.780e-04	-2.92154899179124449540018061161e-2	1.03819406966618604260076626568e-3
7.790e-04	-2.92145564408844198903815474401e-2	1.04494992638611612511504959520e-3
7.800e-04	-2.92136094049898400965773987162e-2	1.05172478021698242586727264828e-3
7.810e-04	-2.92126487385999860664583885239e-2	1.05851861415292048365764754243e-3
7.820e-04	-2.92116743580084790423569935374e-2	1.06533142014259877220661804164e-3
7.830e-04	-2.92106862040775356949429393231e-2	1.07216317431085969973477885624e-3
7.840e-04	-2.92096842059216764256405915728e-2	1.07901386144754325204102777027e-3
7.850e-04	-2.92086682928959736313546860336e-2	1.08588346694093740500581225232e-3
7.860e-04	-2.92076383815591954453451155939e-2	1.09277198574607053564186680445e-3
7.870e-04	-2.92065944144065498954085246490e-2	1.09967939579837231001104923923e-3
7.880e-04	-2.92055363214819708674801001954e-2	1.10660568429341381068784978651e-3
7.890e-04	-2.92044640194735863766561544532e-2	1.11355084847546902090579784937e-3
7.900e-04	-2.92033774520721655360670301906e-2	1.12051486762691883758581214403e-3
7.910e-04	-2.92022765499694397359493890690e-2	1.12749773075893151782137852641e-3
7.920e-04	-2.92011612440658912455732207286e-2	1.13449942748740920913841609051e-3
7.930e-04	-2.92000314654661998831756870754e-2	1.14151994803382394133801650987e-3
7.940e-04	-2.91988871309466697111947547314e-2	1.14855929351680320616537575443e-3
7.950e-04	-2.91977281861426210676194114346e-2	1.15561744543233010232094629550e-3
7.960e-04	-2.91965545478152677670820708129e-2	1.16269440647571754149426779934e-3
7.970e-04	-2.91953661774789963577683254163e-2	1.16979014819680360681184483664e-3
7.980e-04	-2.91941629771349885938697861801e-2	1.17690468534037167085372300548e-3
7.990e-04	-2.91929448939269836851743481267e-2	1.18403800114842545872463168374e-3
8.000e-04	-2.91917118445112622396600969152e-2	1.19119010150248941987702981535e-3
8.010e-04	-2.91904637767673351484483407606e-2	1.19836097051214159361408132966e-3
8.020e-04	-2.91892006395694226420301516439e-2	1.20555059214216304743315228674e-3
8.030e-04	-2.91879223173205245358683753753e-2	1.21275899803985942356424664940e-3
8.040e-04	-2.91866287915210351376867934757e-2	1.21998614986513660805221985410e-3
8.050e-04	-2.91853199623863292650071010707e-2	1.22723206932490448371962345074e-3
8.060e-04	-2.91839957796018807188824139129e-2	1.23449674265799565822646674144e-3
8.070e-04	-2.91826561766218086471273021680e-2	1.24178016868406908929311464577e-3
8.080e-04	-2.91813010870349940577931630411e-2	1.24908234684153971042980255763e-3
8.090e-04	-2.91799304268607307965181366032e-2	1.25640329038316118547888072550e-3
8.100e-04	-2.91785441471839003573437248019e-2	1.26374298722268146797485428831e-3
8.110e-04	-2.91771421819625864432266624050e-2	1.27110143866877769886723684292e-3
8.120e-04	-2.91757244468747680295670157592e-2	1.27847866050079111769408545704e-3
8.130e-04	-2.91742909126609970118672261314e-2	1.28587462780121977693933295852e-3
8.140e-04	-2.91728414765791348344956901842e-2	1.29328937167508472301220822074e-3
8.150e-04	-2.91713760914114840210671625544e-2	1.30072288208871012696603283747e-3
8.160e-04	-2.91698946722826918121703378099e-2	1.30817517824283895455518981281e-3
8.170e-04	-2.91683971922385635658212908178e-2	1.31564623592307026486736608301e-3
8.180e-04	-2.91668835469728598073971999234e-2	1.32313609058829168029429368893e-3
8.190e-04	-2.91653536905821263666434518414e-2	1.33064473381701334896192364757e-3
8.200e-04	-2.91638075375206263070105958201e-2	1.33817218829806311899834767922e-3
8.210e-04	-2.91622450631430605980655982872e-2	1.34571843044320640418759845416e-3
8.220e-04	-2.91606661614208812819631742989e-2	1.35328350018147646384993797648e-3
8.230e-04	-2.91590707877280714378047216582e-2	1.36086739067525414057608899315e-3
8.240e-04	-2.91574588557292098188680265271e-2	1.36847012817207378173533381902e-3
8.250e-04	-2.91558303430936479997612872446e-2	1.37609168963075523695267976183e-3
8.260e-04	-2.91541851419085445206633563795e-2	1.38373211957293787553118812709e-3
8.270e-04	-2.91525232087891250217888890252e-2	1.39139141271658089865459102054e-3
8.280e-04	-2.91508444789831189090080030506e-2	1.39906958115137840389555467840e-3
8.290e-04	-2.91491488649987833656222626285e-2	1.40676665567652470840148411895e-3
8.300e-04	-2.91474363243566228062661349706e-2	1.41448263216089826053072000592e-3
8.310e-04	-2.91457067923829300440736678844e-2	1.42221752464147227447284704374e-3
8.320e-04	-2.91439602044229702175485232476e-2	1.42997134780422236981540478479e-3
8.330e-04	-2.91421964958359974483309446626e-2	1.43774411698579916758667178182e-3
8.340e-04	-2.91404155777789604620616323777e-2	1.44553586766312823973058575479e-3
8.350e-04	-2.91386174092428931730914649280e-2	1.45334659758180589566611430784e-3
8.360e-04	-2.91368019255902047385633227566e-2	1.46117632405181191500103159563e-3
8.370e-04	-2.91349690621770763842641712935e-2	1.46902506504109502765499090144e-3
8.380e-04	-2.91331187289335860294141197332e-2	1.47689285986852312004616888974e-3
8.390e-04	-2.91312509117095839114360301718e-2	1.48477968675161166765986075648e-3
8.400e-04	-2.91293654946678370293837214328e-2	1.49268560734368063979151633177e-3
8.410e-04	-2.91274624121447498973386462960e-2	1.50061064321750102841333940124e-3
8.420e-04	-2.91255416517608436803820431827e-2	1.50855477272773243224306788630e-3
8.430e-04	-2.91236030956948821150050096233e-2	1.51651806143938073320634318901e-3
8.440e-04	-2.91216467054466666482216909619e-2	1.52450051037320833957017487959e-3
8.450e-04	-2.91196724161187762312329785738e-2	1.53250214285801031555359769989e-3
8.460e-04	-2.91176801627608130299694629351e-2	1.54052298289998528964394247107e-3
8.470e-04	-2.91156698520592202393455678792e-2	1.54856307880855991955114446404e-3
8.480e-04	-2.91136414752144241446520855307e-2	1.55662240905100649246997251413e-3
8.490e-04	-2.91115949101314326551869834017e-2	1.56470104728164008715016364409e-3
8.500e-04	-2.91095300905625445796616678916e-2	1.57279902130429043961513403157e-3
8.510e-04	-2.91074470095093836247055935179e-2	1.58091630957256071119678877999e-3
8.520e-04	-2.91053455425725651745428404412e-2	1.58905298993860445259538952381e-3
8.530e-04	-2.91032256839679599131042870679e-2	1.59720904080972387581826987849e-3
8.540e-04	-2.91010873077051689028874098554e-2	1.60538454288502171369939510722e-3
8.550e-04	-2.90989303470204123551345629678e-2	1.61357952752580308194124112818e-3
8.560e-04	-2.90967547979508489380423569205e-2	1.62179397303978065811776502394e-3
8.570e-04	-2.90945605320143345672769520302e-2	1.63002796449873328606312690587e-3
8.580e-04	-2.90923475142707908276036839106e-2	1.63828150777391374192133650117e-3
8.590e-04	-2.90901156785559229318436093651e-2	1.64655463596275982971102891477e-3
8.600e-04	-2.90878649585751886059827339257e-2	1.65484738288050251809887260398e-3
8.610e-04	-2.90855952545525391449918468474e-2	1.66315981193002784652524834171e-3
8.620e-04	-2.90833065662196103145506405866e-2	1.67149190104820903776466190306e-3
8.630e-04	-2.90809987597704821379809185786e-2	1.67984374437594740636836525306e-3
8.640e-04	-2.90786718016659028593748650110e-2	1.68821534978242626343890585400e-3
8.650e-04	-2.90763255899435550692232733540e-2	1.69660678527087853266611049108e-3
8.660e-04	-2.90739601268269963875785940997e-2	1.70501802841726694086971452711e-3
8.670e-04	-2.90715752746880120408212353331e-2	1.71344917967863306338481239876e-3
8.680e-04	-2.90691710008739530662582599222e-2	1.72190024824030010944559755649e-3
8.690e-04	-2.90667472376303478902440304541e-2	1.73037127457116523597505408877e-3
8.700e-04	-2.90643039170127595129937861955e-2	1.73886229989607610485887101944e-3
8.710e-04	-2.90618409334850340799784319693e-2	1.74737339938144929694445678316e-3
8.720e-04	-2.90593582930683463622099238349e-2	1.75590454987388821372240515206e-3
8.730e-04	-2.90568558519842359742058845027e-2	1.76445586172550573028718042555e-3
8.740e-04	-2.90543335401588405311699864159e-2	1.77302738064101158401572157672e-3
8.750e-04	-2.90517913655318788581060153071e-2	1.78161908302814614473636739320e-3
8.760e-04	-2.90492292206198664138190716552e-2	1.79023104886397595015943344254e-3
8.770e-04	-2.90466469959361816731443092599e-2	1.79886336083009682018841120276e-3
8.780e-04	-2.90440446608932598265948149190e-2	1.80751603134077122091295484410e-3
8.790e-04	-2.90414221455254726975111728174e-2	1.81618910866256204135495881367e-3
8.800e-04	-2.90387793796124987484294884012e-2	1.82488264186564831868009991101e-3
8.810e-04	-2.90361162508098646727997566617e-2	1.83359671886041602801965051870e-3
8.820e-04	-2.90334327292879078782169330140e-2	1.84233135334221122489836070075e-3
8.830e-04	-2.90307287868178996315507413653e-2	1.85108655777119829134337216776e-3
8.840e-04	-2.90280042669390656677625093004e-2	1.85986246211728502734346131881e-3
8.850e-04	-2.90252590965993335565188193827e-2	1.86865912115510823246412800050e-3
8.860e-04	-2.90224932909535363742373998561e-2	1.87747650918257346510808334223e-3
8.870e-04	-2.90197066897398181646900692038e-2	1.88631476189159884146219694050e-3
8.880e-04	-2.90168992641982890046202977840e-2	1.89517389488549073197933212524e-3
8.890e-04	-2.90140709414749141011749472917e-2	1.90405396475816455913230117130e-3
8.900e-04	-2.90112216483898695622614341652e-2	1.91295502896616128760165448007e-3
8.910e-04	-2.90083513114300579596659954222e-2	1.92187714583520092800027408399e-3
8.920e-04	-2.90054598094323486281762888414e-2	1.93082041862328343882110506495e-3
8.930e-04	-2.90025471144541279495476365945e-2	1.93978486453099373159469187307e-3
8.940e-04	-2.89996131519216168773169943776e-2	1.94877054455223910064224635902e-3
8.950e-04	-2.89966578468968020480610441444e-2	1.95777752057798797553962805929e-3
8.960e-04	-2.89936811240695241993445471484e-2	1.96680585540353460525433800141e-3
8.970e-04	-2.89906829077494756834037642345e-2	1.97585561273591313545605620727e-3
8.980e-04	-2.89876630713212919300158790691e-2	1.98492690487985775693988587416e-3
8.990e-04	-2.89846215877339056466894598745e-2	1.99401975096643095366383018133e-3
9.000e-04	-2.89815583800915194308934760086e-2	2.00313421750521835068683698397e-3
9.010e-04	-2.89784733710850150113938896218e-2	2.01227037194905521377233868315e-3
9.020e-04	-2.89753664301862632797804428425e-2	2.02142833293785018429474147556e-3
9.030e-04	-2.89722375842496994942603972782e-2	2.03060807002180627463928571214e-3
9.040e-04	-2.89690866484899297248430565370e-2	2.03980975467753771629888653718e-3
9.050e-04	-2.89659135966388103332459493989e-2	2.04903340800157700827755762410e-3
9.060e-04	-2.89627183491739206789791399603e-2	2.05827910231239343570144976594e-3
9.070e-04	-2.89595008261067165464038694462e-2	2.06754691092386075316302967567e-3
9.080e-04	-2.89562608906148317286428348109e-2	2.07683696245151513456549758238e-3
9.090e-04	-2.89529985738531144168395302269e-2	2.08614922433794208563311658220e-3
9.100e-04	-2.89497136810355870089937739142e-2	2.09548388225412919992166219993e-3
9.110e-04	-2.89464061865568708879754525198e-2	2.10484095931724693139707542598e-3
9.120e-04	-2.89430760079396505922757820767e-2	2.11422053398545949236612990903e-3
9.130e-04	-2.89397230026914271751424197886e-2	2.12362274367202886907671117722e-3
9.140e-04	-2.89363472056174694521495688500e-2	2.13304755389773987781034564390e-3
9.150e-04	-2.89329484129984807597588489774e-2	2.14249516287979541861741282140e-3
9.160e-04	-2.89295265996771887803494108343e-2	2.15196559548162864499497496816e-3
9.170e-04	-2.89260816804403256962902416854e-2	2.16145893556525278104575242690e-3
9.180e-04	-2.89226135695001174970368416501e-2	2.17097526810174608365660977955e-3
9.190e-04	-2.89191221804836304451642639113e-2	2.18051467918281311139016591662e-3
9.200e-04	-2.89156073622738403645612480909e-2	2.19007731933709692905870008918e-3
9.210e-04	-2.89120690900592612930903887665e-2	2.19966321524398204757018504245e-3
9.220e-04	-2.89085072756256386980451977455e-2	2.20927245645614891597573259029e-3
9.230e-04	-2.89049218301290726414661457611e-2	2.21890513369594690639041788424e-3
9.240e-04	-2.89013126640845482591959929245e-2	2.22856133886818091088596433599e-3
9.250e-04	-2.88976796873542922720223299591e-2	2.23824116507315724686623779029e-3
9.260e-04	-2.88940227407294046680127692789e-2	2.24794477491329974518477745290e-3
9.270e-04	-2.88903418688098122590511081990e-2	2.25767212819802451392275910334e-3
9.280e-04	-2.88866368418650008971159670190e-2	2.26742345916677416614601424640e-3
9.290e-04	-2.88829076354106499102257994830e-2	2.27719879757409888459019860727e-3
9.300e-04	-2.88791540844505371113870192024e-2	2.28699831454771816632994548539e-3
9.310e-04	-2.88753762366707595455273345638e-2	2.29682196795697977625790168277e-3
9.320e-04	-2.88715739263655981629572608055e-2	2.30666993060950977799351548746e-3
9.330e-04	-2.88677469840009088103968619530e-2	2.31654238026672467321892070787e-3
9.340e-04	-2.88638953851183984457297350556e-2	2.32643934876476086262151298717e-3
9.350e-04	-2.88600190323233018414213650080e-2	2.33636094200223622124565035824e-3
9.360e-04	-2.88561178274265684747060980152e-2	2.34630726723657759205117494326e-3
9.370e-04	-2.88521915945172887423863292949e-2	2.35627851147954435705276686447e-3
9.380e-04	-2.88482403867814063288089922172e-2	2.36627462897975346040305334835e-3
9.390e-04	-2.88442639488960910093221330903e-2	2.37629588893460621312721474379e-3
9.400e-04	-2.88402622562402440909419954392e-2	2.38634232586180029365716567541e-3
9.410e-04	-2.88362352064117031802539275803e-2	2.39641405410401917537517497157e-3
9.420e-04	-2.88321826961253654372987175628e-2	2.40651118946851615688368802836e-3
9.430e-04	-2.88281046211975679077795839169e-2	2.41663384924595786068451671591e-3
9.440e-04	-2.88240008765301931996340874487e-2	2.42678215222966182168435631914e-3
9.450e-04	-2.88198712723689689782322442062e-2	2.43695630529258784869671674342e-3
9.460e-04	-2.88157157836810336907752895254e-2	2.44715634588777988710558777056e-3
9.470e-04	-2.88115343024995320873060490330e-2	2.45738239747302244685809321491e-3
9.480e-04	-2.88073267198762676646579342365e-2	2.46763458509043273412186384567e-3
9.490e-04	-2.88030929258643201989002658576e-2	2.47791303538782376880996977772e-3
9.500e-04	-2.87988328095003443709581226205e-2	2.48821787664052117228127923886e-3
9.510e-04	-2.87945461695702949530772471796e-2	2.49854933198183853486650346480e-3
9.520e-04	-2.87902329803426577434714690875e-2	2.50890744210923651589216277180e-3
9.530e-04	-2.87858932187905141599397660652e-2	2.51929224482523614289626120494e-3
9.540e-04	-2.87815265883913908968005509967e-2	2.52970406506371057246502148443e-3
9.550e-04	-2.87771330629579683806659907032e-2	2.54014294525970129104724963009e-3
9.560e-04	-2.87727124309460362704955703840e-2	2.55060912309697641921240615349e-3
9.570e-04	-2.87682647608451100285646872433e-2	2.56110254192716451461511753421e-3
9.580e-04	-2.87637897437069995414044935486e-2	2.57162354341859614570083411329e-3
9.590e-04	-2.87592873525647073798558206508e-2	2.58217217252703434121989793414e-3
9.600e-04	-2.87547575633011142288166263273e-2	2.59274847110034970479931884816e-3
9.610e-04	-2.87502000572314578063614839636e-2	2.60335279390373306288801903161e-3
9.620e-04	-2.87456147064911486555722582866e-2	2.61398529456460479809811911115e-3
9.630e-04	-2.87410015844423245172182143533e-2	2.62464591277649099065947063925e-3
9.640e-04	-2.87363604645967364130948442606e-2	2.63533490764935848142614897104e-3
9.650e-04	-2.87316911148548723479950911074e-2	2.64605254559559788379087139273e-3
9.660e-04	-2.87269935064695169908357510178e-2	2.65679887646796375723217141278e-3
9.670e-04	-2.87222675080300541150424407797e-2	2.66757406019330520357118177617e-3
9.680e-04	-2.87175129867239459391230227665e-2	2.67837825881305241244318604590e-3
9.690e-04	-2.87127298083110819479867394580e-2	2.68921163651621049272831826320e-3
9.700e-04	-2.87079178370975902664805022874e-2	2.70007435967310276186329703020e-3
9.710e-04	-2.87030768256752555583813914662e-2	2.71096671594721660183212839464e-3
9.720e-04	-2.86982067432486848120460872492e-2	2.72188876002105983101330364225e-3
9.730e-04	-2.86933075621573120155224341652e-2	2.73284054305220946910170502269e-3
9.740e-04	-2.86883789165900140248030907388e-2	2.74382248308337737598750595735e-3
9.750e-04	-2.86834207745405852002485937594e-2	2.75483463743956061537555410102e-3
9.760e-04	-2.86784328747373667865884649746e-2	2.76587731295137813410444027038e-3
9.770e-04	-2.86734153017159832408186050121e-2	2.77695044074887972808100833992e-3
9.780e-04	-2.86683677920911122294164103060e-2	2.78805433105287334921605533852e-3
9.790e-04	-2.86632900757745728867052439863e-2	2.79918930285324468274869200140e-3
9.800e-04	-2.86581821183535186243291611086e-2	2.81035541836986410655325524782e-3
9.810e-04	-2.86530437661589491671000068102e-2	2.82155287054893349341170494158e-3
9.820e-04	-2.86478748637044598397696783477e-2	2.83278185499157041408617524457e-3
9.830e-04	-2.86426752536514922185720202063e-2	2.84404256999943447811243597518e-3
9.840e-04	-2.86374447767737888481127056421e-2	2.85533521662145457619421182770e-3
9.850e-04	-2.86321831440182003085952099893e-2	2.86666013993893885823676086955e-3
9.860e-04	-2.86268904467092409465361626851e-2	2.87801726589666020177252468840e-3
9.870e-04	-2.86215662625282176698254404844e-2	2.88940708832727466564638760518e-3
9.880e-04	-2.86162105521820739641744866023e-2	2.90082967858647081288151291339e-3
9.890e-04	-2.86108231463958303984894142646e-2	2.91228525226700846783330097384e-3
9.900e-04	-2.86054038737745497433509944053e-2	2.92377402801554083471240692162e-3
9.910e-04	-2.85999525607614952164222744630e-2	2.93529622758803627656556094745e-3
9.920e-04	-2.85944688937621585893890776593e-2	2.94685222973286719782661471223e-3
9.930e-04	-2.85889529689492586033810250634e-2	2.95844195683236043002551312562e-3
9.940e-04	-2.85834043288335124580618574099e-2	2.97006594990741377517005033353e-3
9.950e-04	-2.85778229285533637629465254193e-2	2.98172428997928768839683984468e-3
9.960e-04	-2.85722085830263493617447908512e-2	2.99341721530509955305011498543e-3
9.970e-04	-2.85665611047338166677245062850e-2	3.00514496761601031578385260942e-3
9.980e-04	-2.85608803036713068778160268731e-2	3.01690779218335641612290045756e-3
9.990e-04	-2.85551659872976874215421150869e-2	3.02870593788650262867959163416e-3
1.000e-03	-2.85494178102740059570898614662e-2	3.04053982691471417859466867314e-3
1.001e-03	-2.85436358736169651172871781549e-2	3.05240937839915176185824977634e-3
1.002e-03	-2.85378196747695279467872482869e-2	3.06431519387822777677605850943e-3
1.003e-03	-2.85319691606593321368626247906e-2	3.07625736782717840735421566556e-3
1.004e-03	-2.85260841251926050911590345862e-2	3.08823616833026159997475642594e-3
1.005e-03	-2.85201643594038560607277612605e-2	3.10025186752795298709320490778e-3
1.006e-03	-2.85142096513950157329728914422e-2	3.11230474169853524803292587200e-3
1.007e-03	-2.85082196242313615281414875538e-2	3.12439525619356404329010270357e-3
1.008e-03	-2.85021943822716785584361448897e-2	3.13652332840509255004459005938e-3
1.009e-03	-2.84961333785379832926698185765e-2	3.14868961959039658308474823011e-3
1.010e-03	-2.84900367181638641249459310368e-2	3.16089404686908763523420646265e-3
1.011e-03	-2.84839038405352661622636012645e-2	3.17313728984496770090397693647e-3
1.012e-03	-2.84777346803280192070001571547e-2	3.18541946210074035148750612647e-3
1.013e-03	-2.84715290031997757506247460133e-2	3.19774087145641635469703335211e-3
1.014e-03	-2.84652863964004864711502200624e-2	3.21010203213771028639670596231e-3
1.015e-03	-2.84590069664574680329834824823e-2	3.22250286128434325894975955829e-3
1.016e-03	-2.84526901165110590472075232382e-2	3.23494408730353988556200425844e-3
1.017e-03	-2.84463359534572399977115017219e-2	3.24742562758333978299219872907e-3
1.018e-03	-2.84399438650722853748737657535e-2	3.25994823123209061011291833540e-3
1.019e-03	-2.84335137736397124019270429265e-2	3.27251203049793839660268114313e-3
1.020e-03	-2.84270454186424906449723683782e-2	3.28511736976815942224715482277e-3
1.021e-03	-2.84205385354859023468740347173e-2	3.29776459911046262511687702805e-3
1.022e-03	-2.84139928554028320114381814927e-2	3.31045407440101579573374772219e-3
1.023e-03	-2.84074081053562494176659752905e-2	3.32318615745631831796444373712e-3
1.024e-03	-2.84007838125348975302118140652e-2	3.33596144440248347911897297287e-3
1.025e-03	-2.83941198860684571112362859241e-2	3.34878008686952438648214829896e-3
1.026e-03	-2.83874162392381930206157289966e-2	3.36164223141497627210373309824e-3
1.027e-03	-2.83806721834031929862906621106e-2	3.37454873024323805425197238387e-3
1.028e-03	-2.83738876201208515087434269565e-2	3.38749974600772494305000997110e-3
1.029e-03	-2.83670622484243956934291774853e-2	3.40049567929810576410721460603e-3
1.030e-03	-2.83601957623043958639219247919e-2	3.41353693769105932106482196248e-3
1.031e-03	-2.83532876391748104664018848956e-2	3.42662418516981019425755403306e-3
1.032e-03	-2.83463379829742858486042254369e-2	3.43975734846773039085759657712e-3
1.033e-03	-2.83393460465069377168507911339e-2	3.45293735892594726301909404110e-3
1.034e-03	-2.83323119323646429881585854645e-2	3.46616414577696790555729154238e-3
1.035e-03	-2.83252348723044241468956851098e-2	3.47943866883261119515320967349e-3
1.036e-03	-2.83181147434709286089435403841e-2	3.49276112582032400569545331868e-3
1.037e-03	-2.83109512007411244094194353085e-2	3.50613197840696472639882560000e-3
1.038e-03	-2.83037438928338886422301968099e-2	3.51955169676082577624760944173e-3
1.039e-03	-2.82964924621495332441989167242e-2	3.53302075976974777189615350910e-3
1.040e-03	-2.82891963102557429074263614260e-2	3.54653993482822737367489753126e-3
1.041e-03	-2.82818555323795358832451039644e-2	3.56010916344418522979930366742e-3
1.042e-03	-2.82744692794408362583706271629e-2	3.57372951490396762097970350054e-3
1.043e-03	-2.82670376437397436640317311374e-2	3.58740093531736138293375100705e-3
1.044e-03	-2.82595597508886923580895119982e-2	3.60112452827892562076065799635e-3
1.045e-03	-2.82520354414131107306430196716e-2	3.61490054332385785456905001598e-3
1.046e-03	-2.82444643083794061813699113132e-2	3.62872952732385345861146839279e-3
1.047e-03	-2.82368459370334088384701458401e-2	3.64261203791399579145714694875e-3
1.048e-03	-2.82291799045820553478561425603e-2	3.65654864379007500310564711636e-3
1.049e-03	-2.82214655195631024648375553770e-2	3.67054023923744941647109372741e-3
1.050e-03	-2.82137028601154385420045407542e-2	3.68458679172097837087399300713e-3
1.051e-03	-2.82058909539216916489654677629e-2	3.69868953774325227280835480211e-3
1.052e-03	-2.81980296039479202728888522965e-2	3.71284877941875026384299423349e-3
1.053e-03	-2.81901186166421324455876465878e-2	3.72706481456157985917111116693e-3
1.054e-03	-2.81821569727894510383644291196e-2	3.74133894339283763065004030443e-3
1.055e-03	-2.81741444562344772179139625658e-2	3.75567149465903119705926852514e-3
1.056e-03	-2.81660805708274410344712577313e-2	3.77006313787387780804543989999e-3
1.057e-03	-2.81579645233181069304712744055e-2	3.78451490623642420457444237080e-3
1.058e-03	-2.81497963662803133428858105064e-2	3.79902680421839866808939604545e-3
1.059e-03	-2.81415752881453724520862427841e-2	3.81359989027232770897807935405e-3
1.060e-03	-2.81333004517545268488344375158e-2	3.82823525754318806575927410272e-3
1.061e-03	-2.81249715956512903970198889556e-2	3.84293329762998851571793336040e-3
1.062e-03	-2.81165884609108105055416061706e-2	3.85769439906545337364564045728e-3
1.063e-03	-2.81081498653102774399553002392e-2	3.87252008385538258523312947110e-3
1.064e-03	-2.80996555207478997920796014630e-2	3.88741078045087475786067918710e-3
1.065e-03	-2.80911048246785139094469045595e-2	3.90236730434744007421139140766e-3
1.066e-03	-2.80824971607915310888604702065e-2	3.91739048991376890639531016842e-3
1.067e-03	-2.80738315739745579188966518474e-2	3.93248159140169817603599712997e-3
1.068e-03	-2.80651080640277393583337497824e-2	3.94764068762602720768181613769e-3
1.069e-03	-2.80563256500330383691732575935e-2	3.96286906829521732624720363129e-3
1.070e-03	-2.80474833186481530851205005757e-2	3.97816806722367448789186280631e-3
1.071e-03	-2.80385807060274580781935358950e-2	3.99353821732259531011936826914e-3
1.072e-03	-2.80296174488294174324528122103e-2	4.00898005112235099170053341493e-3
1.073e-03	-2.80205921327181417010629495661e-2	4.02449540705993124152317985758e-3
1.074e-03	-2.80115043545031430988939620142e-2	4.04008487218541018061227750367e-3
1.075e-03	-2.80023533507420957077853249905e-2	4.05574948248860782532415486264e-3
1.076e-03	-2.79931383386649319911957670094e-2	4.07149030043353845369212320934e-3
1.077e-03	-2.79838581460037360030956986095e-2	4.08730887708045776870806994946e-3
1.078e-03	-2.79745126831724313166331641403e-2	4.10320541517456414598131597285e-3
1.079e-03	-2.79651003609892761470095794559e-2	4.11918199186490128160811070219e-3
1.080e-03	-2.79556210657504088903390694389e-2	4.13523884315252735260897961299e-3
1.081e-03	-2.79460731425409724367657617158e-2	4.15137813598626494075781134147e-3
1.082e-03	-2.79364560557288583221874769052e-2	4.16760063931430805481498374677e-3
1.083e-03	-2.79267692657632785329690689867e-2	4.18390712763529488422926347628e-3
1.084e-03	-2.79170110108482230259745429696e-2	4.20029991396925687142566469328e-3
1.085e-03	-2.79071806928869266360590156388e-2	4.21677985293393696214999420930e-3
1.086e-03	-2.78972772904683224332038873968e-2	4.23334833378355457273523766208e-3
1.087e-03	-2.78872993294484905787495145251e-2	4.25000732051149848277919252816e-3
1.088e-03	-2.78772465694080991695913481487e-2	4.26675722328578120451424532154e-3
1.089e-03	-2.78671174797474871494453377503e-2	4.28360008341931685163042126453e-3
1.090e-03	-2.78569104724681175485718302984e-2	4.30053802071569827953881778360e-3
1.091e-03	-2.78466252439878437378371875547e-2	4.31757153195159980134781065503e-3
1.092e-03	-2.78362596872269473297448842871e-2	4.33470340243092253802531615907e-3
1.093e-03	-2.78258129890510578449293914759e-2	4.35193478141602273205544146040e-3
1.094e-03	-2.78152838551888618851022124784e-2	4.36926743172936725345716750670e-3
1.095e-03	-2.78046709502448523270684200899e-2	4.38670317249338775576927050666e-3
1.096e-03	-2.77939728958194720485491367780e-2	4.40424388170435553042523806612e-3
1.097e-03	-2.77831882685167352791123620879e-2	4.42189149896049748464092184426e-3
1.098e-03	-2.77723155978309578099105532986e-2	4.43964802835583075566469594378e-3
1.099e-03	-2.77613533639034804251399808511e-2	4.45751554155221819143960171784e-3
1.100e-03	-2.77502994828566250024139123646e-2	4.47549683729372343197799895982e-3
1.101e-03	-2.77391533454318797264791679651e-2	4.49359283080224952063672521333e-3
1.102e-03	-2.77279122358847586566460767714e-2	4.51180714083825914286424136055e-3
1.103e-03	-2.77165754599901598491490044766e-2	4.53014079884033072201393459907e-3
1.104e-03	-2.77051401466072026461622961730e-2	4.54859763647440416578089620167e-3
1.105e-03	-2.76936049517496330918337977835e-2	4.56717952970908098240007816070e-3
1.106e-03	-2.76819684964031379201066007206e-2	4.58588840228909358658485973864e-3
1.107e-03	-2.76702276481540106353785139527e-2	4.60472844392217053548036215575e-3
1.108e-03	-2.76583808681555716829091164541e-2	4.62370179727613511164527983669e-3
1.109e-03	-2.76464253903346153539634241232e-2	4.64281219568006549088526167265e-3
1.110e-03	-2.76343601266989201734511940921e-2	4.66206120906106116081044162140e-3
1.111e-03	-2.76221821433414551697256136095e-2	4.68145280052574476798645072777e-3
1.112e-03	-2.76098889915637442046312638321e-2	4.70099031365243125635962549936e-3
1.113e-03	-2.75974774874509144743640873015e-2	4.72067805438631511819509857190e-3
1.114e-03	-2.75849462265129407551291035650e-2	4.74051802545940177158237674104e-3
1.115e-03	-2.75722911566783772280324365578e-2	4.76051567740577994375422687481e-3
1.116e-03	-2.75595106806737141201109324345e-2	4.78067327661289817939500595679e-3
1.117e-03	-2.75466004484315461025095876206e-2	4.80099668227459194290558715580e-3
1.118e-03	-2.75335579494912440786819172949e-2	4.82148936710000841022454221123e-3
1.119e-03	-2.75203798703032185686194504260e-2	4.84215585940354320580389178712e-3
1.120e-03	-2.75070634579206560520466530272e-2	4.86299996344240339066986155350e-3
1.121e-03	-2.74936036505868843294699392189e-2	4.88402851454752708742634773807e-3
1.122e-03	-2.74799973337709641887250844976e-2	4.90524581257029780012948372669e-3
1.123e-03	-2.74662404952394133852745696888e-2	4.92665734316771895565994886266e-3
1.124e-03	-2.74523281401111767720531523804e-2	4.94826989506630842838604188441e-3
1.125e-03	-2.74382573624996626280959487301e-2	4.97008752509251607426481158222e-3
1.126e-03	-2.74240227208865275176017652177e-2	4.99211763390333040986948333168e-3
1.127e-03	-2.74096192763426893944254198265e-2	5.01436697720078276701876774203e-3
1.128e-03	-2.73950409697483728353914685978e-2	5.03684380320593154773127414941e-3
1.129e-03	-2.73802839477009123280811040338e-2	5.05955346581086227943501686911e-3
1.130e-03	-2.73653406623248612293458003871e-2	5.08250621129794363608198746277e-3
1.131e-03	-2.73502066515472699832483245113e-2	5.10570822702262793143217344193e-3
1.132e-03	-2.73348735524465164100831340196e-2	5.12917087770663369020402339869e-3
1.133e-03	-2.73193361750797445346654336572e-2	5.15290134760280283025565431276e-3
1.134e-03	-2.73035851959014763755879742124e-2	5.17691231972663435089910658485e-3
1.135e-03	-2.72876135632301020292197880379e-2	5.20121348863185831343153798620e-3
1.136e-03	-2.72714127550843804895554216379e-2	5.22581652273116078124617491248e-3
1.137e-03	-2.72549746750862035419201072731e-2	5.25073254768186426707720346719e-3
1.138e-03	-2.72382874826877396312891938093e-2	5.27597770100035652405697424172e-3
1.139e-03	-2.72213416436278865779973693723e-2	5.30156508091084737675077491931e-3
1.140e-03	-2.72041257913711589381116055334e-2	5.32751025746483290205571553844e-3
1.141e-03	-2.71866276414662370011928826292e-2	5.35383005994130634089409958290e-3
1.142e-03	-2.71688338834710781199611379685e-2	5.38054272520227440744882016621e-3
1.143e-03	-2.71507300558970698398996945412e-2	5.40766806936717734966834853976e-3
1.144e-03	-2.71323004007880635364791688124e-2	5.43522768745461605917299304273e-3
1.145e-03	-2.71135276937223247228307845690e-2	5.46324518677703508309312496724e-3
1.146e-03	-2.70943930439546950277835808880e-2	5.49174646134505053079269343861e-3
1.147e-03	-2.70748756580184444535904021608e-2	5.52076001645856055034459586376e-3
1.148e-03	-2.70549525582632988756287278325e-2	5.55031735519392348260663779440e-3
1.149e-03	-2.70345997084618690855175505400e-2	5.58045146986997383171310554951e-3
1.150e-03	-2.70137858058735020540966151477e-2	5.61120521757601757812622389491e-3
1.151e-03	-2.69924804098821723153964047803e-2	5.64262038283270632022321444392e-3
1.152e-03	-2.69706476279244431965119695036e-2	5.67474619771731565045432601914e-3
1.153e-03	-2.69482467705675375537721247984e-2	5.70763848031429752044432689931e-3
1.154e-03	-2.69252313978072678553767532294e-2	5.74136094469844990220746017930e-3
1.155e-03	-2.69015499557383978826656094628e-2	5.77598435959245367742123426622e-3
1.156e-03	-2.68771369018393876435172662332e-2	5.81159860538965084304220854226e-3
1.157e-03	-2.68519235361342704586572452049e-2	5.84829802958096371375419072190e-3
1.158e-03	-2.68258222369606746472492628476e-2	5.88620287036670406561942796049e-3
1.159e-03	-2.67987302341649909136183517284e-2	5.92545420666791860407149021824e-3
1.160e-03	-2.67705226113375798395759843381e-2	5.96622353926932168202986451769e-3
1.161e-03	-2.67410449569376010323759069944e-2	6.00872288883675343187877458270e-3
1.162e-03	-2.67101052827245158092853942472e-2	6.05321592716773549436987670065e-3
1.163e-03	-2.66774496959798078896091418777e-2	6.10005132788424776043804649821e-3
1.164e-03	-2.66427434200716702201538288589e-2	6.14968893499716401225951837959e-3
1.165e-03	-2.66055307373164432425841698700e-2	6.20275482949669343296820779399e-3
1.166e-03	-2.65651298298279037760244550190e-2	6.26018571185054750909085806215e-3
1.167e-03	-2.65205078573265288079826490021e-2	6.32340085342000529721184981897e-3
1.168e-03	-2.64698743098973672686372250188e-2	6.39486087793328553311361104496e-3
1.169e-03	-2.64096128244216817821163412279e-2	6.47953626603584886531251566073e-3
1.170e-03	-2.63296384999480613176621610801e-2	6.59129009794528963625213186027e-3
