0.000e+00	-3.12500000000000000000000000000e-2	0
1.000e-06	-3.12500045120019662791488952531e-2	0
2.000e-06	-3.12500180480314605896530592385e-2	0
3.000e-06	-3.12500406081592702726923693955e-2	0
4.000e-06	-3.12500721925033773044242655740e-2	0
5.000e-06	-3.12501128012289629075745058586e-2	0
6.000e-06	-3.12501624345484140084467352761e-2	0
7.000e-06	-3.12502210927213315400839332539e-2	0
8.000e-06	-3.12502887760545405925511856453e-2	0
9.000e-06	-3.12503654849021024115251523646e-2	0
1.000e-05	-3.12504512196653282465918232741e-2	0
1.100e-05	-3.12505459807927950508707269561e-2	0
1.200e-05	-3.12506497687803630338007338722e-2	0
1.300e-05	-3.12507625841711950691400312920e-2	0
1.400e-05	-3.12508844275557779604507974651e-2	0
1.500e-05	-3.12510152995719455665576212486e-2	0
1.600e-05	-3.12511552009049037896878565248e-2	0
1.700e-05	-3.12513041322872574292219232812e-2	0
1.800e-05	-3.12514620944990389042021253031e-2	0
1.900e-05	-3.12516290883677388479699040605e-2	0
2.000e-05	-3.12518051147683385785236461607e-2	0
2.100e-05	-3.12519901746233444484122652705e-2	0
2.200e-05	-3.12521842689028240782038609100e-2	0
2.300e-05	-3.12523873986244444777937459692e-2	0
2.400e-05	-3.12525995648535120600423618578e-2	0
2.500e-05	-3.12528207687030145514614609566e-2	0
2.600e-05	-3.12530510113336648048934054215e-2	0
2.700e-05	-3.12532902939539465193627857059e-2	0
2.800e-05	-3.12535386178201618725009726813e-2	0
2.900e-05	-3.12537959842364810711948307091e-2	0
3.000e-05	-3.12540623945549938263169616300e-2	0
3.100e-05	-3.12543378501757627576618244422e-2	0
3.200e-05	-3.12546223525468787354298615296e-2	0
3.300e-05	-3.12549159031645181648235868302e-2	0
3.400e-05	-3.12552185035730022206285410575e-2	0
3.500e-05	-3.12555301553648580387789479446e-2	0
3.600e-05	-3.12558508601808818722991491580e-2	0
3.700e-05	-3.12561806197102042190381270748e-2	0
3.800e-05	-3.12565194356903569292402362022e-2	0
3.900e-05	-3.12568673099073423008182763366e-2	0
4.000e-05	-3.12572242441957041705129190111e-2	0
4.100e-05	-3.12575902404386010098769007720e-2	0
4.200e-05	-3.12579653005678810346061384513e-2	0
4.300e-05	-3.12583494265641593363412672466e-2	0
4.400e-05	-3.12587426204568970463474541456e-2	0
4.500e-05	-3.12591448843244825406047434729e-2	0
4.600e-05	-3.12595562202943146962035118937e-2	0
4.700e-05	-3.12599766305428882091809690553e-2	0
4.800e-05	-3.12604061172958809841726919509e-2	0
4.900e-05	-3.12608446828282436066066530644e-2	0
5.000e-05	-3.12612923294642909083393930424e-2	0
5.100e-05	-3.12617490595777956380160729629e-2	0
5.200e-05	-3.12622148755920842476505778533e-2	0
5.300e-05	-3.12626897799801348072187536283e-2	0
5.400e-05	-3.12631737752646770593880270274e-2	0
5.500e-05	-3.12636668640182946267454751516e-2	0
5.600e-05	-3.12641690488635293842044251204e-2	0
5.700e-05	-3.12646803324729880095888350401e-2	0
5.800e-05	-3.12652007175694507256631249432e-2	0
5.900e-05	-3.12657302069259822471957622187e-2	0
6.000e-05	-3.12662688033660449469698414084e-2	0
6.100e-05	-3.12668165097636142549476120004e-2	0
6.200e-05	-3.12673733290432963051110142020e-2	0
6.300e-05	-3.12679392641804478448573897441e-2	0
6.400e-05	-3.12685143182012984220993611430e-2	0
6.500e-05	-3.12690984941830748655684084481e-2	0
6.600e-05	-3.12696917952541280743396379516e-2	0
6.700e-05	-3.12702942245940621323632467788e-2	0
6.800e-05	-3.12709057854338657650995226503e-2	0
6.900e-05	-3.12715264810560461545310608291e-2	0
7.000e-05	-3.12721563147947651302788327478e-2	0
7.100e-05	-3.12727952900359777541350672236e-2	0
7.200e-05	-3.12734434102175733160587535340e-2	0
7.300e-05	-3.12741006788295187599448861467e-2	0
7.400e-05	-3.12747670994140045578653372379e-2	0
7.500e-05	-3.12754426755655930518593535490e-2	0
7.600e-05	-3.12761274109313692827371606894e-2	0
7.700e-05	-3.12768213092110943257514256725e-2	0
7.800e-05	-3.12775243741573611533885667244e-2	0
7.900e-05	-3.12782366095757530459351835372e-2	0
8.000e-05	-3.12789580193250045708843982119e-2	0
8.100e-05	-3.12796886073171651526627923109e-2	0
8.200e-05	-3.12804283775177652545810570758e-2	0
8.300e-05	-3.12811773339459851953406066905e-2	0
8.400e-05	-3.12819354806748266228644038990e-2	0
8.500e-05	-3.12827028218312866686632843729e-2	0
8.600e-05	-3.12834793615965348063993159640e-2	0
8.700e-05	-3.12842651042060924387341045024e-2	0
8.800e-05	-3.12850600539500152372343727100e-2	0
8.900e-05	-3.12858642151730782599215173517e-2	0
9.000e-05	-3.12866775922749638726321596103e-2	0
9.100e-05	-3.12875001897104524997447183055e-2	0
9.200e-05	-3.12883320119896162309861743428e-2	0
9.300e-05	-3.12891730636780153113183100755e-2	0
9.400e-05	-3.12900233493968975414491224608e-2	0
9.500e-05	-3.12908828738234006170389184645e-2	0
9.600e-05	-3.12917516416907574352036393536e-2	0
9.700e-05	-3.12926296577885043974604592399e-2	0
9.800e-05	-3.12935169269626927388129006520e-2	0
9.900e-05	-3.12944134541161029132348505439e-2	0
1.000e-04	-3.12953192442084620663851954590e-2	0
1.010e-04	-3.12962343022566646269675825179e-2	0
1.020e-04	-3.12971586333349960487433190412e-2	0
1.030e-04	-3.12980922425753597358099205226e-2	0
1.040e-04	-3.12990351351675071843735847134e-2	0
1.050e-04	-3.12999873163592713748711970741e-2	0
1.060e-04	-3.13009487914568034489366561248e-2	0
1.070e-04	-3.13019195658248127063576511616e-2	0
1.080e-04	-3.13028996448868099578328430723e-2	0
1.090e-04	-3.13038890341253542700160142174e-2	0
1.100e-04	-3.13048877390823031400234974943e-2	0
1.110e-04	-3.13058957653590661372844097082e-2	0
1.120e-04	-3.13069131186168620513302518222e-2	0
1.130e-04	-3.13079398045769795848516608935e-2	0
1.140e-04	-3.13089758290210416320958784430e-2	0
1.150e-04	-3.13100211977912731834392218402e-2	0
1.160e-04	-3.13110759167907728977449047151e-2	0
1.170e-04	-3.13121399919837883849083572630e-2	0
1.180e-04	-3.13132134293959952418001676501e-2	0
1.190e-04	-3.13142962351147798856413347640e-2	0
1.200e-04	-3.13153884152895262296871367595e-2	0
1.210e-04	-3.13164899761319062469550394856e-2	0
1.220e-04	-3.13176009239161744686091689090e-2	0
1.230e-04	-3.13187212649794664645094416862e-2	0
1.240e-04	-3.13198510057221013543479934142e-2	0
1.250e-04	-3.13209901526078883987295862292e-2	0
1.260e-04	-3.13221387121644377205067544802e-2	0
1.270e-04	-3.13232966909834752076551147470e-2	0
1.280e-04	-3.13244640957211616499700982137e-2	0
1.290e-04	-3.13256409330984161628839517581e-2	0
1.300e-04	-3.13268272099012439527418111859e-2	0
1.310e-04	-3.13280229329810684789386081804e-2	0
1.320e-04	-3.13292281092550680694051852435e-2	0
1.330e-04	-3.13304427457065170470429358997e-2	0
1.340e-04	-3.13316668493851314258422590288e-2	0
1.350e-04	-3.13329004274074192365818390022e-2	0
1.360e-04	-3.13341434869570355431939844122e-2	0
1.370e-04	-3.13353960352851422120967509837e-2	0
1.380e-04	-3.13366580797107724980371388500e-2	0
1.390e-04	-3.13379296276212005112621193302e-2	0
1.400e-04	-3.13392106864723156321364694407e-2	0
1.410e-04	-3.13405012637890019406592622136e-2	0
1.420e-04	-3.13418013671655227296952980869e-2	0
1.430e-04	-3.13431110042659101721347212735e-2	0
1.440e-04	-3.13444301828243602136245342488e-2	0
1.450e-04	-3.13457589106456327639807289374e-2	0
1.460e-04	-3.13470971956054572618903588487e-2	0
1.470e-04	-3.13484450456509436890501862955e-2	0
1.480e-04	-3.13498024688009991114636988834e-2	0
1.490e-04	-3.13511694731467498272324895434e-2	0
1.500e-04	-3.13525460668519692018324705030e-2	0
1.510e-04	-3.13539322581535112735614279479e-2	1.30512221017601692734817980517e-22
1.520e-04	-3.13553280553617502135833556715e-2	1.88450404469340742983761552091e-22
1.530e-04	-3.13567334668610257267782210257e-2	2.79020929106247783612429789575e-22
1.540e-04	-3.13581485011100944814347589577e-2	4.16426667788537992827207706670e-22
1.550e-04	-3.13595731666425876577000630023e-2	6.21719644698966599106368394489e-22
1.560e-04	-3.13610074720674747066247105512e-2	9.25543236733011462416673675589e-22
1.570e-04	-3.13624514260695334136175536505e-2	1.37203385779971807849824439792e-21
1.580e-04	-3.13639050374098263621518248086e-2	2.02429404957754032895563281365e-21
1.590e-04	-3.13653683149261838956456209212e-2	2.97200224602235429658345631560e-21
1.600e-04	-3.13668412675336936775769852126e-2	4.34192429700181471151353509533e-21
1.610e-04	-3.13683239042251969520886353333e-2	6.31235346086305956460866445938e-21
1.620e-04	-3.13698162340717916095918992274e-2	9.13284796695031207100991033746e-21
1.630e-04	-3.13713182662233421641957229507e-2	1.31510821816879653804462816486e-20
1.640e-04	-3.13728300099089967521669058346e-2	1.88492087182094052875385737192e-20
1.650e-04	-3.13743514744377112630742987338e-2	2.68928819272917573335339714438e-20
1.660e-04	-3.13758826691987807177849784686e-2	3.81970648933557462507244311049e-20
1.670e-04	-3.13774236036623780100669074052e-2	5.40139906467930218913945321754e-20
1.680e-04	-3.13789742873801001312129435325e-2	7.60502461715712072705952199803e-20
1.690e-04	-3.13805347299855219998380535754e-2	1.06621984492214285463791716659e-19
1.700e-04	-3.13821049411947580218181058158e-2	1.48859855909975354336891244362e-19
1.710e-04	-3.13836849308070315082377311526e-2	2.06978519698435472951438776205e-19
1.720e-04	-3.13852747087052520821996447888e-2	2.86629717630304320567273741014e-19
1.730e-04	-3.13868742848566012084218846423e-2	3.95363062122901836736136628838e-19
1.740e-04	-3.13884836693131259827161873463e-2	5.43225159005685396304787273079e-19
1.750e-04	-3.13901028722123413217039148239e-2	7.43535743325578798659876183784e-19
1.760e-04	-3.13917319037778406964894861944e-2	1.01388951250920042368000391165e-18
1.770e-04	-3.13933707743199155574792927048e-2	1.37744472160066384478327330377e-18
1.780e-04	-3.13950194942361836011109306461e-2	1.86457487188357701585906420843e-18
1.790e-04	-3.13966780740122260329478680353e-2	2.51497858589848228218122780699e-18
1.800e-04	-3.13983465242222339854032048529e-2	3.38036574361055061726704999393e-18
1.810e-04	-3.14000248555296642522880992708e-2	4.52786601409843614130634511737e-18
1.820e-04	-3.14017130786879045064411010973e-2	6.04434006576878902415940516453e-18
1.830e-04	-3.14034112045409481708897447724e-2	8.04181517056220226775731820791e-18
1.840e-04	-3.14051192440240791183313101322e-2	1.06643170279026189406353772196e-17
1.850e-04	-3.14068372081645663782019967680e-2	1.40964300622559936797222480757e-17
1.860e-04	-3.14085651080823690352395670464e-2	1.85739910928171811745016754211e-17
1.870e-04	-3.14103029549908515082408561247e-2	2.43974083615715776544998373296e-17
1.880e-04	-3.14120507601975094026798789119e-2	3.19482019926506866761427843498e-17
1.890e-04	-3.14138085351047061359924502776e-2	4.17094860256987936413916904677e-17
1.900e-04	-3.14155762912104205396575743564e-2	5.42912596153710410491638728666e-17
1.910e-04	-3.14173540401090056477231025740e-2	7.04615497820720275176969291557e-17
1.920e-04	-3.14191417934919588871425314518e-2	9.11846547072444258716707618765e-17
1.930e-04	-3.14209395631487038912210263674e-2	1.17667980155166452459313563365e-16
1.940e-04	-3.14227473609673841636220438823e-2	1.51419248052032181387115872716e-16
1.950e-04	-3.14245651989356688267720411722e-2	1.94316192179305972491989944516e-16
1.960e-04	-3.14263930891415706951310126425e-2	2.48691248988815053972978722840e-16
1.970e-04	-3.14282310437742769206828515271e-2	3.17434210164852790638039338060e-16
1.980e-04	-3.14300790751249924651542479585e-2	4.04116337527769795245949265509e-16
1.990e-04	-3.14319371955877966609070464916e-2	5.13140060820482352342748025302e-16
2.000e-04	-3.14338054176605131301803399441e-2	6.49919097326431313128816787153e-16
2.010e-04	-3.14356837539455933403993279344e-2	8.21094662458597806354385599543e-16
2.020e-04	-3.14375722171510140816329884856e-2	1.03479439780648324703024091750e-15
2.030e-04	-3.14394708200911891609873874169e-2	1.30094174473270737758412650361e-15
2.040e-04	-3.14413795756878956177820853177e-2	1.63162475576126614774427295835e-15
2.050e-04	-3.14432984969712147727903057711e-2	2.04153478447101685451215768584e-15
2.060e-04	-3.14452275970804884346466069510e-2	2.54848714961595440643120368754e-15
2.070e-04	-3.14471668892652905967566362866e-2	3.17403775667774636818277812096e-15
2.080e-04	-3.14491163868864149687005846128e-2	3.94421180857689216375415242156e-15
2.090e-04	-3.14510761034168786972241581879e-2	4.89036317592775392274300248709e-15
2.100e-04	-3.14530460524429426434777098346e-2	6.05018576260561239801252565155e-15
2.110e-04	-3.14550262476651485952155155960e-2	7.46890132868339426698544941513e-15
2.120e-04	-3.14570167028993738052233456208e-2	9.20065176167081471502603237403e-15
2.130e-04	-3.14590174320779032603240858538e-2	1.13101277640496730915432156637e-14
2.140e-04	-3.14610284492505200989391123040e-2	1.38744703922465593347840940760e-14
2.150e-04	-3.14630497685856146093784790302e-2	1.69854869004051065401099476649e-14
2.160e-04	-3.14650814043713122558169267447e-2	2.07522279580808257820329133866e-14
2.170e-04	-3.14671233710166211943064199132e-2	2.53039795913766244062203164482e-14
2.180e-04	-3.14691756830525997572004311260e-2	3.07937302024748379626359281589e-14
2.190e-04	-3.14712383551335444010413317785e-2	3.74021808310411080548703087535e-14
2.200e-04	-3.14733114020381986303104688784e-2	4.53423754899454074416084653871e-14
2.210e-04	-3.14753948386709834274807472996e-2	5.48650380443414083170308576565e-14
2.220e-04	-3.14774886800632497385630634983e-2	6.62647127656207212082086967897e-14
2.230e-04	-3.14795929413745535828191806346e-2	7.98868174909275374947832681830e-14
2.240e-04	-3.14817076378939543755420066240e-2	9.61357313374139558284531288405e-14
2.250e-04	-3.14838327850413370737959334387e-2	1.15484053289163940683280497513e-13
2.260e-04	-3.14859683983687587767796972029e-2	1.38483183741883622455338979264e-13
2.270e-04	-3.14881144935618204350352676719e-2	1.65775398464132257079481580204e-13
2.280e-04	-3.14902710864410643460898506875e-2	1.98107603441608603200428342830e-13
2.290e-04	-3.14924381929633981382933605960e-2	2.36346979904763094733587441550e-13
2.300e-04	-3.14946158292235459696075057878e-2	2.81498751606417805918084181922e-13
2.310e-04	-3.14968040114555276939191241004e-2	3.34726331263164505352186687734e-13
2.320e-04	-3.14990027560341667740909076287e-2	3.97374130148602250426058031409e-13
2.330e-04	-3.15012120794766277484252969254e-2	4.70993344281657218493354516929e-13
2.340e-04	-3.15034319984439840854967665048e-2	5.57371062649258235737318772437e-13
2.350e-04	-3.15056625297428172913948701953e-2	6.58563077605631151270624317801e-13
2.360e-04	-3.15079036903268481633021040181e-2	7.76930815172521429901421274263e-13
2.370e-04	-3.15101554972986011139893384414e-2	9.15182843603639576178275645499e-13
2.380e-04	-3.15124179679111025232250476466e-2	1.07642146245596874269074234459e-12
2.390e-04	-3.15146911195696141042355899984e-2	1.26419492171894459288898443861e-12
2.400e-04	-3.15169749698334023061898225321e-2	1.48255587148348768796113568462e-12
2.410e-04	-3.15192695364175448071741699436e-2	1.73612669738453171943446380182e-12
2.420e-04	-3.15215748371947751862297703964e-2	2.03017245582522321064511719748e-12
2.430e-04	-3.15238908901973668976910717161e-2	2.37068218599414186791114941620e-12
2.440e-04	-3.15262177136190577062382583522e-2	2.76445944312753421209567853156e-12
2.450e-04	-3.15285553258170157766902857576e-2	3.21922296955796057066759901401e-12
2.460e-04	-3.15309037453138486485500433530e-2	3.74371849704204284925278336114e-12
2.470e-04	-3.15332629907996563615897699053e-2	4.34784275588740892910536235759e-12
2.480e-04	-3.15356330811341300352470936098e-2	5.04278085371707649414157731024e-12
2.490e-04	-3.15380140353486972411957717020e-2	5.84115827953259692381100141079e-12
2.500e-04	-3.15404058726487155450579655372e-2	6.75720888727820289249072151118e-12
2.510e-04	-3.15428086124157156297258507146e-2	7.80696031757770415952376655756e-12
2.520e-04	-3.15452222742096954490400727709e-2	9.00843842692155264288901328160e-12
2.530e-04	-3.15476468777714668965027063451e-2	1.03818924105268125169558544933e-11
2.540e-04	-3.15500824430250565091457417888e-2	1.19500424285760032140513774804e-11
2.550e-04	-3.15525289900801617614862920312e-2	1.37383516757539384734755442372e-11
2.560e-04	-3.15549865392346645385212547777e-2	1.57753249711293619547731140868e-11
2.570e-04	-3.15574551109772034097821503265e-2	1.80928360896464003467387750741e-11
2.580e-04	-3.15599347259898063584112860473e-2	2.07264862079658535075258166094e-11
2.590e-04	-3.15624254051505856498498601745e-2	2.37159959962833273081264317038e-11
2.600e-04	-3.15649271695364965538544211690e-2	2.71056340541931026538126011666e-11
2.610e-04	-3.15674400404261616609783661425e-2	3.09446845627927478638457048233e-11
2.620e-04	-3.15699640393027625601588713984e-2	3.52879572071482395434339952720e-11
2.630e-04	-3.15724991878570006674174153252e-2	4.01963426130609385918594247025e-11
2.640e-04	-3.15750455079901290166839123671e-2	4.57374167398767679818225574468e-11
2.650e-04	-3.15776030218170568421552100693e-2	5.19860978769160137398646260602e-11
2.660e-04	-3.15801717516695287971505172617e-2	5.90253601050206823276631883957e-11
2.670e-04	-3.15827517200993806668781388239e-2	6.69470073067350086962572950442e-11
2.680e-04	-3.15853429498818734416166428862e-2	7.58525120387502358454804559713e-11
2.690e-04	-3.15879454640191076222730444820e-2	8.58539238184295630468657833230e-11
2.700e-04	-3.15905592857435196318324042565e-2	9.70748516224299221408007812709e-11
2.710e-04	-3.15931844385214622035834741545e-2	1.09651525649573782910870152814e-10
2.720e-04	-3.15958209460568706098945845016e-2	1.23733943663325354529530096731e-10
2.730e-04	-3.15984688322950165834454813947e-2	1.39487107490371079881064992515e-10
2.740e-04	-3.16011281214263517658850156793e-2	1.57092355554061134057598192693e-10
2.750e-04	-3.16037988378904424965886639762e-2	1.76748797564868344711814700479e-10
2.760e-04	-3.16064810063799977262271526560e-2	1.98674857822016601727643873114e-10
2.770e-04	-3.16091746518449918059233734292e-2	2.23109933854982027895867100222e-10
2.780e-04	-3.16118797994968838625556945967e-2	2.50316177446316104251550170707e-10
2.790e-04	-3.16145964748129354239763702414e-2	2.80580405387243265646926792202e-10
2.800e-04	-3.16173247035406279041932686975e-2	3.14216147634395677270727162042e-10
2.810e-04	-3.16200645117021814976825302617e-2	3.51565840858353177340193357587e-10
2.820e-04	-3.16228159255991769635642526873e-2	3.93003175701906998244900446971e-10
2.830e-04	-3.16255789718172817041884389885e-2	4.38935606397673450432492667617e-10
2.840e-04	-3.16283536772310814582762991058e-2	4.89807031730320752615344831778e-10
2.850e-04	-3.16311400690090188361072194198e-2	5.46100656667671496638064234228e-10
2.860e-04	-3.16339381746184398227448995593e-2	6.08342044326697930027457115523e-10
2.870e-04	-3.16367480218307492648966850055e-2	6.77102368284290284581820523542e-10
2.880e-04	-3.16395696387266762374426740638e-2	7.53001875587962608605680472706e-10
2.890e-04	-3.16424030537016500563146491073e-2	8.36713571167638674345290435670e-10
2.900e-04	-3.16452482954712875657430235297e-2	9.28967134695565132127087583146e-10
2.910e-04	-3.16481053930769921786908174668e-2	1.03055308128642309236695257158e-9
2.920e-04	-3.16509743758916649903930974454e-2	1.14232717777300609099567948545e-9
2.930e-04	-3.16538552736255281150917965798e-2	1.26521512663351644112654350844e-9
2.940e-04	-3.16567481163320602159547728839e-2	1.40021752998367931889183918709e-9
2.950e-04	-3.16596529344140440068819367720e-2	1.54841514637952300797411111434e-9
2.960e-04	-3.16625697586297253031835665782e-2	1.71097445350382605982735405815e-9
2.970e-04	-3.16654986200990829842396218240e-2	1.88915353012985343938809107957e-9
2.980e-04	-3.16684395503102090075647994248e-2	2.08430827106902479923366341163e-9
2.990e-04	-3.16713925811257973767402550361e-2	2.29789894911347620349006866979e-9
3.000e-04	-3.16743577447897407194645016287e-2	2.53149713827895673513719183965e-9
3.010e-04	-3.16773350739338328720542488741e-2	2.78679301293697767486036034258e-9
3.020e-04	-3.16803246015845755964344686678e-2	3.06560303769640903487723342700e-9
3.030e-04	-3.16833263611700872739227606004e-2	3.36987806315257337610830294546e-9
3.040e-04	-3.16863403865271111263827528895e-2	3.70171184286507139299097407616e-9
3.050e-04	-3.16893667119081202094364854591e-2	4.06334998715281516235368993719e-9
3.060e-04	-3.16924053719885161056965458777e-2	4.45719936950474876526066740493e-9
3.070e-04	-3.16954564018739179187140794849e-2	4.88583800159618803243994623970e-9
3.080e-04	-3.16985198371075378292131605920e-2	5.35202539307227980126063157121e-9
3.090e-04	-3.17015957136776391208444866234e-2	5.85871341241041958151182689758e-9
3.100e-04	-3.17046840680250722285535986023e-2	6.40905766530121519284373967103e-9
3.110e-04	-3.17077849370508839811207029333e-2	7.00642940709137372058765130623e-9
3.120e-04	-3.17108983581239948345522551666e-2	7.65442800591034247446204620816e-9
3.130e-04	-3.17140243690889384989507352176e-2	8.35689397315427037500074755362e-9
3.140e-04	-3.17171630082736579508382020944e-2	9.11792257802449092983612182470e-9
3.150e-04	-3.17203143144973514213555514557e-2	9.94187806281187896198956189682e-9
3.160e-04	-3.17234783270783615275717121075e-2	1.08334084755817230751527194120e-8
3.170e-04	-3.17266550858421002707508114399e-2	1.17974611368448139130696557495e-8
3.180e-04	-3.17298446311290022071652827988e-2	1.28392987566979134531588108902e-8
3.190e-04	-3.17330470038024976336193443594e-2	1.39645162187792982399275107575e-8
3.200e-04	-3.17362622452569971956371794545e-2	1.51790580472113289047835332561e-8
3.210e-04	-3.17394903974258788293585473252e-2	1.64892365724906837516939587526e-8
3.220e-04	-3.17427315027894675457793967951e-2	1.79017508120367170913463303434e-8
3.230e-04	-3.17459856043829979928720443699e-2	1.94237060808181152655058155960e-8
3.240e-04	-3.17492527458045494019591551167e-2	2.10626343471463870403055390561e-8
3.250e-04	-3.17525329712229418723507637734e-2	2.28265153483505697023155611151e-8
3.260e-04	-3.17558263253855826060727844382e-2	2.47237984806296859545411622671e-8
3.270e-04	-3.17591328536262501324160189017e-2	2.67634254769168607781667552564e-8
3.280e-04	-3.17624526018728041477826234146e-2	2.89548538860805267801324199695e-8
3.290e-04	-3.17657856166548079975274793072e-2	3.13080813662328162573959367187e-8
3.300e-04	-3.17691319451110504043644986176e-2	3.38336708043120872957395100625e-8
3.310e-04	-3.17724916349969526938438999343e-2	3.65427762734546641550914207441e-8
3.320e-04	-3.17758647346918469099984394182e-2	3.94471698389694938987720560745e-8
3.330e-04	-3.17792512932061102376522399856e-2	4.25592692229776810941506464703e-8
3.340e-04	-3.17826513601881400619681478890e-2	4.58921663369761905408167476819e-8
3.350e-04	-3.17860649859311541851117073733e-2	4.94596566907306278018738975951e-8
3.360e-04	-3.17894922213797998363228273730e-2	5.32762696849955366994652536866e-8
3.370e-04	-3.17929331181365543710259577054e-2	5.73572997946015730777521782837e-8
3.380e-04	-3.17963877284679011820035697157e-2	6.17188386474367175191839495652e-8
3.390e-04	-3.17998561053102624820802943222e-2	6.63778080037834666432193438563e-8
3.400e-04	-3.18033383022756710615087266906e-2	7.13519936393550848446292833058e-8
3.410e-04	-3.18068343736571630975412389527e-2	7.66600801342016388196255549446e-8
3.420e-04	-3.18103443744338721555096007207e-2	8.23216865684309477378037597358e-8
3.430e-04	-3.18138683602758058016388676868e-2	8.83574031244102746976497831730e-8
3.440e-04	-3.18174063875482848653408243326e-2	9.47888285937825055402241491849e-8
3.450e-04	-3.18209585133160253540003644856e-2	1.01638608786245619493044353271e-7
3.460e-04	-3.18245247953468427739420451782e-2	1.08930475835607117027317579467e-7
3.470e-04	-3.18281052921149573186201899582e-2	1.16689288397136550786648060779e-7
3.480e-04	-3.18317000628038809245081050128e-2	1.24941072728699224742799050216e-7
3.490e-04	-3.18353091673088622669260213540e-2	1.33713064646565519405705987935e-7
3.500e-04	-3.18389326662388700654636580783e-2	1.43033752345151053606318247522e-7
3.510e-04	-3.18425706209180924282281120269e-2	1.52932920068257177813197791582e-7
3.520e-04	-3.18462230933869287415459738383e-2	1.63441692617649077828226134114e-7
3.530e-04	-3.18498901464024562321468809406e-2	1.74592580683029703152295425030e-7
3.540e-04	-3.18535718434383416195387054953e-2	1.86419526975650016301000996657e-7
3.550e-04	-3.18572682486841847813329043419e-2	1.98957953145929039496967671283e-7
3.560e-04	-3.18609794270442609926991795192e-2	2.12244807463561136309817005548e-7
3.570e-04	-3.18647054441356515420849901576e-2	2.26318613236641214347363040556e-7
3.580e-04	-3.18684463662857266696726300065e-2	2.41219517944372336249261752373e-7
3.590e-04	-3.18722022605289702695037676783e-2	2.56989343055903995655056939047e-7
3.600e-04	-3.18759731946031161924124555767e-2	2.73671634505818478434097109778e-7
3.610e-04	-3.18797592369445774955981888275e-2	2.91311713794713493979387732119e-7
3.620e-04	-3.18835604566831400474433092972e-2	3.09956729681244218070488189462e-7
3.630e-04	-3.18873769236359136966310053456e-2	3.29655710429866420829644744724e-7
3.640e-04	-3.18912087083004931893294467965e-2	3.50459616576414096090123849135e-7
3.650e-04	-3.18950558818473403305371573432e-2	3.72421394171471168987940855132e-7
3.660e-04	-3.18989185161113294603516005698e-2	3.95596028459379986113761355772e-7
3.670e-04	-3.19027966835824677936150133477e-2	4.20040597948529547618898404272e-7
3.680e-04	-3.19066904573957516257561877557e-2	4.45814328826430382619728533045e-7
3.690e-04	-3.19105999113201324097002329783e-2	4.72978649670915272297541196561e-7
3.700e-04	-3.19145251197466073195057651927e-2	5.01597246406615812914548250823e-7
3.710e-04	-3.19184661576753584559244531750e-2	5.31736117453785008867511091955e-7
3.720e-04	-3.19224231007019795983740043165e-2	5.63463629014316973637234732003e-7
3.730e-04	-3.19263960250027391914202218959e-2	5.96850570437768672756986689378e-7
3.740e-04	-3.19303850073188522427133220112e-2	6.31970209608087788194281404427e-7
3.750e-04	-3.19343901249398056421626388733e-2	6.68898348289617445034109952964e-7
3.760e-04	-3.19384114556856203884293589769e-2	7.07713377369083417705356378232e-7
3.770e-04	-3.19424490778881443508919200202e-2	7.48496331928075092168023376509e-7
3.780e-04	-3.19465030703712578454437029299e-2	7.91330946078813635060174953086e-7
3.790e-04	-3.19505735124301027344630565127e-2	8.36303707493855570496819792327e-7
3.800e-04	-3.19546604838091614401273060123e-2	8.83503911558891494999015042186e-7
3.810e-04	-3.19587640646793345390643882025e-2	9.33023715075636621522860463514e-7
3.820e-04	-3.19628843356139141361362587147e-2	9.84958189440419370326623958681e-7
3.830e-04	-3.19670213775634305836685311985e-2	1.03940537322237147235433397260e-6
3.840e-04	-3.19711752718294577137075400912e-2	1.09646632406340219553372607854e-6
3.850e-04	-3.19753461000372745625450000242e-2	1.15624516982096800679761311078e-6
3.860e-04	-3.19795339441074403980426188901e-2	1.21884915887304291276272609519e-6
3.870e-04	-3.19837388862261909146328766635e-2	1.28438870950369244006183708802e-6
3.880e-04	-3.19879610088148045516048110810e-2	1.35297745828604626184688403265e-6
3.890e-04	-3.19922003944978145071373787843e-2	1.42473230737891412906154725277e-6
3.900e-04	-3.19964571260700036481578777595e-2	1.49977347065231431481092674321e-6
3.910e-04	-3.20007312864625516758570877333e-2	1.57822451855536131021173129771e-6
3.920e-04	-3.20050229587076156680528365723e-2	1.66021242164178828366150787496e-6
3.930e-04	-3.20093322259023500288117313404e-2	1.74586759266379504732554516823e-6
3.940e-04	-3.20136591711713201821539465965e-2	1.83532392714942462797760165232e-6
3.950e-04	-3.20180038776281916194087150306e-2	1.92871884237367664516165861475e-6
3.960e-04	-3.20223664283359906428951909294e-2	2.02619331463754917154145577906e-6
3.970e-04	-3.20267469062668086029180837669e-2	2.12789191476482424144595547588e-6
3.980e-04	-3.20311453942596255979405358607e-2	2.23396284173323395766786953995e-6
3.990e-04	-3.20355619749780810865982357330e-2	2.34455795434721054315572754364e-6
4.000e-04	-3.20399967308663073823157971183e-2	2.45983280087179122194727874170e-6
4.010e-04	-3.20444497441044187982349888037e-2	2.57994664653661803185902951421e-6
4.020e-04	-3.20489210965624777858836665813e-2	2.70506249882928288423247112348e-6
4.030e-04	-3.20534108697539333273307289150e-2	2.83534713049057400389241413311e-6
4.040e-04	-3.20579191447879551864953591362e-2	2.97097110013116898081189116628e-6
4.050e-04	-3.20624460023205400794416038263e-2	3.11210877038950974721500507203e-6
4.060e-04	-3.20669915225053592792095529925e-2	3.25893832354708944441049990607e-6
4.070e-04	-3.20715557849428423078148015754e-2	3.41164177453045542593030966625e-6
4.080e-04	-3.20761388686298869426879343496e-2	3.57040498121282382734187112337e-6
4.090e-04	-3.20807408519064779364389024699e-2	3.73541765196066270689939348365e-6
4.100e-04	-3.20853618124043137528292330768e-2	3.90687335032804901852679575336e-6
4.110e-04	-3.20900018269923649851945241581e-2	4.08496949685702361702141580134e-6
4.120e-04	-3.20946609717227072598751725869e-2	4.26990736790105718952204914999e-6
4.130e-04	-3.20993393217759813368808097237e-2	4.46189209141177953166211695330e-6
4.140e-04	-3.21040369514059819901571845182e-2	4.66113263963255302406521012332e-6
4.150e-04	-3.21087539338829370251073057323e-2	4.86784181864656469043876572266e-6
4.160e-04	-3.21134903414378118761738095755e-2	5.08223625471094133139501750882e-6
4.170e-04	-3.21182462452042629320754903081e-2	5.30453637735149895790759268926e-6
4.180e-04	-3.21230217151618688062336246114e-2	5.53496639914768628909650341091e-6
4.190e-04	-3.21278168200783630882267679666e-2	5.77375429218262956503701108696e-6
4.200e-04	-3.21326316274504086521513106364e-2	6.02113176112718170584055666157e-6
4.210e-04	-3.21374662034464594214509038212e-2	6.27733421289604061902485620253e-6
4.220e-04	-3.21423206128465429174409142206e-2	6.54260072289200340086475708214e-6
4.230e-04	-3.21471949189849631282358852349e-2	6.81717399776308092318534981369e-6
4.240e-04	-3.21520891836895240111355134641e-2	7.10130033471248882992616197565e-6
4.250e-04	-3.21570034672243341491599146203e-2	7.39522957728175825992524608657e-6
4.260e-04	-3.21619378282286537198547122313e-2	7.69921506767283988666530891420e-6
4.270e-04	-3.21668923236593992994611386326e-2	8.01351359552963955202316974160e-6
4.280e-04	-3.21718670087324469549548633959e-2	8.33838534322924611816198151370e-6
4.290e-04	-3.21768619368625815447355554381e-2	8.67409382769628884215313791571e-6
4.300e-04	-3.21818771596046876206496638223e-2	9.02090583872507980340180997885e-6
4.310e-04	-3.21869127265970107172778231063e-2	9.37909137381421914700163271822e-6
4.320e-04	-3.21919686855035834507303035632e-2	9.74892356957226422314467075641e-6
4.330e-04	-3.21970450819539203693846486180e-2	1.01306786297553858112345856760e-5
4.340e-04	-3.22021419594898571331079985650e-2	1.05246357498368201610467288321e-5
4.350e-04	-3.22072593595061868248688529017e-2	1.09310770383311085362636246943e-5
4.360e-04	-3.22123973211943749932802129389e-2	1.13502874347963611056095833222e-5
4.370e-04	-3.22175558814897294096345578678e-2	1.17825546245518672798118741788e-5
4.380e-04	-3.22227350750173924475219838987e-2	1.22281689502371449825183303068e-5
4.390e-04	-3.22279349340358795418655545374e-2	1.26874233203057051160446122851e-5
4.400e-04	-3.22331554883836701259625430557e-2	1.31606131144353477438083777527e-5
4.410e-04	-3.22383967654304392001614173227e-2	1.36480360858905755478597336337e-5
4.420e-04	-3.22436587900266820330177084522e-2	1.41499922610226402245249252952e-5
4.430e-04	-3.22489415844500472697540662207e-2	1.46667838360370830551864528744e-5
4.440e-04	-3.22542451683557244425994657329e-2	1.51987150709853564797241527085e-5
4.450e-04	-3.22595695587329262218907190943e-2	1.57460921810183669670306125299e-5
4.460e-04	-3.22649147698591138777104602932e-2	1.63092232251639261414457427226e-5
4.470e-04	-3.22702808132497662625219648097e-2	1.68884179927994708119891856145e-5
4.480e-04	-3.22756676976134226364242797448e-2	1.74839878877270420532368263454e-5
4.490e-04	-3.22810754288179637379890497697e-2	1.80962458097979992363539384455e-5
4.500e-04	-3.22865040098371478510460976157e-2	1.87255060349367202581926760166e-5
4.510e-04	-3.22919534407237734948182878770e-2	1.93720840925872177553410380804e-5
4.520e-04	-3.22974237185573872034561394225e-2	2.00362966419729377906313918099e-5
4.530e-04	-3.23029148374223457100891877650e-2	2.07184613458994206761419813754e-5
4.540e-04	-3.23084267883613262113317207999e-2	2.14188967436385155555476025692e-5
4.550e-04	-3.23139595593402961531668680801e-2	2.21379221221196101211156439367e-5
4.560e-04	-3.23195131352255290730483958792e-2	2.28758573854905025546041774013e-5
4.570e-04	-3.23250874977605712405048967707e-2	2.36330229235014375576608879704e-5
4.580e-04	-3.23306826254990557417933665701e-2	2.44097394802874232241270355108e-5
4.590e-04	-3.23362984938393734150481444654e-2	2.52063280191406595380017093153e-5
4.600e-04	-3.23419350749291668827363485806e-2	2.60231095906960463176591847935e-5
4.610e-04	-3.23475923377172609715674465227e-2	2.68604051957893293984065858974e-5
4.620e-04	-3.23532702478600936236207869018e-2	2.77185356527508253667216944519e-5
4.630e-04	-3.23589687677568023571226836929e-2	2.85978214600967971467139672151e-5
4.640e-04	-3.23646878564949810799182196984e-2	2.94985826622216255096079189454e-5
4.650e-04	-3.23704274698671144359420967766e-2	3.04211387125951853524470688955e-5
4.660e-04	-3.23761875603226520001633062174e-2	3.13658083395772095672434149687e-5
4.670e-04	-3.23819680769924600375493098599e-2	3.23329094098055524946257179231e-5
4.680e-04	-3.23877689656403657499700040962e-2	3.33227587949805222462793904922e-5
4.690e-04	-3.23935901687079838389599950979e-2	3.43356722354748930599854849910e-5
4.700e-04	-3.23994316252185991286112581468e-2	3.53719642107608043781082201814e-5
4.710e-04	-3.24052932709014909943050759975e-2	3.64319478012109117168818548050e-5
4.720e-04	-3.24111750380572926659271499356e-2	3.75159345624181681990504179366e-5
4.730e-04	-3.24170768556427915181850826776e-2	3.86242343910087747418182809604e-5
4.740e-04	-3.24229986492648431561154468847e-2	3.97571553957782660025325609885e-5
4.750e-04	-3.24289403411552426379209836360e-2	4.09150037713941101873096882240e-5
4.760e-04	-3.24349018501897132695733498459e-2	4.20980836716581502064686441823e-5
4.770e-04	-3.24408830918767885618007314650e-2	4.33066970860968731036548090985e-5
4.780e-04	-3.24468839784015309934482264892e-2	4.45411437155857515029706605982e-5
4.790e-04	-3.24529044186419715527630458584e-2	4.58017208513007747424746657459e-5
4.800e-04	-3.24589443181440559301113964811e-2	4.70887232582206110607125881521e-5
4.810e-04	-3.24650035791544189603732881537e-2	4.84024430577848187438618859905e-5
4.820e-04	-3.24710821006126935522561053166e-2	4.97431696152904859219343153616e-5
4.830e-04	-3.24771797782412547024775742606e-2	5.11111894239021095508114156302e-5
4.840e-04	-3.24832965044697666372265110428e-2	5.25067860012737869203799006946e-5
4.850e-04	-3.24894321685585238721360868860e-2	5.39302397766616864744918886915e-5
4.860e-04	-3.24955866565459929489671695849e-2	5.53818279917780683806773540440e-5
4.870e-04	-3.25017598512669385532498584000e-2	5.68618246003851880649678118572e-5
4.880e-04	-3.25079516324722250526052456692e-2	5.83705001637736619802070163849e-5
4.890e-04	-3.25141618767681226763212292419e-2	5.99081217614617179224735991746e-5
4.900e-04	-3.25203904576381347821017846866e-2	6.14749528998036670862876018838e-5
4.910e-04	-3.25266372455829536703454718265e-2	6.30712534149699369480818672786e-5
4.920e-04	-3.25329021080079801076920122294e-2	6.46972793976358133570074880229e-5
4.930e-04	-3.25391849094114140230040531366e-2	6.63532830987210794571365194737e-5
4.940e-04	-3.25454855113046820072810695320e-2	6.80395128585665910234799579309e-5
4.950e-04	-3.25518037722872347274016277089e-2	6.97562130279962663716001666173e-5
4.960e-04	-3.25581395480350042020701639679e-2	7.15036238997526369810432231411e-5
4.970e-04	-3.25644926914863278162455795612e-2	7.32819816269613074311464277947e-5
4.980e-04	-3.25708630526865152756477894847e-2	7.50915181736101306471241186049e-5
4.990e-04	-3.25772504790366230353566925348e-2	7.69324612344002452999804034483e-5
5.000e-04	-3.25836548151812029834288788425e-2	7.88050341890387394960196709392e-5
5.010e-04	-3.25900759030392172270261795287e-2	8.07094560484593352623743899108e-5
5.020e-04	-3.25965135820351355885128620285e-2	8.26459413856616474732627330390e-5
5.030e-04	-3.26029676889655820914862949380e-2	8.46147003036047444608666137034e-5
5.040e-04	-3.26094380581048320852763166166e-2	8.66159383850027048646633719399e-5
5.050e-04	-3.26159245211760982090644479609e-2	8.86498566586930336815189877193e-5
5.060e-04	-3.26224269076241675648128325864e-2	9.07166515392725571018687842682e-5
5.070e-04	-3.26289450443640479545896760293e-2	9.28165148230152938975160257471e-5
5.080e-04	-3.26354787561465923358808299248e-2	9.49496336244910839936935644073e-5
5.090e-04	-3.26420278653719024857782349083e-2	9.71161903735274856967616256621e-5
5.100e-04	-3.26485921922179606844068462690e-2	9.93163627833066219806154884343e-5
5.110e-04	-3.26551715545922066845682981451e-2	1.01550323841192731521860469176e-4
5.120e-04	-3.26617657684772780311809608376e-2	1.03818241758402763375937254396e-4
5.130e-04	-3.26683746475898494822442629275e-2	1.06120280000726207825554009345e-4
5.140e-04	-3.26749980039608850250672931155e-2	1.08456597216413450554174193384e-4
5.150e-04	-3.26816356472251615690077257849e-2	1.10827347319213242117830258491e-4
5.160e-04	-3.26882873853244791130775647629e-2	1.13232679407708943997169053360e-4
5.170e-04	-3.26949530246123616601611585439e-2	1.15672737755480540947823273628e-4
5.180e-04	-3.27016323691491953562626112191e-2	1.18147661908797417009710847460e-4
5.190e-04	-3.27083252214953540537492650669e-2	1.20657586599778559151917816499e-4
5.200e-04	-3.27150313828220460222027910906e-2	1.23202641744146849429142227233e-4
5.210e-04	-3.27217506521050344576456347187e-2	1.25782952566625963533425292165e-4
5.220e-04	-3.27284828271776780497257305970e-2	1.28398639482376732935779291424e-4
5.230e-04	-3.27352277042134470925086543364e-2	1.31049818189574731824956259826e-4
5.240e-04	-3.27419850777487913600225987490e-2	1.33736599694996987183027707822e-4
5.250e-04	-3.27487547412452546080443592943e-2	1.36459090263708282126779960385e-4
5.260e-04	-3.27555364866505016659502818354e-2	1.39217391513063202128748638014e-4
5.270e-04	-3.27623301044173668463753158059e-2	1.42011600447029793285359150784e-4
5.280e-04	-3.27691353841300741267603302024e-2	1.44841809399966892020631595086e-4
5.290e-04	-3.27759521140014394540780001023e-2	1.47708106150859837270924762898e-4
5.300e-04	-3.27827800808874954908324919688e-2	1.50610573965843080579902823195e-4
5.310e-04	-3.27896190712129721776627830669e-2	1.53549291496296217747387607812e-4
5.320e-04	-3.27964688694915815974054722650e-2	1.56524333060531939519100892563e-4
5.330e-04	-3.28033292596818465427819128766e-2	1.59535768478162592146884926181e-4
5.340e-04	-3.28102000253286419273818489090e-2	1.62583663091896593571207016277e-4
5.350e-04	-3.28170809481160213022517301446e-2	1.65668078062917408063161676584e-4
5.360e-04	-3.28239718096567037487576002679e-2	1.68789070126276869302046745651e-4
5.370e-04	-3.28308723905463761933533155058e-2	1.71946691805458857881073757825e-4
5.380e-04	-3.28377824703637292706604145033e-2	1.75140991474065865280404998291e-4
5.390e-04	-3.28447018285904773475791925933e-2	1.78372013251764697368013084711e-4
5.400e-04	-3.28516302438118608272850734710e-2	1.81639797206342687755287512108e-4
5.410e-04	-3.28585674937102031614284727745e-2	1.84944379421595932498798786916e-4
5.420e-04	-3.28655133564272586287802026171e-2	1.88285791806141477831966377189e-4
5.430e-04	-3.28724676083024052058831838774e-2	1.91664062583420645362317753471e-4
5.440e-04	-3.28794300262528505091564080922e-2	1.95079215909251109530098299550e-4
5.450e-04	-3.28864003861000543244639176120e-2	1.98531272259068506729840232215e-4
5.460e-04	-3.28933784640658970890151084674e-2	2.02020248204502591832467938491e-4
5.470e-04	-3.29003640357246497075207575486e-2	2.05546156687446162319444975928e-4
5.480e-04	-3.29073568764033064777425763620e-2	2.09109007012530955350890528552e-4
5.490e-04	-3.29143567607865619983469327453e-2	2.12708805001644924424623673095e-4
5.500e-04	-3.29213634646989124103990727297e-2	2.16345552692132196503142283776e-4
5.510e-04	-3.29283767620908830767516089057e-2	2.20019249042415542702144346611e-4
5.520e-04	-3.29353964276808201939799999990e-2	2.23729889451710954921362208985e-4
5.530e-04	-3.29424222371513129510284653575e-2	2.27477465778053074607215243877e-4
5.540e-04	-3.29494539642457851952897420297e-2	2.31261967050743941012215055390e-4
5.550e-04	-3.29564913842219060498612594731e-2	2.35083378786456194196948354721e-4
5.560e-04	-3.29635342719325236115433391241e-2	2.38941683485274483052063797471e-4
5.570e-04	-3.29705824017764068531968172811e-2	2.42836860724240256268289155274e-4
5.580e-04	-3.29776355494139624270171465088e-2	2.46768886834975119999220743633e-4
5.590e-04	-3.29846934901603794841425022811e-2	2.50737735347461407141137988853e-4
5.600e-04	-3.29917559995568857054230386238e-2	2.54743376934613596015134307825e-4
5.610e-04	-3.29988228534051733851076046100e-2	2.58785779478996176777531676609e-4
5.620e-04	-3.30058938271299521733245647300e-2	2.62864908306305768068298443990e-4
5.630e-04	-3.30129686977823931957507240821e-2	2.66980725766504595797050643999e-4
5.640e-04	-3.30200472421426579159014682068e-2	2.71133191771975500566074934364e-4
5.650e-04	-3.30271292366444195921181226809e-2	2.75322263900895483426063117537e-4
5.660e-04	-3.30342144603293728485714189591e-2	2.79547896712732214150819713671e-4
5.670e-04	-3.30413026897415350254518167044e-2	2.83810043134789124202462507517e-4
5.680e-04	-3.30483937041369781480441838335e-2	2.88108653191253211049038036054e-4
5.690e-04	-3.30554872817103638942273052387e-2	2.92443675059941449913195970419e-4
5.700e-04	-3.30625832036625021495305249681e-2	2.96815054059283807897576637743e-4
5.710e-04	-3.30696812484257611933146984727e-2	3.01222734275316811514689226938e-4
5.720e-04	-3.30767811975411761183859540019e-2	3.05666657045019744787695394194e-4
5.730e-04	-3.30838828313928086448974393284e-2	3.10146762191327550577689157779e-4
5.740e-04	-3.30909859337854677650276634637e-2	3.14662986815561107533956891226e-4
5.750e-04	-3.30980902854340670556182532353e-2	3.19215267200261253848511308012e-4
5.760e-04	-3.31051956705757740478925513496e-2	3.23803537010044436495957456363e-4
5.770e-04	-3.31123018732159264807004545973e-2	3.28427728420958496344539037806e-4
5.780e-04	-3.31194086780867128640644075032e-2	3.33087771917200989234643979955e-4
5.790e-04	-3.31265158695535294864375935409e-2	3.37783596686551066463381325353e-4
5.800e-04	-3.31336232349142061883267207288e-2	3.42515129701390318585874516249e-4
5.810e-04	-3.31407305612008135543614829551e-2	3.47282296731413384433974533658e-4
5.820e-04	-3.31478376362508865467185275344e-2	3.52085022092114823948401148176e-4
5.830e-04	-3.31549442474788824966766236292e-2	3.56923229092848911473772619858e-4
5.840e-04	-3.31620501868445294809548088360e-2	3.61796838547179872449820884671e-4
5.850e-04	-3.31691552421773560825161666986e-2	3.66705771547780784841434226820e-4
5.860e-04	-3.31762592059537047046456613962e-2	3.71649946773763957620073622642e-4
5.870e-04	-3.31833618689012712616722941330e-2	3.76629282574482032033344785885e-4
5.880e-04	-3.31904630267850200306147190218e-2	3.81643694837592647744229286193e-4
5.890e-04	-3.31975624707227917925769568134e-2	3.86693100197862782495529921442e-4
5.900e-04	-3.32046599969724230389709791336e-2	3.91777412900468724340774902000e-4
5.910e-04	-3.32117554013445964155946901226e-2	3.96896546681200873948652788017e-4
5.920e-04	-3.32188484806057874571615502897e-2	4.02050414364021998561734803030e-4
5.930e-04	-3.32259390308586329039232741020e-2	4.07238928473360981157545046522e-4
5.940e-04	-3.32330268523607869707906831023e-2	4.12461999635987258135691164913e-4
5.950e-04	-3.32401117448112591128363768810e-2	4.17719538237647906002558159169e-4
5.960e-04	-3.32471935089081324295200259903e-2	4.23011453946514619543187026727e-4
5.970e-04	-3.32542719463580212858500242127e-2	4.28337655759621753309455028751e-4
5.980e-04	-3.32613468580291533853441878879e-2	4.33698052717858304228456630179e-4
5.990e-04	-3.32684180494319921840979365596e-2	4.39092551988987924914503391037e-4
6.000e-04	-3.32754853253474266032343742715e-2	4.44521060828694515136307369539e-4
6.010e-04	-3.32825484915974758428033413515e-2	4.49983485998805473782979022488e-4
6.020e-04	-3.32896073550522085209257001084e-2	4.55479733809466221792999764480e-4
6.030e-04	-3.32966617215322609914335416018e-2	4.61009710952841943346595428300e-4
6.040e-04	-3.33037114041779712474173812759e-2	4.66573321400731386463896210835e-4
6.050e-04	-3.33107562087778949370314805045e-2	4.72170471965652457983003390689e-4
6.060e-04	-3.33177959485549781217900629553e-2	4.77801066765599821261682819367e-4
6.070e-04	-3.33248304333834601939796527644e-2	4.83465011360945257406361379994e-4
6.080e-04	-3.33318594811220516887488317308e-2	4.89162208414930190383395384534e-4
6.090e-04	-3.33388829014291884316568636394e-2	4.94892564026183758675550180721e-4
6.100e-04	-3.33459005120673777842082771147e-2	5.00655981409441708884335065634e-4
6.110e-04	-3.33529121295687101154290916859e-2	5.06452364572978098011140506266e-4
6.120e-04	-3.33599175715579158339380235499e-2	5.12281617448957490408432292720e-4
6.130e-04	-3.33669166540771799358528447482e-2	5.18143645019984934105315072735e-4
6.140e-04	-3.33739092022343376247168280052e-2	5.24038349011785728962726105385e-4
6.150e-04	-3.33808950315234211417057888845e-2	5.29965635546545324751150384806e-4
6.160e-04	-3.33878739666324659216074959355e-2	5.35925407483360863154629774016e-4
6.170e-04	-3.33948458306723114727474719505e-2	5.41917568855996434595988194539e-4
6.180e-04	-3.34018104448481314528297167625e-2	5.47942025083979823104162486504e-4
6.190e-04	-3.34087676404158740401812043002e-2	5.53998677937999836078611166401e-4
6.200e-04	-3.34157172377041439732807731057e-2	5.60087434458973425216913447083e-4
6.210e-04	-3.34226590672293132802181546641e-2	5.66208198016100491388669387696e-4
6.220e-04	-3.34295929576009520740427170858e-2	5.72360873473335321089778105071e-4
6.230e-04	-3.34365187385272299063360052576e-2	5.78545365939266896498273582190e-4
6.240e-04	-3.34434362373718662725005667536e-2	5.84761582317169833907488471753e-4
6.250e-04	-3.34503452928426406531285364537e-2	5.91009425272760249523179893595e-4
6.260e-04	-3.34572457309714917744190567351e-2	5.97288803891970896752193456531e-4
6.270e-04	-3.34641373892833309100776813458e-2	6.03599622979791173050530718746e-4
6.280e-04	-3.34710201029508425057544059176e-2	6.09941789227832310832918575945e-4
6.290e-04	-3.34778937043930127945316493682e-2	6.16315211472600703831948334034e-4
6.300e-04	-3.34847580385513036524213683187e-2	6.22719793717510911966578670448e-4
6.310e-04	-3.34916129360827165297378275183e-2	6.29155447440894081201125435519e-4
6.320e-04	-3.34984582403269208437158167980e-2	6.35622079227063747808638216476e-4
6.330e-04	-3.35052937918574497434069749686e-2	6.42119597884073698098160509578e-4
6.340e-04	-3.35121194323187896042182282981e-2	6.48647912699526639039376297355e-4
6.350e-04	-3.35189350044225746070608761838e-2	6.55206933458126424161499882433e-4
6.360e-04	-3.35257403474851638026615999931e-2	6.61796572601423001680205832927e-4
6.370e-04	-3.35325353151630954570217609221e-2	6.68416736732373863553314888669e-4
6.380e-04	-3.35393197443306752983113709792e-2	6.75067341573982738502146344246e-4
6.390e-04	-3.35460934863802845982819475768e-2	6.81748296924491589743515948311e-4
6.400e-04	-3.35528563892912608961828746124e-2	6.88459515301293657249609675223e-4
6.410e-04	-3.35596082971386396235017208838e-2	6.95200912265005197770111953398e-4
6.420e-04	-3.35663490697656525975089636130e-2	7.01972396688567032199902727776e-4
6.430e-04	-3.35730785482632115253363392565e-2	7.08773887875804464862867274691e-4
6.440e-04	-3.35797965896824575489938036804e-2	7.15605298338052973718665712928e-4
6.450e-04	-3.35865030471494128357420442556e-2	7.22466543681647412532723950079e-4
6.460e-04	-3.35931977748043228729167673872e-2	7.29357540166971248863830093181e-4
6.470e-04	-3.35998806277960168138565191777e-2	7.36278204719686568843657652410e-4
6.480e-04	-3.36065514565822818024213553956e-2	7.43228457886953058290094081732e-4
6.490e-04	-3.36132101295857812601502136069e-2	7.50208212142302692120605608958e-4
6.500e-04	-3.36198564934410741495130191954e-2	7.57217392440502165958890601113e-4
6.510e-04	-3.36264904129613070170041230018e-2	7.64255915530880271501156852414e-4
6.520e-04	-3.36331117482444242815256686700e-2	7.71323701823049665970702651870e-4
6.530e-04	-3.36397203603607724833390606919e-2	7.78420672450086693599566544977e-4
6.540e-04	-3.36463161049434328311018903165e-2	7.85546752704550821177582910930e-4
6.550e-04	-3.36528988576705289424066718481e-2	7.92701858421256187609576409905e-4
6.560e-04	-3.36594684695561602319619087766e-2	7.99885919896652862243433422378e-4
6.570e-04	-3.36660248118936577562833181435e-2	8.07098857813464007694536940782e-4
6.580e-04	-3.36725677505128024128352726532e-2	8.14340597043097598877624569868e-4
6.590e-04	-3.36790971521764067384453344491e-2	8.21611063224227871469052748632e-4
6.600e-04	-3.36856128845735188409033789004e-2	8.28910182768824017091698594625e-4
6.610e-04	-3.36921148089969768149823592461e-2	8.36237886935460456213814261301e-4
6.620e-04	-3.36986028094608387010226971255e-2	8.43594095662788915465907576967e-4
6.630e-04	-3.37050767416181363066361868095e-2	8.50978745953181060077888575438e-4
6.640e-04	-3.37115364841033271487686547043e-2	8.58391763303561055828517520843e-4
6.650e-04	-3.37179819091266219374070216747e-2	8.65833078077153601965759174791e-4
6.660e-04	-3.37244128897824668047110726750e-2	8.73302621440014205277639073467e-4
6.670e-04	-3.37308292918672805364686559435e-2	8.80800330053190827628346599860e-4
6.680e-04	-3.37372310064222903529270048775e-2	8.88326127433398875581411933239e-4
6.690e-04	-3.37436178926464968945594927363e-2	8.95879956668328531051817623352e-4
6.700e-04	-3.37499898352681748013236620650e-2	9.03461747489106692615486599788e-4
6.710e-04	-3.37563467204788859382951681004e-2	9.11071429992594127604741546877e-4
6.720e-04	-3.37626884001496248914629483278e-2	9.18708955666246748874908175205e-4
6.730e-04	-3.37690147797268124744762776307e-2	9.26374245969221414642050830990e-4
6.740e-04	-3.37753257303216181728613683690e-2	9.34067243755670751968474125678e-4
6.750e-04	-3.37816211232133757681172811341e-2	9.41787893195962360764041849748e-4
6.760e-04	-3.37879008586471880813208719054e-2	9.49536122527978141601494476679e-4
6.770e-04	-3.37941647999037343501382312423e-2	9.57311883345555688363845611206e-4
6.780e-04	-3.38004128395489048668362136047e-2	9.65115111060079149937839910037e-4
6.790e-04	-3.38066448614967023287862460813e-2	9.72945747546703589551391139596e-4
6.800e-04	-3.38128607504426822777446332375e-2	9.80803735515225749824610018393e-4
6.810e-04	-3.38190603813701555242737945988e-2	9.88689024940389166869622718746e-4
6.820e-04	-3.38252436613056438375748271042e-2	9.96601547485226579640207442490e-4
6.830e-04	-3.38314104560843060618166298181e-2	1.00454126137248365072660984722e-3
6.840e-04	-3.38375606749743169673682876957e-2	1.01250809937116330021336610342e-3
6.850e-04	-3.38436941845663618497869974274e-2	1.02050202195257748140201284699e-3
6.860e-04	-3.38498108849355831124595714653e-2	1.02852297013427993464891061526e-3
6.870e-04	-3.38559106544123519241136239572e-2	1.03657089980137311387918615311e-3
6.880e-04	-3.38619934067110929410617776624e-2	1.04464574588127204060905855339e-3
6.890e-04	-3.38680590217937626864725809716e-2	1.05274746577490014347349700505e-3
6.900e-04	-3.38741073795327196098606618767e-2	1.06087601834936159322883530505e-3
6.910e-04	-3.38801383845312586008892291801e-2	1.06903134804477831295629078391e-3
6.920e-04	-3.38861519429029855213084387541e-2	1.07721339947948998223252819881e-3
6.930e-04	-3.38921479237497778121874642587e-2	1.08542214231392797657331600393e-3
6.940e-04	-3.38981262343388138729929228286e-2	1.09365752299466979882486030744e-3
6.950e-04	-3.39040867569020848152384233691e-2	1.10191950540265995291316005945e-3
6.960e-04	-3.39100294139484140925866869936e-2	1.11020802848522725221698601990e-3
6.970e-04	-3.39159540892444919793707693037e-2	1.11852305759970978774188050336e-3
6.980e-04	-3.39218606663211652125781446153e-2	1.12686455964811173504703982598e-3
6.990e-04	-3.39277490567839073333216843762e-2	1.13523248434649565647397656318e-3
7.000e-04	-3.39336191593742114644642543800e-2	1.14362679105628053951153851814e-3
7.010e-04	-3.39394708734596767867982449196e-2	1.15204743995716623876421790731e-3
7.020e-04	-3.39453040990267750239386744816e-2	1.16049439204512282443406339802e-3
7.030e-04	-3.39511187366736387858891230168e-2	1.16896760913030255118056958587e-3
7.040e-04	-3.39569146876028725077280688270e-2	1.17746705383487817492462681181e-3
7.050e-04	-3.39626918380095934482073383107e-2	1.18599270016046047519622889776e-3
7.060e-04	-3.39684501053902960530112332640e-2	1.19454450219578921388322073558e-3
7.070e-04	-3.39741894088156008751557050081e-2	1.20312241400300171188045324991e-3
7.080e-04	-3.39799096198674778748231102960e-2	1.21172642320735137593725678654e-3
7.090e-04	-3.39856106585087115351656763490e-2	1.22035648568702422882059535190e-3
7.100e-04	-3.39912924294096159808525104625e-2	1.22901256889732460749572940440e-3
7.110e-04	-3.39969548206473031182170207908e-2	1.23769465296546471241545271290e-3
7.120e-04	-3.40025977720221265909282033716e-2	1.24640268341095034896643534986e-3
7.130e-04	-3.40082211729647373328680482136e-2	1.25513664171748120591954623503e-3
7.140e-04	-3.40138249123594974998726183400e-2	1.26389651108167059156827704594e-3
7.150e-04	-3.40194089149870126986474098708e-2	1.27268225081285807526299285166e-3
7.160e-04	-3.40249730887316445152557896244e-2	1.28149383310847881831253222520e-3
7.170e-04	-3.40305173419908576837749886673e-2	1.29033123094502881958370779608e-3
7.180e-04	-3.40360415836684029726261033270e-2	1.29919441807521836242091438543e-3
7.190e-04	-3.40415457231675296473634308426e-2	1.30808336902509776039309328212e-3
7.200e-04	-3.40470296703842277467198794062e-2	1.31699805909115786998908186479e-3
7.210e-04	-3.40524933157153144550865528359e-2	1.32593847867350592361892708055e-3
7.220e-04	-3.40579366096898065799142404267e-2	1.33490457619484734643488093191e-3
7.230e-04	-3.40633594233609103113736742358e-2	1.34389635819203945865360309336e-3
7.240e-04	-3.40687616885029935006302292567e-2	1.35291378868953281697002205245e-3
7.250e-04	-3.40741433173645172437902485965e-2	1.36195684680368604886387828068e-3
7.260e-04	-3.40795042226466454443032132026e-2	1.37102551240366657272933914527e-3
7.270e-04	-3.40848443174966992593596205317e-2	1.38011976610843977182692934574e-3
7.280e-04	-3.40901635155016424200516004988e-2	1.38923958928375045494436352927e-3
7.290e-04	-3.40954617306815974665237603617e-2	1.39838496403909853310103140598e-3
7.300e-04	-3.41007388546373767949452766937e-2	1.40755589010434543492254344547e-3
7.310e-04	-3.41059948475915094661340613359e-2	1.41675231761122776629202209941e-3
7.320e-04	-3.41112295787879233223875876792e-2	1.42597426495370000041328621201e-3
7.330e-04	-3.41164429867494282899458422221e-2	1.43522170031926178769946126336e-3
7.340e-04	-3.41216349875538848049101866927e-2	1.44449460950383434840097604815e-3
7.350e-04	-3.41268054976739202039789458125e-2	1.45379297902910608130814711944e-3
7.360e-04	-3.41319544339706596833253258046e-2	1.46311679613951914353355718680e-3
7.370e-04	-3.41370817136874878572952834353e-2	1.47246604879926389557401188790e-3
7.380e-04	-3.41421872287885724810306366538e-2	1.48184074511961845447603073527e-3
7.390e-04	-3.41472709482043600069639093175e-2	1.49124083597360528638850922701e-3
7.400e-04	-3.41523327385988263261002500383e-2	1.50066635067623737280872912951e-3
7.410e-04	-3.41573725443252220017981611571e-2	1.51011726062457663983865906429e-3
7.420e-04	-3.41623903115933607416438181925e-2	1.51959353653500934637495166182e-3
7.430e-04	-3.41673859058641610607124896080e-2	1.52909521191589744102307116110e-3
7.440e-04	-3.41723592736492212139719210569e-2	1.53862225923862629581119461809e-3
7.450e-04	-3.41773103350158218499648958684e-2	1.54817467213337079888958198870e-3
7.460e-04	-3.41822389816232315087676182768e-2	1.55775246720290428007949704860e-3
7.470e-04	-3.41871451912532997174036903927e-2	1.56735559528138780992448278311e-3
7.480e-04	-3.41920288270521536954353449378e-2	1.57698409701801616104231737497e-3
7.490e-04	-3.41968898690474230199108799961e-2	1.58663792310608017347710739777e-3
7.500e-04	-3.42017281793594144889722787250e-2	1.59631711709628058077775940607e-3
7.510e-04	-3.42065437094670448830592159281e-2	1.60602165371201376562343162560e-3
7.520e-04	-3.42113364128268591248813912703e-2	1.61575150676740847627467700432e-3
7.530e-04	-3.42161061499070619851143418114e-2	1.62550672422274711058959594274e-3
7.540e-04	-3.42208528421947222367025210671e-2	1.63528730709493030722297425080e-3
7.550e-04	-3.42255764765236358113501438191e-2	1.64509320535591487837748341008e-3
7.560e-04	-3.42302769445552996350460224958e-2	1.65492444516535189459760361058e-3
7.570e-04	-3.42349541698838310496846872905e-2	1.66478102830948546831403455029e-3
7.580e-04	-3.42396080424515498204032785132e-2	1.67466298440483485552034260668e-3
7.590e-04	-3.42442385193455097831937848036e-2	1.68457029027517105220506961178e-3
7.600e-04	-3.42488455597426884588074016863e-2	1.69450292163763844432480644936e-3
7.610e-04	-3.42534290190091742966486898847e-2	1.70446093859508778911048543638e-3
7.620e-04	-3.42579888563291774849314275966e-2	1.71444431861966005325641100856e-3
7.630e-04	-3.42625249967434479108454294970e-2	1.72445306744553772978950373475e-3
7.640e-04	-3.42670373655168820507418313650e-2	1.73448719145376883537341498223e-3
7.650e-04	-3.42715258881330477435651209838e-2	1.74454669766996750481119812150e-3
7.660e-04	-3.42759904525261704730125438478e-2	1.75463162464473226898444758982e-3
7.670e-04	-3.42804310596206258562870161369e-2	1.76474191941186840640687443404e-3
7.680e-04	-3.42848475594809224293542302439e-2	1.77487765318713584365302478339e-3
7.690e-04	-3.42892399554543254025203844729e-2	1.78503877231154853896250885653e-3
7.700e-04	-3.42936080959483351761323530259e-2	1.79522535126201364723739296104e-3
7.710e-04	-3.42979519464078265197371688014e-2	1.80543736903248799838607025438e-3
7.720e-04	-3.43022714336786475503656053903e-2	1.81567483711890432355905417346e-3
7.730e-04	-3.43065664847821053885580889492e-2	1.82593776764503896112401073800e-3
7.740e-04	-3.43108370269096794589523081298e-2	1.83622617336057996150905241409e-3
7.750e-04	-3.43150829874177538080254163109e-2	1.84654006763923874322164548583e-3
7.760e-04	-3.43193042938223679893267842161e-2	1.85687946447690584896602564574e-3
7.770e-04	-3.43235008301537093377388081177e-2	1.86724441513683664096991608433e-3
7.780e-04	-3.43276726109428881327279326621e-2	1.87763486212387286543073091973e-3
7.790e-04	-3.43318194762905613217289477764e-2	1.88805089516269184953710042452e-3
7.800e-04	-3.43359413979213129252782982046e-2	1.89849249409436914786700931353e-3
7.810e-04	-3.43400383500100670272174628207e-2	1.90895963707290674789327583619e-3
7.820e-04	-3.43441101695834950173538988711e-2	1.91945241911531002580108157605e-3
7.830e-04	-3.43481568304793426009557622842e-2	1.92997082018476021640462764359e-3
7.840e-04	-3.43521782612849664433001275251e-2	1.94051485921567411001554381437e-3
7.850e-04	-3.43561743907006719824318402314e-2	1.95108455575040003595329533567e-3
7.860e-04	-3.43601450985397875598769434258e-2	1.96167997192490985015486005012e-3
7.870e-04	-3.43640904110761762894516207380e-2	1.97230104514926607643261046597e-3
7.880e-04	-3.43680102089438667808054598784e-2	1.98294783814617064381818834498e-3
7.890e-04	-3.43719043703478207638003269906e-2	1.99362041677789502963953303883e-3
7.900e-04	-3.43757728740785268394622876868e-2	2.00431876101297676677274325785e-3
7.910e-04	-3.43796157015865392049608233773e-2	2.01504284881986857177329697685e-3
7.920e-04	-3.43834326784635420018216805291e-2	2.02579279375040743674598320660e-3
7.930e-04	-3.43872237856549104575015536851e-2	2.03656857563354133249809053963e-3
7.940e-04	-3.43909889526289127784694898529e-2	2.04737021945165590032139060297e-3
7.950e-04	-3.43947281089161331861012830011e-2	2.05819775078394113468862122346e-3
7.960e-04	-3.43984411841044859491015753463e-2	2.06905119580553849075654531520e-3
7.970e-04	-3.44021281078342372672534403573e-2	2.07993058128674201077452242682e-3
7.980e-04	-3.44057887528153583409534032976e-2	2.09083598467156823942202466878e-3
7.990e-04	-3.44094231620221444031201641854e-2	2.10176733448749140048477007203e-3
8.000e-04	-3.44130311505392152538707222272e-2	2.11272476019100015702408106430e-3
8.010e-04	-3.44166127642587608788364462697e-2	2.12370818858142932877637451800e-3
8.020e-04	-3.44201678154476560461937753757e-2	2.13471775324839550068631652295e-3
8.030e-04	-3.44236962923424595490457623962e-2	2.14575343300111518442331874807e-3
8.040e-04	-3.44271981247881029354000269020e-2	2.15681525878506341315342658736e-3
8.050e-04	-3.44306732426419845670459744057e-2	2.16790326213681430582261876697e-3
8.060e-04	-3.44341215757690329750395994757e-2	2.17901747518375157258141205321e-3
8.070e-04	-3.44375430540367721581463004528e-2	2.19015793064383740470109401668e-3
8.080e-04	-3.44409376073103882075655022131e-2	2.20132466182544019141857642868e-3
8.090e-04	-3.44443051654477966355650609992e-2	2.21251770262722150955654720584e-3
8.100e-04	-3.44476455922635451112877045712e-2	2.22373714695183032044264347325e-3
8.110e-04	-3.44509589488428162958051938074e-2	2.23498291188879776576573702611e-3
8.120e-04	-3.44542450321055653337717316401e-2	2.24625515279411937875667500825e-3
8.130e-04	-3.44575039063148166059956466010e-2	2.25755378458297182988578960795e-3
8.140e-04	-3.44607353650711569813548981678e-2	2.26887896718689834269311130697e-3
8.150e-04	-3.44639394057127348993105166972e-2	2.28023067697618436597914425958e-3
8.160e-04	-3.44671159578826480640304966037e-2	2.29160895201373321113377671682e-3
8.170e-04	-3.44702649511768995870180986166e-2	2.30301383095441196746120643336e-3
8.180e-04	-3.44733863151394388470246758847e-2	2.31444535304549733633534686746e-3
8.190e-04	-3.44764799792571964394999795448e-2	2.32590355812718553091484036321e-3
8.200e-04	-3.44795458729551125228834814665e-2	2.33738848663316674967373109434e-3
8.210e-04	-3.44825839255911578619826018970e-2	2.34890017959126473972038713060e-3
8.220e-04	-3.44855939901675216489781852715e-2	2.36043874877271666014570332405e-3
8.230e-04	-3.44885761475490160739035765467e-2	2.37200409706089813871085406411e-3
8.240e-04	-3.44915301733623454574492484338e-2	2.38359640855391706569401770785e-3
8.250e-04	-3.44944560729035188924984338395e-2	2.39521565654825906114632871307e-3
8.260e-04	-3.44973538550868806874525777022e-2	2.40686181101757822946873071214e-3
8.270e-04	-3.45002232896977366449282917927e-2	2.41853506373700901642683160772e-3
8.280e-04	-3.45030643845083672474642681028e-2	2.43023538687834745100418579332e-3
8.290e-04	-3.45058770681313759552663888583e-2	2.44196282628809973646613083691e-3
8.300e-04	-3.45086612690667791025516981123e-2	2.45371742841612372290218327715e-3
8.310e-04	-3.45114169156969092020244569285e-2	2.46549924031695518965210481110e-3
8.320e-04	-3.45141439362813026686967507631e-2	2.47730830965120558897043896075e-3
8.330e-04	-3.45168421720892025809510715790e-2	2.48914476606091506240751704108e-3
8.340e-04	-3.45195117238228819809585819809e-2	2.50100849676614145485955071532e-3
8.350e-04	-3.45221524334910348976318199641e-2	2.51289963155027929989430294589e-3
8.360e-04	-3.45247641388513857524435887367e-2	2.52481830519863883521829808605e-3
8.370e-04	-3.45273469463381726414323467846e-2	2.53676440018353700897881352290e-3
8.380e-04	-3.45299006023715206117361780352e-2	2.54873813836044774808237132541e-3
8.390e-04	-3.45324251241337232467681400449e-2	2.56073948703103361769126817853e-3
8.400e-04	-3.45349204386832505256390858077e-2	2.57276849880220943113224858624e-3
8.410e-04	-3.45373864729085237154550067123e-2	2.58482522690337043790882385161e-3
8.420e-04	-3.45398231535225964318747248174e-2	2.59690972518854837812507941372e-3
8.430e-04	-3.45422304070578106984172478798e-2	2.60902204813864687108278985163e-3
8.440e-04	-3.45446081598604270883272172918e-2	2.62116225086375693731398892111e-3
8.450e-04	-3.45469563380852280206422189594e-2	2.63333038910555347031650830599e-3
8.460e-04	-3.45492748676900932696470146943e-2	2.64552651923977349170855578677e-3
8.470e-04	-3.45515635722666801775740462422e-2	2.65775079610715474395822945193e-3
8.480e-04	-3.45538225805130961809936642292e-2	2.67000308297795399062318845771e-3
8.490e-04	-3.45560516122317691518864312530e-2	2.68228363510913664434354510309e-3
8.500e-04	-3.45582508004042017485817845016e-2	2.69459231195011503116197034948e-3
8.510e-04	-3.45604198596256863759289758689e-2	2.70692937521527888884576705200e-3
8.520e-04	-3.45625588190541320538620216588e-2	2.71929478478861980445337452642e-3
8.530e-04	-3.45646676030776634324897814867e-2	2.73168860160482981323632975192e-3
8.540e-04	-3.45667462465162570453990500164e-2	2.74411078018413328576941076106e-3
8.550e-04	-3.45687944531869015978769481174e-2	2.75656159554349855706268777726e-3
8.560e-04	-3.45708122561553993871359965052e-2	2.76904100489297272892338662848e-3
8.570e-04	-3.45727994642985620025237303624e-2	2.78154918307446265890528416357e-3
8.580e-04	-3.45747562284521177877351013613e-2	2.79408597325462207280404888404e-3
8.590e-04	-3.45766823582481143137957387887e-2	2.80665155021107766351289181969e-3
8.600e-04	-3.45785777762598544905944911259e-2	2.81924597955289213595591683596e-3
8.610e-04	-3.45804422849691465947016685008e-2	2.83186944462915017410145147277e-3
8.620e-04	-3.45822760446379255226002321678e-2	2.84452177979085274610341879160e-3
8.630e-04	-3.45840787359674534326500439551e-2	2.85720328834631291926423158351e-3
8.640e-04	-3.45858505240598599920123672724e-2	2.86991380006854183722460553868e-3
8.650e-04	-3.45875910835167774640858861507e-2	2.88265362568764449550089364344e-3
8.660e-04	-3.45893004576218172607986699141e-2	2.89542271496233555944875319577e-3
8.670e-04	-3.45909785667980035384624717364e-2	2.90822113841475613948364821488e-3
8.680e-04	-3.45926253311418765205862312835e-2	2.92104896727964361038347674757e-3
8.690e-04	-3.45942406704171195104158232838e-2	2.93390627350898778651921623928e-3
8.700e-04	-3.45958245040481306063621350932e-2	2.94679312977679576602754544770e-3
8.710e-04	-3.45973767511135377400183601631e-2	2.95970960948396689211400391736e-3
8.720e-04	-3.45988973303396556327898472173e-2	2.97265578676327931241830089387e-3
8.730e-04	-3.46003861600938832428830916469e-2	2.98563173648448965089681630241e-3
8.740e-04	-3.46018430197777296075493276931e-2	2.99863767203385199523612385550e-3
8.750e-04	-3.46032681026722554633280315522e-2	3.01167339593952973099573079775e-3
8.760e-04	-3.46046611889611542458235941833e-2	3.02473912138950644223431978751e-3
8.770e-04	-3.46060220522099215831630767368e-2	3.03783506924161980230694533582e-3
8.780e-04	-3.46073507489919713642211745171e-2	3.05096117869640364278197367227e-3
8.790e-04	-3.46086473418472801190576968284e-2	3.06411738265439368298023564962e-3
8.800e-04	-3.46099114549919935389957009663e-2	3.07730405266323017615843361198e-3
8.810e-04	-3.46111431485271190785789657309e-2	3.09052112498034953591126983084e-3
8.820e-04	-3.46123423372321391768800049201e-2	3.10376868141715691985184409848e-3
8.830e-04	-3.46135089354573172858119340773e-2	3.11704680458043347519181817693e-3
8.840e-04	-3.46146428571163288691931233986e-2	3.13035557787880275281799899808e-3
8.850e-04	-3.46157440156788134385896316788e-2	3.14369508552933155561224532846e-3
8.860e-04	-3.46168123241628458156777370085e-2	3.15706541256426725690088162962e-3
8.870e-04	-3.46178476951273247761732712089e-2	3.17046664483791367185953243366e-3
8.880e-04	-3.46188500406642771947766935930e-2	3.18389886903364761279356091342e-3
8.890e-04	-3.46198191087857098896426570642e-2	3.19736233831079164238225546965e-3
8.900e-04	-3.46207551360324724486708833738e-2	3.21085681177566721298970841503e-3
8.910e-04	-3.46216577039916912033897664301e-2	3.22438271199355771684789032064e-3
8.920e-04	-3.46225270554446510518207907301e-2	3.23793979167929253953500005434e-3
8.930e-04	-3.46233627636694633163262090083e-2	3.25152848331333027222958719005e-3
8.940e-04	-3.46241650778016418187186626632e-2	3.26514853307445768104790335750e-3
8.950e-04	-3.46249335626293599727215981797e-2	3.27880038356741099193434805256e-3
8.960e-04	-3.46256682971090622997713559693e-2	3.29248395457478009156272007676e-3
8.970e-04	-3.46263691887109990269789498595e-2	3.30619934065215242643989778606e-3
8.980e-04	-3.46270361443556866293131544254e-2	3.31994663726359172740750151058e-3
8.990e-04	-3.46276690704051344899215681287e-2	3.33372594079037322811024556314e-3
9.000e-04	-3.46282678726539611121537604670e-2	3.34753734853988965405867201397e-3
9.010e-04	-3.46288324563203974397051472923e-2	3.36138095875473086634600376830e-3
9.020e-04	-3.46293627260371747898566441707e-2	3.37525687062194011239573781727e-3
9.030e-04	-3.46298583951738002461735248710e-2	3.38916538038290844430263575062e-3
9.040e-04	-3.46303197464173619356158544385e-2	3.40310619929780018843265685222e-3
9.050e-04	-3.46307464939824235703153379931e-2	3.41707962321358349454177831462e-3
9.060e-04	-3.46311383430758609041964502400e-2	3.43108595844521062680936917839e-3
9.070e-04	-3.46314955870940366447694979194e-2	3.44512490497401583896856901679e-3
9.080e-04	-3.46318177307798001029064786426e-2	3.45919697685909500507022769712e-3
9.090e-04	-3.46321050748387347370344525532e-2	3.47330186635190738011671257957e-3
9.100e-04	-3.46323571140039308924958499607e-2	3.48744009940702822646017941767e-3
9.110e-04	-3.46325739484545001797119255253e-2	3.50161157608666667020080747962e-3
9.120e-04	-3.46327554763704654706877261515e-2	3.51581640565594517492293673765e-3
9.130e-04	-3.46329015952367352002309403256e-2	3.53005469844004952920362973547e-3
9.140e-04	-3.46330122018323749092427818823e-2	3.54432656583588214528660944711e-3
9.150e-04	-3.46330871922197252658856456438e-2	3.55863212032393784978978909197e-3
9.160e-04	-3.46331264617333631752851428448e-2	3.57297147548040629709313414360e-3
9.170e-04	-3.46331299049689025109489196285e-2	3.58734474598950523756303426477e-3
9.180e-04	-3.46330974157716309214281216959e-2	3.60175204765604897706184230514e-3
9.190e-04	-3.46330288872249790838409277089e-2	3.61619349741825647135452570445e-3
9.200e-04	-3.46329239824042634766690217958e-2	3.63066945328615175036969629188e-3
9.210e-04	-3.46327830488183780407992145251e-2	3.64517955749123226474363496494e-3
9.220e-04	-3.46326057504187990816453034490e-2	3.65972416756962649942486421295e-3
9.230e-04	-3.46323917403490264627248497276e-2	3.67430365366628300237209900676e-3
9.240e-04	-3.46321413786883965044670385214e-2	3.68891764443945637088142911006e-3
9.250e-04	-3.46318540775267706192146082874e-2	3.70356676399415345807676448670e-3
9.260e-04	-3.46315299609695294083533600342e-2	3.71825088913974123346997944577e-3
9.270e-04	-3.46311691626940973605273007613e-2	3.73296988598804510194670441246e-3
9.280e-04	-3.46307710765594984463846709571e-2	3.74772440029398137122062830703e-3
9.290e-04	-3.46303358318289676577591203593e-2	3.76251430374493214259768375577e-3
9.300e-04	-3.46298633123072768919290801224e-2	3.77733972676820361495101143881e-3
9.310e-04	-3.46293534008831703016077875762e-2	3.79220080110024741008949654586e-3
9.320e-04	-3.46288059795152607030437591964e-2	3.80709765980307067514895361403e-3
9.330e-04	-3.46282209292176971028835280851e-2	3.82203043728096173199068125927e-3
9.340e-04	-3.46275981300455981494697187259e-2	3.83699926929753775515777440068e-3
9.350e-04	-3.46269371916479095118959831396e-2	3.85200457899890786826828532699e-3
9.360e-04	-3.46262385280715020362688952895e-2	3.86704593625778021556527417631e-3
9.370e-04	-3.46255017498519643906506621668e-2	3.88212376371439113117507828908e-3
9.380e-04	-3.46247267330574047947821297505e-2	3.89723820274725803658039951713e-3
9.390e-04	-3.46239130714534040370631811228e-2	3.91238969582112240148562836547e-3
9.400e-04	-3.46230611985203942247925956300e-2	3.92757779145915440494284207721e-3
9.410e-04	-3.46221704215293558668309645598e-2	3.94280323830666977302040116484e-3
9.420e-04	-3.46212408934782170643216728388e-2	3.95806588413782178787089570001e-3
9.430e-04	-3.46202727786222219637280591173e-2	3.97336556399414873268949794996e-3
9.440e-04	-3.46192653623888337560020923159e-2	3.98870305249897600722059748288e-3
9.450e-04	-3.46182188036339331789237599133e-2	4.00407819144381714105770852051e-3
9.460e-04	-3.46171329695716994801554515722e-2	4.01949113448584997663824690041e-3
9.470e-04	-3.46160080327620594352744331296e-2	4.03494170809308147135752399047e-3
9.480e-04	-3.46148432483251890909441712075e-2	4.05043072295238778495955321627e-3
9.490e-04	-3.46136387831407855235855731138e-2	4.06595801262092190741809306544e-3
9.500e-04	-3.46123944996153016313997106085e-2	4.08152373735355179433506853389e-3
9.510e-04	-3.46111099389246345076390905188e-2	4.09712840350851099737398362161e-3
9.520e-04	-3.46097855974609405389944663793e-2	4.11277148999620496331720733686e-3
9.530e-04	-3.46084210172588271612459059132e-2	4.12845350270122390373335342109e-3
9.540e-04	-3.46070160556037486944622916063e-2	4.14417460885719942799098634069e-3
9.550e-04	-3.46055702344105568323336705910e-2	4.15993533821275661296838899858e-3
9.560e-04	-3.46040840727510605125389562390e-2	4.17573514441782423266063997129e-3
9.570e-04	-3.46025570933801155329976523313e-2	4.19157455677258544953063335015e-3
9.580e-04	-3.46009888031377734698675349222e-2	4.20745412333257809998999062665e-3
9.590e-04	-3.45993797386844434878135611592e-2	4.22337327810712942909793207639e-3
9.600e-04	-3.45977290551915417847751817414e-2	4.23933295088712999152753115605e-3
9.610e-04	-3.45960369450243603176184303492e-2	4.25533294884669620226541358117e-3
9.620e-04	-3.45943036142379717717910033618e-2	4.27137306349688977928873879272e-3
9.630e-04	-3.45925281907627191657018011443e-2	4.28745425713752991951474524548e-3
9.640e-04	-3.45907108737357534678889672384e-2	4.30357632987618876001005471243e-3
9.650e-04	-3.45888515044175429877138910889e-2	4.31973947052288627948514221470e-3
9.660e-04	-3.45869499224758140550569200627e-2	4.33594387001770266768731101578e-3
9.670e-04	-3.45850059659591462064805386945e-2	4.35218972146363500926065000893e-3
9.680e-04	-3.45830194712700426529055886825e-2	4.36847722016014354606129835161e-3
9.690e-04	-3.45809902731374626899802083528e-2	4.38480656363740449797001228127e-3
9.700e-04	-3.45789182045888023173756509095e-2	4.40117795169128692993480060543e-3
9.710e-04	-3.45768030969213089246027406328e-2	4.41759158641907167820704723446e-3
9.720e-04	-3.45746447796729154780672437052e-2	4.43404767225593089219736722790e-3
9.730e-04	-3.45724426750509216240414340255e-2	4.45054686008133963264598981069e-3
9.740e-04	-3.45701974156639379472430964940e-2	4.46708847613439698643430288741e-3
9.750e-04	-3.45679084244040898060506399681e-2	4.48367317106567094953128391645e-3
9.760e-04	-3.45655751045515016857259100579e-2	4.50030161877002472354366709011e-3
9.770e-04	-3.45631981096665786192421562368e-2	4.51697312183027382222318154167e-3
9.780e-04	-3.45607764155806831815085425834e-2	4.53368882445033630728248678827e-3
9.790e-04	-3.45583106901685341148282185863e-2	4.55044801303017421698674267962e-3
9.800e-04	-3.45557998868113507197151366189e-2	4.56725185867841434363984687290e-3
9.810e-04	-3.45532442457249034772646944565e-2	4.58410011836844838983012699604e-3
9.820e-04	-3.45506435769461972755872920258e-2	4.60099302230243527356960207768e-3
9.830e-04	-3.45479981403554864675637774413e-2	4.61793030498503534210604751542e-3
9.840e-04	-3.45453068427049900525771976523e-2	4.63491319344941297245633522683e-3
9.850e-04	-3.45425699346226193163768913202e-2	4.65194143367959979226351452475e-3
9.860e-04	-3.45397872174135679298726554938e-2	4.66901526736098491854083892051e-3
9.870e-04	-3.45369584901019501384210067499e-2	4.68613493917381536922258954911e-3
9.880e-04	-3.45340835493898836657755254814e-2	4.70330069684498591088589309279e-3
9.890e-04	-3.45311621896156608435889775298e-2	4.72051279120101237744430506194e-3
9.900e-04	-3.45281942027109825022950582082e-2	4.73777147622222100805927834469e-3
9.910e-04	-3.45251788850114117236496273855e-2	4.75507755603051672454942366305e-3
9.920e-04	-3.45221170043762475603004355931e-2	4.77243020360146780920590808406e-3
9.930e-04	-3.45190078574607008805119558266e-2	4.78983022333916888379617392043e-3
9.940e-04	-3.45158512261218647592582389536e-2	4.80727788240770710808273747367e-3
9.950e-04	-3.45126463743598894053775743547e-2	4.82477402437247337244022501870e-3
9.960e-04	-3.45093941034778407318223621708e-2	4.84231778413328014790582081641e-3
9.970e-04	-3.45060931510058836126955509718e-2	4.85991059217206849972914496971e-3
9.980e-04	-3.45027443354703407352541189799e-2	4.87755156375859396105769677646e-3
9.990e-04	-3.44993463657573640961728396602e-2	4.89524216388439445814763470975e-3
1.000e-03	-3.44959000779471610182982517420e-2	4.91298148779825097383787450726e-3
1.001e-03	-3.44924041515180088889728540114e-2	4.93077103594319498655478067482e-3
1.002e-03	-3.44888588839607270325962617025e-2	4.94861050484195977180412125890e-3
1.003e-03	-3.44852640313273127232316372571e-2	4.96650019529826316655798752649e-3
1.004e-03	-3.44816199154737326643598165838e-2	4.98443977576233567401966640317e-3
1.005e-03	-3.44779251546222859787173407257e-2	5.00243082058734116287513640410e-3
1.006e-03	-3.44741800579356145560951425869e-2	5.02047301399870252499155255924e-3
1.007e-03	-3.44703843685984680927266497008e-2	5.03856667353706575254553102892e-3
1.008e-03	-3.44665378264192929351956921617e-2	5.05671212118120953243135785253e-3
1.009e-03	-3.44626401677633568369779341062e-2	5.07490968323156147001956386385e-3
1.010e-03	-3.44586911254841942899220308694e-2	5.09315969070041916229604622028e-3
1.011e-03	-3.44546898139089035843676826847e-2	5.11146317014819015217513862748e-3
1.012e-03	-3.44506371816436724867506941119e-2	5.12981908822079467439695051276e-3
1.013e-03	-3.44465323424481725073824390085e-2	5.14822847297403073709195465849e-3
1.014e-03	-3.44423750144066637850568146846e-2	5.16669167453442286172779837211e-3
1.015e-03	-3.44381642686363477129464372371e-2	5.18520977241992261658638907839e-3
1.016e-03	-3.44339010942992606671889294411e-2	5.20378168682385116824367635635e-3
1.017e-03	-3.44295845616669812571142216578e-2	5.22240849913473841881291344805e-3
1.018e-03	-3.44252137076750671681701647106e-2	5.24109133080257409468963816883e-3
1.019e-03	-3.44207895529185255568421640597e-2	5.25982906598988506478267429976e-3
1.020e-03	-3.44163104529409949427418792677e-2	5.27862359695693846703462680618e-3
1.021e-03	-3.44117767617443588832158641202e-2	5.29747456109319564428725347498e-3
1.022e-03	-3.44071888596003220522982072535e-2	5.31638156499309924779787025202e-3
1.023e-03	-3.44025450424470039984335791887e-2	5.33534657325525342541310269252e-3
1.024e-03	-3.43978456734371833972762552441e-2	5.35436921381282495170615740805e-3
1.025e-03	-3.43930911428937352648689096839e-2	5.37344908271946782322737961736e-3
1.026e-03	-3.43882796844661275734001352976e-2	5.39258822024464933379767221919e-3
1.027e-03	-3.43834116704343177306167842311e-2	5.41178624494625633278540456667e-3
1.028e-03	-3.43784867561057319050282056481e-2	5.43104358818436583540520679834e-3
1.029e-03	-3.43735045915635682233587428669e-2	5.45036068806993325777628660083e-3
1.030e-03	-3.43684648215502616222334412220e-2	5.46973798961404607614138188123e-3
1.031e-03	-3.43633670853476134548447414351e-2	5.48917594488146358502118823637e-3
1.032e-03	-3.43582110166534677323213808061e-2	5.50867501314859405066618933042e-3
1.033e-03	-3.43529962434548108984622256709e-2	5.52823566106606693720924262197e-3
1.034e-03	-3.43477215895522393037862273802e-2	5.54785927226482943116617032080e-3
1.035e-03	-3.43423882585127600433991649254e-2	5.56754452088722333037674441465e-3
1.036e-03	-3.43369950712138342935454524914e-2	5.58729279520915294862766263887e-3
1.037e-03	-3.43315416314516563548960976201e-2	5.60710459310442324643873385671e-3
1.038e-03	-3.43260267003122550204936174569e-2	5.62698137557226983380282171018e-3
1.039e-03	-3.43204515314380468462922659091e-2	5.64692175922431651733779549751e-3
1.040e-03	-3.43148140262344851160551213757e-2	5.66692818914780789503402874052e-3
1.041e-03	-3.43091154640503080921603826294e-2	5.68699925242036422993538383323e-3
1.042e-03	-3.43033536925340507573680653605e-2	5.70713745980363672791721508317e-3
1.043e-03	-3.42975300171674921226397954185e-2	5.72734136835256870257140434190e-3
1.044e-03	-3.42916422300487943713083915690e-2	5.74761355674307552606693658889e-3
1.045e-03	-3.42856916632177343726527181449e-2	5.76795255152254151108004668444e-3
1.046e-03	-3.42796760513437996062864595128e-2	5.78836100162834917414243396029e-3
1.047e-03	-3.42735958236405751735520929987e-2	5.80883846961610262124478460888e-3
1.048e-03	-3.42674505038431651394970186268e-2	5.82938555654893669574480505100e-3
1.049e-03	-3.42612405595868348328253657510e-2	5.85000178028679172580329113028e-3
1.050e-03	-3.42549636046084769979835186941e-2	5.87068993788115701317368011048e-3
1.051e-03	-3.42486200778625462797368379501e-2	5.89144958315629222221736731765e-3
1.052e-03	-3.42422094683231852770655642039e-2	5.91228136194668479092436767553e-3
1.053e-03	-3.42357312557043816932180944296e-2	5.93318593201034305006062468029e-3
1.054e-03	-3.42291849102169151704009271866e-2	5.95416396334043159618116600865e-3
1.055e-03	-3.42225698923170525844752559363e-2	5.97521613848748948710003808886e-3
1.056e-03	-3.42158856524466454101734317721e-2	5.99634315289267488449873046271e-3
1.057e-03	-3.42091316307642654193395925910e-2	6.01754571523250198041745748660e-3
1.058e-03	-3.42023061950922647705251780407e-2	6.03882577358432756037134343243e-3
1.059e-03	-3.41954108746365865010534320702e-2	6.06018162834712887712515783808e-3
1.060e-03	-3.41884440281150812455157490238e-2	6.08161524036170553436501456751e-3
1.061e-03	-3.41814050516673959196289975258e-2	6.10312737494605055030508370369e-3
1.062e-03	-3.41742922142673873817807445392e-2	6.12472010306375222403854191607e-3
1.063e-03	-3.41671071050383214205287817405e-2	6.14639165656491278456472139511e-3
1.064e-03	-3.41598468386195417120009043249e-2	6.16814544588196829491224250288e-3
1.065e-03	-3.41525130345982489877585442024e-2	6.18997966806439775256720267202e-3
1.066e-03	-3.41451027250042076500414361170e-2	6.21189783536552710399318612090e-3
1.067e-03	-3.41376175601606824298303145861e-2	6.23389810976611340115898403100e-3
1.068e-03	-3.41300544861641062881453658503e-2	6.25598410951991688019136669446e-3
1.069e-03	-3.41224151843093855843886210753e-2	6.27815396131995553529098473802e-3
1.070e-03	-3.41146965112383462770648741000e-2	6.30041139385085216057874137729e-3
1.071e-03	-3.41068989303990610008876491174e-2	6.32275595044490221218023627764e-3
1.072e-03	-3.40990229522776753669883610670e-2	6.34518711865274096604746962207e-3
1.073e-03	-3.40910652922090112857277922993e-2	6.36770880177164832116107142689e-3
1.074e-03	-3.40830264116767302526661277188e-2	6.39032054914300952424752721547e-3
1.075e-03	-3.40749055059203665402622297406e-2	6.41302338434187801480230453166e-3
1.076e-03	-3.40667017524046327132169210540e-2	6.43581835378283387778164209921e-3
1.077e-03	-3.40584143102552412177120683781e-2	6.45870652744319392407473162415e-3
1.078e-03	-3.40500423196714476729608949307e-2	6.48168899961604496915677465025e-3
1.079e-03	-3.40415849013141272375324881619e-2	6.50476688969462199534303423604e-3
1.080e-03	-3.40330411556681228931591673091e-2	6.52794134298964570426061392487e-3
1.081e-03	-3.40244101623775267978304713538e-2	6.55121353158133339042783417806e-3
1.082e-03	-3.40156909795524725873815256577e-2	6.57458465520790363208589386684e-3
1.083e-03	-3.40068826430459271912664836549e-2	6.59805594219250958904671996128e-3
1.084e-03	-3.39979841656988748718760602374e-2	6.62162865041065836124628589813e-3
1.085e-03	-3.39889945365521832486289399121e-2	6.64530406830030559808392986364e-3
1.086e-03	-3.39799111988871016773223835429e-2	6.66908529856543795554658636237e-3
1.087e-03	-3.39707361131141977433609167946e-2	6.69297015401949129236694839905e-3
1.088e-03	-3.39614666910624030416267168513e-2	6.71696177909879373851679540622e-3
1.089e-03	-3.39521002332112011295313809484e-2	6.74106345570255020641549232045e-3
1.090e-03	-3.39426387439713857231669183148e-2	6.76527294838917292995605079115e-3
1.091e-03	-3.39330794877312909740528027265e-2	6.78959358677702104432336276550e-3
1.092e-03	-3.39234196096682942633495765114e-2	6.81402884784767699668622403387e-3
1.093e-03	-3.39136611560435099195777189040e-2	6.83857645091954772893790250332e-3
1.094e-03	-3.39037995315824268214802086562e-2	6.86324192724136219156671210597e-3
1.095e-03	-3.38938350857256261081929586321e-2	6.88802499728068260318982891345e-3
1.096e-03	-3.38837682284822621335838132892e-2	6.91292530967315662645805107044e-3
1.097e-03	-3.38735941147212462912068252158e-2	6.93794870745406688450185006587e-3
1.098e-03	-3.38633130548973902679026042067e-2	6.96309496549986636928323400102e-3
1.099e-03	-3.38529254214838041610056930879e-2	6.98836378519139286107665220091e-3
1.100e-03	-3.38424260978029311653835129893e-2	7.01376134884731937947936715772e-3
1.101e-03	-3.38318153459117944364507509115e-2	7.03928749795406813983444220640e-3
1.102e-03	-3.38210915844750381649306751583e-2	7.06494425287164526560378692264e-3
1.103e-03	-3.38102551206771336862905648452e-2	7.09073140507370530024722225328e-3
1.104e-03	-3.37993004368554024846864458514e-2	7.11665563863522897151539215527e-3
1.105e-03	-3.37882277125885062108275681258e-2	7.14271690708368941703261159903e-3
1.106e-03	-3.37770351679590309406361114354e-2	7.16891748547294182534936339960e-3
1.107e-03	-3.37657209679119118870732575298e-2	7.19525971956434769484798414992e-3
1.108e-03	-3.37542832198067270951458151777e-2	7.22174602896149725975448570484e-3
1.109e-03	-3.37427199708279797942914303882e-2	7.24837891042668893406059009151e-3
1.110e-03	-3.37310292052431421085420749655e-2	7.27516094139224972934356154530e-3
1.111e-03	-3.37192066555062146303093685376e-2	7.30209738049799605861581734963e-3
1.112e-03	-3.37072545085224761130715900741e-2	7.32918582687172365049854400160e-3
1.113e-03	-3.36951683894810667586417853667e-2	7.35643167841989196700620823821e-3
1.114e-03	-3.36829460000783140066042755152e-2	7.38383787482576092880542719648e-3
1.115e-03	-3.36705849626736381753567642440e-2	7.41140745746744337658664996652e-3
1.116e-03	-3.36580804488038464130054698045e-2	7.43914639490492131376284505172e-3
1.117e-03	-3.36454346062740986882424850773e-2	7.46705235445058491976409182187e-3
1.118e-03	-3.36326424652738480026735175890e-2	7.49513148767679734026953280536e-3
1.119e-03	-3.36196988013733804884092848988e-2	7.52339026488905387102938754995e-3
1.120e-03	-3.36066057089039652131035599560e-2	7.55182643328227929644049625689e-3
1.121e-03	-3.35933552228084871464656500602e-2	7.58044975396759223222875438056e-3
1.122e-03	-3.35799493853446736239006709838e-2	7.60925804866500746932334048212e-3
1.123e-03	-3.35663824888921476494769592480e-2	7.63825840486205057123470068531e-3
1.124e-03	-3.35526485206671636887059035447e-2	7.66745829298436746772027697644e-3
1.125e-03	-3.35387466568441509479148290347e-2	7.69685898822322090345878977002e-3
1.126e-03	-3.35246761220392002477958364659e-2	7.72646171195905365285443771616e-3
1.127e-03	-3.35104276238753527401083428024e-2	7.75627790150351736180560285385e-3
1.128e-03	-3.34960029393230691728499376961e-2	7.78630574299117236340620538151e-3
1.129e-03	-3.34813922477754473576790525667e-2	7.81655734182749656325665140652e-3
1.130e-03	-3.34665941714259778327753320684e-2	7.84703469312773566591466184976e-3
1.131e-03	-3.34516073608973378955076127174e-2	7.87773976437818655261864855474e-3
1.132e-03	-3.34364211003295241824820264676e-2	7.90868579436078469821656507077e-3
1.133e-03	-3.34210335672909204577804877014e-2	7.93987535410907687078961259804e-3
1.134e-03	-3.34054396926540910573303819951e-2	7.97131493268929279067742401047e-3
1.135e-03	-3.33896341626402477583356959780e-2	8.00301133242330711426678931891e-3
1.136e-03	-3.33736114018274157088750694266e-2	8.03497169062756194913571816843e-3
1.137e-03	-3.33573690098412297105782773480e-2	8.06719933463719150418709779560e-3
1.138e-03	-3.33408939911231459864187696300e-2	8.09971039413923720519210557417e-3
1.139e-03	-3.33241832536310825004924730895e-2	8.13250907950013028499297222686e-3
1.140e-03	-3.33072299717104276897811083904e-2	8.16560412855264748011272848074e-3
1.141e-03	-3.32900269458751704716145200173e-2	8.19900475763782932720348947498e-3
1.142e-03	-3.32725665732815414779793776561e-2	8.23272069937174061021596540238e-3
1.143e-03	-3.32548408151243506998032188190e-2	8.26676224434678464405225116045e-3
1.144e-03	-3.32368411605540622499087288512e-2	8.30114028728136939115684894205e-3
1.145e-03	-3.32185585866490255619982650237e-2	8.33586637821303123032168163488e-3
1.146e-03	-3.31999793184291198391369594192e-2	8.37095787199249749942600792176e-3
1.147e-03	-3.31811014620659516091486423035e-2	8.40641774540861668521829916711e-3
1.148e-03	-3.31619100695277883732393914035e-2	8.44226485708179682216379667843e-3
1.149e-03	-3.31423935691834036239473791478e-2	8.47851401828096740261370612936e-3
1.150e-03	-3.31225395954961060873074918524e-2	8.51518105599738723910709489864e-3
1.151e-03	-3.31023349100930024275350372803e-2	8.55228291386897974646401393189e-3
1.152e-03	-3.30817604535171172840740437770e-2	8.58984369010728975826486002496e-3
1.153e-03	-3.30608105502635693980316299959e-2	8.62787123449338691677007389531e-3
1.154e-03	-3.30394640204831158003691515376e-2	8.66639236061103333347212612943e-3
1.155e-03	-3.30177031081723470487772086019e-2	8.70542979082694652314157101403e-3
1.156e-03	-3.29955031769184882491213942810e-2	8.74501474387662925768174325489e-3
1.157e-03	-3.29728540406210612693627077088e-2	8.78516086400556031469521735604e-3
1.158e-03	-3.29497277279104672943784172771e-2	8.82590363824659821887864366362e-3
1.159e-03	-3.29260935325736452317347439790e-2	8.86728203735061659020051320325e-3
1.160e-03	-3.29019359557482314359234941813e-2	8.90931651968058495530779586059e-3
1.161e-03	-3.28772194151669042229516778058e-2	8.95205229434200209791729863220e-3
1.162e-03	-3.28519044695593996795366353020e-2	8.99553949005930572581549714763e-3
1.163e-03	-3.28259674590797090429726670528e-2	9.03980902108292089492927575938e-3
1.164e-03	-3.27993614931012610211621894214e-2	9.08492054355538768346030750032e-3
1.165e-03	-3.27720339399639777654675375252e-2	9.13094103735730577315252700056e-3
1.166e-03	-3.27439480114460243212401060693e-2	9.17791822241228301886008094072e-3
1.167e-03	-3.27150390371524031088305766728e-2	9.22593447106030924785108716707e-3
1.168e-03	-3.26852332026151205198687777710e-2	9.27508382657888488781273795627e-3
1.169e-03	-3.26544712577212137136225942681e-2	9.32544274295256318802345299665e-3
1.170e-03	-3.26226584290936592822413029699e-2	9.37713205391590454400888474847e-3
1.171e-03	-3.25896933681052312828991824601e-2	9.43028133363099117444800665025e-3
1.172e-03	-3.25554468357929566767556616428e-2	9.48505543626622280274162116960e-3
1.173e-03	-3.25197957896798412100960722486e-2	9.54161237051501896401426818375e-3
1.174e-03	-3.24825590614076303914770749267e-2	9.60018334771066839667290290293e-3
1.175e-03	-3.24435259096726157030025979206e-2	9.66103771555536265444718489778e-3
1.176e-03	-3.24024329791687243184240961170e-2	9.72451203942916572364350050970e-3
1.177e-03	-3.23589437753543387067188408275e-2	9.79103631922270330922206109399e-3
1.178e-03	-3.23126165165385672713014171053e-2	9.86117505004388258621352954482e-3
1.179e-03	-3.22628511322371248918802530507e-2	9.93569491530805420009325714142e-3
1.180e-03	-3.22088140465940983125833006810e-2	1.00156612459877045295419299211e-2
1.181e-03	-3.21491898004526677326462586061e-2	1.01027536393787169674609675284e-2
1.182e-03	-3.20819216263639198448720669204e-2	1.01996000139574313337752419952e-2
1.183e-03	-3.20031236672392447562879411523e-2	1.03111633156674908596378640019e-2
1.184e-03	-3.19036937073192138560469945643e-2	1.04490675037509754963459331652e-2
1.185e-03	-3.17437895631532475648184949996e-2	1.06641871765422959779144318292e-2
