0.000e+00	-3.12500000000000000000000000000e-2	0
1.000e-06	-3.12500033600014047658841206005e-2	0
2.000e-06	-3.12500134400224763382414561239e-2	0
3.000e-06	-3.12500302401137871693151365920e-2	0
4.000e-06	-3.12500537603596267740823436504e-2	0
5.000e-06	-3.12500840008780048722803802662e-2	0
6.000e-06	-3.12501209618206557877573505421e-2	0
7.000e-06	-3.12501646433730441056109426860e-2	0
8.000e-06	-3.12502150457543715877386592860e-2	0
9.000e-06	-3.12502721692175853475616585355e-2	0
1.000e-05	-3.12503360140493872848233691774e-2	0
1.100e-05	-3.12504065805702447815032534926e-2	0
1.200e-05	-3.12504838691344026600255494876e-2	0
1.300e-05	-3.12505678801298964050825584281e-2	0
1.400e-05	-3.12506586139785666505320903474e-2	0
1.500e-05	-3.12507560711360749329690712943e-2	0
1.600e-05	-3.12508602520919207137120852006e-2	0
1.700e-05	-3.12509711573694596710868041263e-2	0
1.800e-05	-3.12510887875259232650298869024e-2	0
1.900e-05	-3.12512131431524395761790317389e-2	0
2.000e-05	-3.12513442248740554217574876620e-2	0
2.100e-05	-3.12514820333497597507044974479e-2	0
2.200e-05	-3.12516265692725083206469111540e-2	0
2.300e-05	-3.12517778333692496594514771339e-2	0
2.400e-05	-3.12519358264009523142424177693e-2	0
2.500e-05	-3.12521005491626333909151165751e-2	0
2.600e-05	-3.12522720024833883873212197180e-2	0
2.700e-05	-3.12524501872264223234522899482e-2	0
2.800e-05	-3.12526351042890821720870385138e-2	0
2.900e-05	-3.12528267546028905935349930614e-2	0
3.000e-05	-3.12530251391335809782309129940e-2	0
3.100e-05	-3.12532302588811338011156297894e-2	0
3.200e-05	-3.12534421148798142918735113121e-2	0
3.300e-05	-3.12536607081982114252299554630e-2	0
3.400e-05	-3.12538860399392782357364905361e-2	0
3.500e-05	-3.12541181112403734615105428397e-2	0
3.600e-05	-3.12543569232733045216970118709e-2	0
3.700e-05	-3.12546024772443718323604706350e-2	0
3.800e-05	-3.12548547743944144660521434202e-2	0
3.900e-05	-3.12551138159988571600246747840e-2	0
4.000e-05	-3.12553796033677586782952055779e-2	0
4.100e-05	-3.12556521378458615334270071206e-2	0
4.200e-05	-3.12559314208126430733798997839e-2	0
4.300e-05	-3.12562174536823679392924319166e-2	0
4.400e-05	-3.12565102379041419002496316511e-2	0
4.500e-05	-3.12568097749619670711139107706e-2	0
4.600e-05	-3.12571160663747985197675947996e-2	0
4.700e-05	-3.12574291136966022702537315471e-2	0
4.800e-05	-3.12577489185164147084451593751e-2	0
4.900e-05	-3.12580754824584033971222148517e-2	0
5.000e-05	-3.12584088071819293074116422668e-2	0
5.100e-05	-3.12587488943816104738193779217e-2	0
5.200e-05	-3.12590957457873870801989292417e-2	0
5.300e-05	-3.12594493631645879841910721045e-2	0
5.400e-05	-3.12598097483139986878932003957e-2	0
5.500e-05	-3.12601769030719307626483642097e-2	0
5.600e-05	-3.12605508293102927360537059040e-2	0
5.700e-05	-3.12609315289366624494960763912e-2	0
5.800e-05	-3.12613190038943608946799211098e-2	0
5.900e-05	-3.12617132561625275378200696592e-2	0
6.000e-05	-3.12621142877561971403819772176e-2	0
6.100e-05	-3.12625221007263780854297861934e-2	0
6.200e-05	-3.12629366971601322188397333339e-2	0
6.300e-05	-3.12633580791806562148742982081e-2	0
6.400e-05	-3.12637862489473644757619230015e-2	0
6.500e-05	-3.12642212086559735751504066001e-2	0
6.600e-05	-3.12646629605385882557040231088e-2	0
6.700e-05	-3.12651115068637889907561803505e-2	0
6.800e-05	-3.12655668499367211210768003699e-2	0
6.900e-05	-3.12660289920991855769455400398e-2	0
7.000e-05	-3.12664979357297311969335632519e-2	0
7.100e-05	-3.12669736832437486543355735089e-2	0
7.200e-05	-3.12674562370935660027474336042e-2	0
7.300e-05	-3.12679455997685458524238584991e-2	0
7.400e-05	-3.12684417737951841892953804345e-2	0
7.500e-05	-3.12689447617372108487611343653e-2	0
7.600e-05	-3.12694545661956916566144378757e-2	0
7.700e-05	-3.12699711898091322497020018750e-2	0
7.800e-05	-3.12704946352535835891650277054e-2	0
7.900e-05	-3.12710249052427491793614378134e-2	0
8.000e-05	-3.12715620025280940058231741709e-2	0
8.100e-05	-3.12721059298989552058609603929e-2	0
8.200e-05	-3.12726566901826544856912514264e-2	0
8.300e-05	-3.12732142862446122982263845431e-2	0
8.400e-05	-3.12737787209884637959392918753e-2	0
8.500e-05	-3.12743499973561765734886364434e-2	0
8.600e-05	-3.12749281183281702150689910766e-2	0
8.700e-05	-3.12755130869234376617337956973e-2	0
8.800e-05	-3.12761049061996684142264086177e-2	0
8.900e-05	-3.12767035792533735871156320725e-2	0
9.000e-05	-3.12773091092200128305468610724e-2	0
9.100e-05	-3.12779214992741231355668686230e-2	0
9.200e-05	-3.12785407526294495403796850188e-2	0
9.300e-05	-3.12791668725390777541080691992e-2	0
9.400e-05	-3.12797998622955687156095082573e-2	0
9.500e-05	-3.12804397252310951049981211317e-2	0
9.600e-05	-3.12810864647175798258826727525e-2	0
9.700e-05	-3.12817400841668364766638597997e-2	0
9.800e-05	-3.12824005870307118295726584500e-2	0
9.900e-05	-3.12830679768012303364759668960e-2	0
1.000e-04	-3.12837422570107406808261732772e-2	0
1.010e-04	-3.12844234312320643954877790334e-2	0
1.020e-04	-3.12851115030786465665369586227e-2	0
1.030e-04	-3.12858064762047086434990929690e-2	0
1.040e-04	-3.12865083543054033768650340368e-2	0
1.050e-04	-3.12872171411169719041093039727e-2	0
1.060e-04	-3.12879328404169030058227711229e-2	0
1.070e-04	-3.12886554560240945539687483345e-2	0
1.080e-04	-3.12893849917990171746751023067e-2	0
1.090e-04	-3.12901214516438801483860274423e-2	0
1.100e-04	-3.12908648395027995706158096539e-2	0
1.110e-04	-3.12916151593619687969733761554e-2	0
1.120e-04	-3.12923724152498311965608930461e-2	0
1.130e-04	-3.12931366112372552382923357965e-2	0
1.140e-04	-3.12939077514377119351290264606e-2	0
1.150e-04	-3.12946858400074546716888196672e-2	0
1.160e-04	-3.12954708811457014411541473790e-2	0
1.170e-04	-3.12962628790948195178817265357e-2	0
1.180e-04	-3.12970618381405125926036274490e-2	0
1.190e-04	-3.12978677626120103976058341026e-2	0
1.200e-04	-3.12986806568822608497766477618e-2	0
1.210e-04	-3.12995005253681247399335469801e-2	0
1.220e-04	-3.13003273725305729973636825632e-2	0
1.230e-04	-3.13011612028748865590503254958e-2	0
1.240e-04	-3.13020020209508588736055776332e-2	0
1.250e-04	-3.13028498313530010704887861010e-2	0
1.260e-04	-3.13037046387207498256606685782e-2	0
1.270e-04	-3.13045664477386779554054629471e-2	0
1.280e-04	-3.13054352631367077706477756398e-2	0
1.290e-04	-3.13063110896903272246975427840e-2	0
1.300e-04	-3.13071939322208088879759715685e-2	0
1.310e-04	-3.13080837955954317839078413701e-2	0
1.320e-04	-3.13089806847277061208114715801e-2	0
1.330e-04	-3.13098846045776009552773734375e-2	0
1.340e-04	-3.13107955601517748232004765705e-2	0
1.350e-04	-3.13117135565038093753192494100e-2	0
1.360e-04	-3.13126385987344460548184216208e-2	0
1.370e-04	-3.13135706919918258552707846888e-2	0
1.380e-04	-3.13145098414717321979281265562e-2	0
1.390e-04	-3.13154560524178369681221950989e-2	0
1.400e-04	-3.13164093301219497513041455308e-2	0
1.410e-04	-3.13173696799242703100356870479e-2	0
1.420e-04	-3.13183371072136443440475988418e-2	0
1.430e-04	-3.13193116174278225763019470639e-2	0
1.440e-04	-3.13202932160537232088337323904e-2	0
1.450e-04	-3.13212819086276977930063811960e-2	0
1.460e-04	-3.13222777007358005596940302098e-2	0
1.470e-04	-3.13232805980140612558025336107e-2	0
1.480e-04	-3.13242906061487615344611527776e-2	0
1.490e-04	-3.13253077308767149471586047202e-2	0
1.500e-04	-3.13263319779855505870612011867e-2	0
1.510e-04	-3.13273633533140004337378867325e-2	0
1.520e-04	-3.13284018627521904505277862669e-2	0
1.530e-04	-3.13294475122419354868211332935e-2	1.17243797398350332189704945510e-22
1.540e-04	-3.13305003077770380385849298169e-2	1.64709616213812664974919125262e-22
1.550e-04	-3.13315602554035909215511777510e-2	2.39315432463233056044952278217e-22
1.560e-04	-3.13326273612202839125988407162e-2	3.52122598362172984574176655433e-22
1.570e-04	-3.13337016313787144160016978174e-2	5.19513900320744135583233306672e-22
1.580e-04	-3.13347830720837022123838251732e-2	7.65205288720908897948192627151e-22
1.590e-04	-3.13358716895936083494235101499e-2	1.12310224130167671581585483504e-21
1.600e-04	-3.13369674902206582345759290769e-2	1.64128378778310240369827807898e-21
1.610e-04	-3.13380704803312689913459029118e-2	2.38750223053269369707796068692e-21
1.620e-04	-3.13391806663463811419355303493e-2	3.45672125007945702902271643202e-21
1.630e-04	-3.13402980547417946804185717953e-2	4.98138931979313654121405695616e-21
1.640e-04	-3.13414226520485096019552550221e-2	7.14537118967167457201124275847e-21
1.650e-04	-3.13425544648530709549588778737e-2	1.02027524990071476395147978110e-20
1.660e-04	-3.13436934997979184845604313379e-2	1.45031097837151439716166394348e-20
1.670e-04	-3.13448397635817409371907487777e-2	2.05253232007170947432793656154e-20
1.680e-04	-3.13459932629598350976127539590e-2	2.89226306530643276636158675109e-20
1.690e-04	-3.13471540047444696312906433290e-2	4.05824148922289205125917539593e-20
1.700e-04	-3.13483219958052538065797739272e-2	5.67052230257437514824673191007e-20
1.710e-04	-3.13494972430695111728621841884e-2	7.89087940135661894654396060280e-20
1.720e-04	-3.13506797535226582724396709358e-2	1.09364479544503439684320225568e-19
1.730e-04	-3.13518695342085884657308808262e-2	1.50975466771227639059138494100e-19
1.740e-04	-3.13530665922300609511027298065e-2	2.07608744601986848205783975690e-19
1.750e-04	-3.13542709347490950625015093762e-2	2.84395915754369469594631373147e-19
1.760e-04	-3.13554825689873699299372366604e-2	3.88121886060148031053093160127e-19
1.770e-04	-3.13567015022266295898182185999e-2	5.27725330604661892419270698757e-19
1.780e-04	-3.13579277418090936341335964590e-2	7.14940846786098799811502108952e-19
1.790e-04	-3.13591612951378734895420943733e-2	9.65120100870539448621233198339e-19
1.800e-04	-3.13604021696773944195477125055e-2	1.29827834629158657004972054229e-18
1.810e-04	-3.13616503729538233451302046284e-2	1.74042378276773986153110767711e-18
1.820e-04	-3.13629059125555025814525180776e-2	2.32524074081564430668456598699e-18
1.830e-04	-3.13641687961333895905917482562e-2	3.09621409616537010520895028876e-18
1.840e-04	-3.13654390314015028526375168859e-2	4.10930220448759201340818965621e-18
1.850e-04	-3.13667166261373739599751272443e-2	5.43628965922048002712918840313e-18
1.860e-04	-3.13680015881825060421236518503e-2	7.16898008196651122977349867385e-18
1.870e-04	-3.13692939254428386311347151849e-2	9.42442385524491418294648366265e-18
1.880e-04	-3.13705936458892190802797783948e-2	1.23514172388990254424914764058e-17
1.890e-04	-3.13719007575578806515660414992e-2	1.61385588835620983175132175392e-17
1.900e-04	-3.13732152685509273905276836212e-2	2.10242087521359882494061181135e-17
1.910e-04	-3.13745371870368259097443098778e-2	2.73087644940630355605483287340e-17
1.920e-04	-3.13758665212509042056466367594e-2	3.53697532153479462396573801255e-17
1.930e-04	-3.13772032794958576363853329221e-2	4.56803344693707110926019522030e-17
1.940e-04	-3.13785474701422621918674912070e-2	5.88319255422053462852872953769e-17
1.950e-04	-3.13798991016290951905116472542e-2	7.55617954903019066868954198880e-17
1.960e-04	-3.13812581824642635408420515489e-2	9.67866329815262517788656385942e-17
1.970e-04	-3.13826247212251397097417900877e-2	1.23643278365467645726262818075e-16
1.980e-04	-3.13839987265591055430183614210e-2	1.57538026462388112897138926980e-16
1.990e-04	-3.13853802071841040879107723448e-2	2.00206157907602638186763163194e-16
2.000e-04	-3.13867691718891995712907264072e-2	2.53783648464299355129783165066e-16
2.010e-04	-3.13881656295351456915889681103e-2	3.20893343239759442143063508700e-16
2.020e-04	-3.13895695890549623869185398732e-2	4.04748272595116246015905868296e-16
2.030e-04	-3.13909810594545212464771503179e-2	5.09275235617664311895115836766e-16
2.040e-04	-3.13924000498131397370988985785e-2	6.39262293506916602176125503708e-16
2.050e-04	-3.13938265692841844217994239275e-2	8.00534407569003168853455190054e-16
2.060e-04	-3.13952606270956833523266419053e-2	1.00016213457727360174254649391e-15
2.070e-04	-3.13967022325509478231003882561e-2	1.24670906693898713297248340037e-15
2.080e-04	-3.13981513950292036795076275648e-2	1.55052458768534924051009450338e-15
2.090e-04	-3.13996081239862323793247999324e-2	1.92408951474801385866814525287e-15
2.100e-04	-3.14010724289550220120750691194e-2	2.38242334871631363240707370829e-15
2.110e-04	-3.14025443195464284874056651739e-2	2.94356312945523692421104371093e-15
2.120e-04	-3.14040238054498471100994055828e-2	3.62912536734585955155815219789e-15
2.130e-04	-3.14055108964338947661252884621e-2	4.46496416136747879279182346816e-15
2.140e-04	-3.14070056023471029511964467489e-2	5.48194047224451514751718065053e-15
2.150e-04	-3.14085079331186218806505833283e-2	6.71681960356598615695316455462e-15
2.160e-04	-3.14100178987589359271092720947e-2	8.21331628344738942660553625355e-15
2.170e-04	-3.14115355093605906403193195282e-2	1.00233093585464765493071199723e-14
2.180e-04	-3.14130607750989316118429157458e-2	1.22082510418389025051813636169e-14
2.190e-04	-3.14145937062328554558547664339e-2	1.48407989203129046941089396206e-14
2.200e-04	-3.14161343131055731862349619993e-2	1.80067025698890158137293497762e-14
2.210e-04	-3.14176826061453862794270960474e-2	2.18069806687928551425738160556e-14
2.220e-04	-3.14192385958664757221730319123e-2	2.63604289910699359945891510330e-14
2.230e-04	-3.14208022928697043532494568205e-2	3.18065046347736560002978676574e-14
2.240e-04	-3.14223737078434328187273918681e-2	3.83086373453618253454824535097e-14
2.250e-04	-3.14239528515643494710642064990e-2	4.60580248625218253923928716872e-14
2.260e-04	-3.14255397348983145535280286052e-2	5.52779759227753474650521192771e-14
2.270e-04	-3.14271343688012190230558108886e-2	6.62288719155757595594592551653e-14
2.280e-04	-3.14287367643198583766671346637e-2	7.92138262906655065079346776219e-14
2.290e-04	-3.14303469325928218590037847154e-2	9.45851296923598779799180610760e-14
2.300e-04	-3.14319648848513974414470431915e-2	1.12751578541234892501824876213e-13
2.310e-04	-3.14335906324204929765863934526e-2	1.34186795396880848615107253884e-13
2.320e-04	-3.14352241867195739455796810930e-2	1.59438661078763870863445008408e-13
2.330e-04	-3.14368655592636182301593290768e-2	1.89139991169913481604469685234e-13
2.340e-04	-3.14385147616640883557041944451e-2	2.24020603318842341618454762868e-13
2.350e-04	-3.14401718056299216669128677581e-2	2.64920936737101862466386601613e-13
2.360e-04	-3.14418367029685389131808344580e-2	3.12807401550305190115206180567e-13
2.370e-04	-3.14435094655868717367983795096e-2	3.68789653281497882014399967673e-13
2.380e-04	-3.14451901054924095735439781646e-2	4.34140006813494601936853861018e-13
2.390e-04	-3.14468786347942664921427010908e-2	5.10315224780271382653553322965e-13
2.400e-04	-3.14485750657042685163822172747e-2	5.98980937568625228266107213303e-13
2.410e-04	-3.14502794105380619914193199142e-2	7.02038976064754991268107914249e-13
2.420e-04	-3.14519916817162435739540664291e-2	8.21657924053455976716955772491e-13
2.430e-04	-3.14537118917655124444805199951e-2	9.60307224869973959288341707540e-13
2.440e-04	-3.14554400533198453587238309360e-2	1.12079520661820460841472970554e-12
2.450e-04	-3.14571761791216951746211940871e-2	1.30631142210786716714857480713e-12
2.460e-04	-3.14589202820232135107741746964e-2	1.52047373373335092144519195877e-12
2.470e-04	-3.14606723749874982121638963799e-2	1.76738060992550468168698556711e-12
2.480e-04	-3.14624324710898663190471475355e-2	2.05166913866335726005779691881e-12
2.490e-04	-3.14642005835191532553055978537e-2	2.37857930494522778399095606169e-12
2.500e-04	-3.14659767255790389730633967840e-2	2.75402512319814850640012166235e-12
2.510e-04	-3.14677609106894018110780526381e-2	3.18467326246149822762197640129e-12
2.520e-04	-3.14695531523877008451993848219e-2	3.67802985192565115349410800498e-12
2.530e-04	-3.14713534643303875300312157230e-2	4.24253620714920333412482925439e-12
2.540e-04	-3.14731618602943474517659419853e-2	4.88767427312794161959971932913e-12
2.550e-04	-3.14749783541783730329345996923e-2	5.62408263945279218261029438230e-12
2.560e-04	-3.14768029600046680504616638344e-2	6.46368404517831169017402685265e-12
2.570e-04	-3.14786356919203848488673461756e-2	7.41982535683132061241289609427e-12
2.580e-04	-3.14804765641991951506489691301e-2	8.50743107232164437176504562547e-12
2.590e-04	-3.14823255912428953857209472549e-2	9.74317147647087913219809018270e-12
2.600e-04	-3.14841827875830474812194211789e-2	1.11456466505439806553061384312e-11
2.610e-04	-3.14860481678826560718975267279e-2	1.27355876186411620845511061942e-11
2.620e-04	-3.14879217469378831096609636782e-2	1.45360759981679089419421092025e-11
2.630e-04	-3.14898035396798008684268258385e-2	1.65727836099270713573831320607e-11
2.640e-04	-3.14916935611761843573328542976e-2	1.88742335957409340432585479828e-11
2.650e-04	-3.14935918266333441712762781817e-2	2.14720846879780086262523076787e-11
2.660e-04	-3.14954983513980008227139150729e-2	2.44014403759866936334867114648e-11
2.670e-04	-3.14974131509592016124959647924e-2	2.77011848192754730268091017178e-11
2.680e-04	-3.14993362409502811101196031175e-2	3.14143474663678314557121509651e-11
2.690e-04	-3.15012676371508663250545209611e-2	3.55884984516310711636009325944e-11
2.700e-04	-3.15032073554889276605868299371e-2	4.02761769600532730362248157061e-11
2.710e-04	-3.15051554120428767498235394334e-2	4.55353548719327134458779889401e-11
2.720e-04	-3.15071118230437122799636821799e-2	5.14299381257488815451988619957e-11
2.730e-04	-3.15090766048772149155414982513e-2	5.80303083680917704215843224402e-11
2.740e-04	-3.15110497740861924339429203965e-2	6.54139075944118521133374634915e-11
2.750e-04	-3.15130313473727761869464614930e-2	7.36658686234795946645067000904e-11
2.760e-04	-3.15150213416007700002033653328e-2	8.28796943917594615539763990663e-11
2.770e-04	-3.15170197737980526182995666364e-2	9.31579892013438366852550558919e-11
2.780e-04	-3.15190266611590347961879385189e-2	1.04613245206577356278990063105e-10
2.790e-04	-3.15210420210471721281925159355e-2	1.17368687579936632939328193961e-10
2.800e-04	-3.15230658709975346933139376253e-2	1.31559181957003584726536006023e-10
2.810e-04	-3.15250982287194345800608788282e-2	1.47332207923355657320768995512e-10
2.820e-04	-3.15271391120991123353281893769e-2	1.64848902472749709984964822133e-10
2.830e-04	-3.15291885392024833598033227644e-2	1.84285177535937819471858108092e-10
2.840e-04	-3.15312465282779452468430427897e-2	2.05832915852645003798751672255e-10
2.850e-04	-3.15333130977592470325652229298e-2	2.29701249635465481565808049426e-10
2.860e-04	-3.15353882662684212919086904342e-2	2.56117926653482209871368065922e-10
2.870e-04	-3.15374720526187799784546379206e-2	2.85330768547902405188065601649e-10
2.880e-04	-3.15395644758179748647649929900e-2	3.17609226356343604189405874473e-10
2.890e-04	-3.15416655550711233946504681915e-2	3.53246038466455620555385417677e-10
2.900e-04	-3.15437753097840007091079922170e-2	3.92558996312191118734195105166e-10
2.910e-04	-3.15458937595662985534210710536e-2	4.35892823409139924052528491639e-10
2.920e-04	-3.15480209242349517139498970236e-2	4.83621173460355409624044650225e-10
2.930e-04	-3.15501568238175325694890831028e-2	5.36148753473594011012607560067e-10
2.940e-04	-3.15523014785557142733124999959e-2	5.93913578020044898705834835192e-10
2.950e-04	-3.15544549089088030083807527091e-2	6.57389360956414791072282747655e-10
2.960e-04	-3.15566171355573396792102366129e-2	7.27088051123687652477287938398e-10
2.970e-04	-3.15587881794067713197055470597e-2	8.03562518726582946328643235054e-10
2.980e-04	-3.15609680615911924067405791428e-2	8.87409399287253650431257168788e-10
2.990e-04	-3.15631568034771561740120794761e-2	9.79272102254643251471686910197e-10
3.000e-04	-3.15653544266675559202203942430e-2	1.07984399153668900382238158370e-9
3.010e-04	-3.15675609530055761991070458645e-2	1.18987174540572974624778259583e-9
3.020e-04	-3.15697764045787136668319953374e-2	1.31015890340754702480098300222e-9
3.030e-04	-3.15720008037228672443518910606e-2	1.44156960808091897153662535397e-9
3.040e-04	-3.15742341730264971287074177231e-2	1.58503254946686296272196818360e-9
3.050e-04	-3.15764765353348520574008182514e-2	1.74154512055433663019990801906e-9
3.060e-04	-3.15787279137542640941480727080e-2	1.91217779197149461218005301438e-9
3.070e-04	-3.15809883316565100639967458529e-2	2.09807871438808466831691978351e-9
3.080e-04	-3.15832578126832386161608865281e-2	2.30047855724462350853450154024e-9
3.090e-04	-3.15855363807504617415500920697e-2	2.52069559256702017888003294295e-9
3.100e-04	-3.15878240600531094111555962979e-2	2.76014103276070327029426247268e-9
3.110e-04	-3.15901208750696458370694112493e-2	3.02032463140543774975335280452e-9
3.120e-04	-3.15924268505667456851794609322e-2	3.30286055619025968722862340787e-9
3.130e-04	-3.15947420116040283938672716965e-2	3.60947354323667654611830019360e-9
3.140e-04	-3.15970663835388485672214636771e-2	3.94200534215683478911421815545e-9
3.150e-04	-3.15993999920311402252142404629e-2	4.30242146128109726604010283457e-9
3.160e-04	-3.16017428630483124987706190356e-2	4.69281822256574824460545364945e-9
3.170e-04	-3.16040950228701941555665242587e-2	5.11543013575569878158319248916e-9
3.180e-04	-3.16064564980940241411887261861e-2	5.57263760142844217958701688157e-9
3.190e-04	-3.16088273156394851068818054126e-2	6.06697495258345107009237982887e-9
3.200e-04	-3.16112075027537766834778336453e-2	6.60113884446505691689418745385e-9
3.210e-04	-3.16135970870167250346786124821e-2	7.17799700231595470546206888996e-9
3.220e-04	-3.16159960963459250049351271361e-2	7.80059733675217812705675318172e-9
3.230e-04	-3.16184045590019109466121119082e-2	8.47217743642804704689692419520e-9
3.240e-04	-3.16208225035933520705302074000e-2	9.19617444762055853916530211423e-9
3.250e-04	-3.16232499590822679302706822195e-2	9.97623535030634156442709577611e-9
3.260e-04	-3.16256869547892594294107005959e-2	1.08162276402299988032015605367e-8
3.270e-04	-3.16281335203987504406359451136e-2	1.17202504263698054454737828384e-8
3.280e-04	-3.16305896859642349481323199354e-2	1.26926459530947171841458344773e-8
3.290e-04	-3.16330554819135243260050425582e-2	1.37380115561748751132768059017e-8
3.300e-04	-3.16355309390539891171010457429e-2	1.48612120616557062918354508278e-8
3.310e-04	-3.16380160885777894270582078815e-2	1.60673926364327491484461113186e-8
3.320e-04	-3.16405109620670878178805411275e-2	1.73619920991699426583135523473e-8
3.330e-04	-3.16430155914992382715807990935e-2	1.87507566999877910647200218636e-8
3.340e-04	-3.16455300092519445445806580728e-2	2.02397543771090491488920290579e-8
3.350e-04	-3.16480542481083810353245532056e-2	2.18353894983878900050711181865e-8
3.360e-04	-3.16505883412622689638950283288e-2	2.35444180953634731049211721794e-8
3.370e-04	-3.16531323223229003430141855765e-2	2.53739635971699963934276448752e-8
3.380e-04	-3.16556862253201021777749991189e-2	2.73315330713022796867733196395e-8
3.390e-04	-3.16582500847091327218111400835e-2	2.94250339778783577070550150688e-8
3.400e-04	-3.16608239353755017807673520218e-2	3.16627914436580585940813382420e-8
3.410e-04	-3.16634078126397063701901514513e-2	3.40535660616688795336899066155e-8
3.420e-04	-3.16660017522618731257490353754e-2	3.66065722218572917320980322993e-8
3.430e-04	-3.16686057904462983252235919560e-2	3.93314969777247492410232070122e-8
3.440e-04	-3.16712199638458765104086847921e-2	4.22385194534228633955121245460e-8
3.450e-04	-3.16738443095664079167889943073e-2	4.53383307952713790393356648289e-8
3.460e-04	-3.16764788651707752217605419033e-2	4.86421546711254928495064168980e-8
3.470e-04	-3.16791236686829793892228974847e-2	5.21617683204557583787500412213e-8
3.480e-04	-3.16817787585920248231252784522e-2	5.59095241574141184947516476644e-8
3.490e-04	-3.16844441738556428782314037762e-2	5.98983719285437402025673965800e-8
3.500e-04	-3.16871199539038435136391493111e-2	6.41418814261480415515697373340e-8
3.510e-04	-3.16898061386422837961195033601e-2	6.86542657576660417856809590522e-8
3.520e-04	-3.16925027684554429108809737227e-2	7.34504051707066949147144382932e-8
3.530e-04	-3.16952098842095915892717960967e-2	7.85458714326749130336361442220e-8
3.540e-04	-3.16979275272555448320432283031e-2	8.39569527631761930666796973140e-8
3.550e-04	-3.17006557394311866006611912145e-2	8.97006793166158455912421886394e-8
3.560e-04	-3.17033945630637546697232919957e-2	9.57948492116130903644901109989e-8
3.570e-04	-3.17061440409718726386092034662e-2	1.02258055103030265276267363208e-7
3.580e-04	-3.17089042164673187188183199679e-2	1.09109711291572759287613370252e-7
3.590e-04	-3.17116751333565177826880879927e-2	1.16370081365048147106056045363e-7
3.600e-04	-3.17144568359417448375831009078e-2	1.24060306364482268358912009702e-7
3.610e-04	-3.17172493690220275958059852871e-2	1.32202433467377408328096851907e-7
3.620e-04	-3.17200527778937344077527261565e-2	1.40819445179463967237007624042e-7
3.630e-04	-3.17228671083508381038394083275e-2	1.49935289025341201401247004370e-7
3.640e-04	-3.17256924066848380295600163390e-2	1.59574907727429989680995727347e-7
3.650e-04	-3.17285287196843326654025410775e-2	1.69764269861664614060828004671e-7
3.660e-04	-3.17313760946342267423372904871e-2	1.80530400977341148615119580270e-7
3.670e-04	-3.17342345793145613063900367711e-2	1.91901415167510601115987901071e-7
3.680e-04	-3.17371042219989542205817387286e-2	2.03906547075261008773791897914e-7
3.690e-04	-3.17399850714526355374157911290e-2	2.16576184320175108344001609755e-7
3.700e-04	-3.17428771769300724705151588872e-2	2.29941900328174429582867762876e-7
3.710e-04	-3.17457805881721594617507979261e-2	2.44036487546883570909609801986e-7
3.720e-04	-3.17486953554029727963000996238e-2	2.58893991027544934629425141261e-7
3.730e-04	-3.17516215293260703174127101643e-2	2.74549742353417164085746893577e-7
3.740e-04	-3.17545591611203226853126108683e-2	2.91040393893477325448495337920e-7
3.750e-04	-3.17575083024352701394805914584e-2	3.08403953359125538071240572398e-7
3.760e-04	-3.17604690053859927908712236258e-2	3.26679818640470759128584808965e-7
3.770e-04	-3.17634413225474634268483093193e-2	3.45908812897663151005530413451e-7
3.780e-04	-3.17664253069484096736104511450e-2	3.66133219881580944800843270715e-7
3.790e-04	-3.17694210120646273820596619539e-2	3.87396819457102328137735815992e-7
3.800e-04	-3.17724284918117822123885917680e-2	4.09744923301016358439937681414e-7
3.810e-04	-3.17754478005376322228890681759e-2	4.33224410745574608342325784523e-7
3.820e-04	-3.17784789930137296589344745518e-2	4.57883764737493334250700113276e-7
3.830e-04	-3.17815221244265199628903712020e-2	4.83773107881210505700822780861e-7
3.840e-04	-3.17845772503678848956860818561e-2	5.10944238534022916056329502024e-7
3.850e-04	-3.17876444268250877233915125484e-2	5.39450666919715747253556243917e-7
3.860e-04	-3.17907237101701263037018199924e-2	5.69347651226201535768883978274e-7
3.870e-04	-3.17938151571484660312320729794e-2	6.00692233651672678877292013189e-7
3.880e-04	-3.17969188248671772054288043273e-2	6.33543276362701120703019083769e-7
3.890e-04	-3.18000347707824421105796627464e-2	6.67961497326773779876346863157e-7
3.900e-04	-3.18031630526864158007715082568e-2	7.04009505980767909191341087791e-7
3.910e-04	-3.18063037286934759846967406399e-2	7.41751838695865265217828788646e-7
3.920e-04	-3.18094568572258187713354639827e-2	7.81254993998572419454490692062e-7
3.930e-04	-3.18126224969983829521433828942e-2	8.22587467506614221343938186273e-7
3.940e-04	-3.18158007070031552862570846592e-2	8.65819786537526419646395565109e-7
3.950e-04	-3.18189915464928017703630094262e-2	9.11024544347097857931221642773e-7
3.960e-04	-3.18221950749636055605794307209e-2	9.58276433954015284258139091623e-7
3.970e-04	-3.18254113521377864237945954003e-2	1.00765228150619183928009574426e-6
3.980e-04	-3.18286404379451182978031722542e-2	1.05923107914381302663131764898e-6
3.990e-04	-3.18318823925038950917502214448e-2	1.11309401731330789897534746177e-6
4.000e-04	-3.18351372761011857904315356103e-2	1.16932451648605245293353482126e-6
4.010e-04	-3.18384051491724148744482460932e-2	1.22800825823493546155923139361e-6
4.020e-04	-3.18416860722803826132510611148e-2	1.28923321562125730121358951097e-6
4.030e-04	-3.18449801060934329515357969464e-2	1.35308968284483892104344126397e-6
4.040e-04	-3.18482873113630403583033581854e-2	1.41967030410878685183208940141e-6
4.050e-04	-3.18516077489007585634434132611e-2	1.48907010165066486246249386731e-6
4.060e-04	-3.18549414795544748406661292063e-2	1.56138650289164708947414615391e-6
4.070e-04	-3.18582885641838884304054492466e-2	1.63671936665519766423386907283e-6
4.080e-04	-3.18616490636356480822641371926e-2	1.71517100840538761311073084597e-6
4.090e-04	-3.18650230387173464375345278231e-2	1.79684622445814863620041804509e-6
4.100e-04	-3.18684105501713368651965353866e-2	1.88185231511424456483367788767e-6
4.110e-04	-3.18718116586476675570967651027e-2	1.97029910666723733708755704788e-6
4.120e-04	-3.18752264246764841050053480201e-2	2.06229897223717454748369118684e-6
4.130e-04	-3.18786549086396873538382141183e-2	2.15796685138262731742201289000e-6
4.140e-04	-3.18820971707420398210580753815e-2	2.25742026844287842587764449440e-6
4.150e-04	-3.18855532709817865212006784469e-2	2.36077934956280510486602947827e-6
4.160e-04	-3.18890232691205525494300782226e-2	2.46816683835467774082220519990e-6
4.170e-04	-3.18925072246528498341223731317e-2	2.57970811014971362121206507668e-6
4.180e-04	-3.18960051967744044802844092585e-2	2.69553118479734324831234849830e-6
4.190e-04	-3.18995172443510952352150443759e-2	2.81576673796056517499955355357e-6
4.200e-04	-3.19030434258862113767310893468e-2	2.94054811087314353701440659344e-6
4.210e-04	-3.19065837994875988677883967232e-2	3.07001131851003906962622775820e-6
4.220e-04	-3.19101384228350532913067316343e-2	3.20429505612738967151654081493e-6
4.230e-04	-3.19137073531456043696175817909e-2	3.34354070414317679411070679985e-6
4.240e-04	-3.19172906471399651992315989240e-2	3.48789233130409143156381405380e-6
4.250e-04	-3.19208883610076954579377625564e-2	3.63749669611263844180127916796e-6
4.260e-04	-3.19245005503724342862539167914e-2	3.79250324647161021243047330126e-6
4.270e-04	-3.19281272702554145610728754860e-2	3.95306411752162301401202713173e-6
4.280e-04	-3.19317685750410810941434358164e-2	4.11933412761651842967640648238e-6
4.290e-04	-3.19354245184398973103673973123e-2	4.29147077243396102815167559972e-6
4.300e-04	-3.19390951534519073817407501728e-2	4.46963421717139698779116000636e-6
4.310e-04	-3.19427805323305231054534404686e-2	4.65398728680182006703837131648e-6
4.320e-04	-3.19464807065446381066136288980e-2	4.84469545437694498166175753282e-6
4.330e-04	-3.19501957267419119769963838703e-2	5.04192682733495555382034276925e-6
4.340e-04	-3.19539256427113205109084447029e-2	5.24585213180400978961871346424e-6
4.350e-04	-3.19576705033449181818746934614e-2	5.45664469488377205923852989654e-6
4.360e-04	-3.19614303565998361855399578822e-2	5.67448042488050714952671872307e-6
4.370e-04	-3.19652052494608459485584736307e-2	5.89953778947742626369261540519e-6
4.380e-04	-3.19689952279023548319024759346e-2	6.13199779183710783163301623304e-6
4.390e-04	-3.19728003368495181550532853289e-2	6.37204394463037143262478280282e-6
4.400e-04	-3.19766206201398564763465006535e-2	6.61986224197253050975520327920e-6
4.410e-04	-3.19804561204862963485856413856e-2	6.87564112925169878859255454380e-6
4.420e-04	-3.19843068794371934577815789386e-2	7.13957147089125522691221662449e-6
4.430e-04	-3.19881729373394836837516687155e-2	7.41184651598668290347341747956e-6
4.440e-04	-3.19920543333007888208498601783e-2	7.69266186186026632990601049996e-6
4.450e-04	-3.19959511051503751683100836734e-2	7.98221541554400447373098203664e-6
4.460e-04	-3.19998632894011326292709358504e-2	8.28070735317663390023991090038e-6
4.470e-04	-3.20037909212139638151851356885e-2	8.58834007730648594454927804571e-6
4.480e-04	-3.20077340343576645363165488743e-2	8.90531817219949873945476730757e-6
4.490e-04	-3.20116926611747090906708306093e-2	9.23184835704199267063122013420e-6
4.500e-04	-3.20156668325421907175322476053e-2	9.56813943719284295573628031987e-6
4.510e-04	-3.20196565778349954507327638225e-2	9.91440225342121765793499000380e-6
4.520e-04	-3.20236619248914211740196893741e-2	1.02708496291467829720508999104e-5
4.530e-04	-3.20276828999777359568620396413e-2	1.06376963157587510903312156230e-5
4.540e-04	-3.20317195277507631470968089864e-2	1.10151589360649911990806586708e-5
4.550e-04	-3.20357718312225998065040579332e-2	1.14034559258461757727083394073e-5
4.560e-04	-3.20398398317299878042355794172e-2	1.18028074735032300531670181414e-5
4.570e-04	-3.20439235488953138164061609987e-2	1.22134354580532533745588294212e-5
4.580e-04	-3.20480230005987615746353186356e-2	1.26355633851935300414095063174e-5
4.590e-04	-3.20521382029397163161394709513e-2	1.30694163218512391590840269223e-5
4.600e-04	-3.20562691702109151811222198788e-2	1.35152208288547519085681482978e-5
4.610e-04	-3.20604159148622563667375990030e-2	1.39732048921912605406496080244e-5
4.620e-04	-3.20645784474694306978743867252e-2	1.44435978526358316221196467461e-5
4.630e-04	-3.20687567767098800485451924956e-2	1.49266303337368300741943114911e-5
4.640e-04	-3.20729509093253172612888370103e-2	1.54225341686430290383946093370e-5
4.650e-04	-3.20771608501018762800319873319e-2	1.59315423251920185334276630526e-5
4.660e-04	-3.20813866018330775299627458348e-2	1.64538888300582975462316309637e-5
4.670e-04	-3.20856281653027978482252460148e-2	1.69898086912151649544375304247e-5
4.680e-04	-3.20898855392517314227275547618e-2	1.75395378195896154217083601268e-5
4.690e-04	-3.20941587203513138757915902848e-2	1.81033129494522489147020201387e-5
4.700e-04	-3.20984477031888469158682608327e-2	1.86813715574820578068574866830e-5
4.710e-04	-3.21027524802351117613741911493e-2	1.92739517813002613495012842513e-5
4.720e-04	-3.21070730418209147564152443266e-2	1.98812923369081610553793406944e-5
4.730e-04	-3.21114093761227921005095524641e-2	2.05036324350559107026532026152e-5
4.740e-04	-3.21157614691481760052639104053e-2	2.11412116968578821403196256486e-5
4.750e-04	-3.21201293046856694130577924321e-2	2.17942700697797857722142811870e-5
4.760e-04	-3.21245128643348026655711268993e-2	2.24630477407244405022355762636e-5
4.770e-04	-3.21289121274389268591352352550e-2	2.31477850514776082482125765440e-5
4.780e-04	-3.21333270711064510238187550071e-2	2.38487224110882538510822666536e-5
4.790e-04	-3.21377576701705206105453649011e-2	2.45661002097999499977356002402e-5
4.800e-04	-3.21422038971968318637891350261e-2	2.53001587311943701858104450237e-5
4.810e-04	-3.21466657224540859927358718699e-2	2.60511380653797221751475372488e-5
4.820e-04	-3.21511431139003241249007386411e-2	2.68192780216053888435371709723e-5
4.830e-04	-3.21556360371926343549491693414e-2	2.76048180400086609218167608012e-5
4.840e-04	-3.21601444556498957785726129121e-2	2.84079971051383385438203015027e-5
4.850e-04	-3.21646683302735597770972199021e-2	2.92290536575092424027545574913e-5
4.860e-04	-3.21692076197182538876126276459e-2	3.00682255072703957643009196256e-5
4.870e-04	-3.21737622802927153104875200461e-2	3.09257497470760255960359795402e-5
4.880e-04	-3.21783322659448663968039849042e-2	3.18018626660072693019799851267e-5
4.890e-04	-3.21829175282761479316998058380e-2	3.26967996627719562201093947071e-5
4.900e-04	-3.21875180165525526543994383095e-2	3.36107951595129071907270744261e-5
4.910e-04	-3.21921336776391732098150126389e-2	3.45440825197082240161945258908e-5
4.920e-04	-3.21967644560614934407073336181e-2	3.54968939612503085417547928379e-5
4.930e-04	-3.22014102940123203912400884627e-2	3.64694604725538740571811074273e-5
4.940e-04	-3.22060711312786116882682375366e-2	3.74620117334836129134010661335e-5
4.950e-04	-3.22107469053170774182763893359e-2	3.84747760302197306813550891729e-5
4.960e-04	-3.22154375512502775489034325951e-2	3.95079801747852392009459580606e-5
4.970e-04	-3.22201430018440133749647055650e-2	4.05618494267378901863298492145e-5
4.980e-04	-3.22248631875268347338265379264e-2	4.16366074139535956611806571513e-5
4.990e-04	-3.22295980363799287178782808794e-2	4.27324760562200523329313854686e-5
5.000e-04	-3.22343474741972454477447307569e-2	4.38496754862685036020264380153e-5
5.010e-04	-3.22391114244260323245844242986e-2	4.49884239787841862874943831473e-5
5.020e-04	-3.22438898082712988710127208127e-2	4.61489378715926024963777294464e-5
5.030e-04	-3.22486825445712567858877264328e-2	4.73314315016239413946431216394e-5
5.040e-04	-3.22534895499260535227730839373e-2	4.85361171276886307461342462715e-5
5.050e-04	-3.22583107386984281514470839492e-2	4.97632048621199384376402310084e-5
5.060e-04	-3.22631460229844667085297404579e-2	5.10129026061493024129426522181e-5
5.070e-04	-3.22679953126503239037386364958e-2	5.22854159829630659899559617497e-5
5.080e-04	-3.22728585153215718518459280498e-2	5.35809482755933041022082831534e-5
5.090e-04	-3.22777355364816115114143362175e-2	5.48997003592409152826119454329e-5
5.100e-04	-3.22826262794127727604233313016e-2	5.62418706459736288219326013723e-5
5.110e-04	-3.22875306452093747222814175128e-2	5.76076550267677143168466141337e-5
5.120e-04	-3.22924485328912864567868252541e-2	5.89972468080585032023351073160e-5
5.130e-04	-3.22973798393356445354381386366e-2	6.04108366632352928403728377770e-5
5.140e-04	-3.23023244592916373401198851032e-2	6.18486125805204436172749227841e-5
5.150e-04	-3.23072822855106241312389648628e-2	6.33107598038034136548623218999e-5
5.160e-04	-3.23122532086666778111756241850e-2	6.47974607914666130513480888173e-5
5.170e-04	-3.23172371173727831984546525781e-2	6.63088951703897031411020630016e-5
5.180e-04	-3.23222338983290751164772940827e-2	6.78452396810065077961685185725e-5
5.190e-04	-3.23272434362302342280919492220e-2	6.94066681439664178725353953008e-5
5.200e-04	-3.23322656138310186608304287575e-2	7.09933514162453469769122332758e-5
5.210e-04	-3.23373003119235355378603536936e-2	7.26054573569102439178031234485e-5
5.220e-04	-3.23423474095123540264136922814e-2	7.42431507774986409811764028984e-5
5.230e-04	-3.23474067837009792212679913529e-2	7.59065934198733573286047756057e-5
5.240e-04	-3.23524783097100378198658832974e-2	7.75959439252513474112060170196e-5
5.250e-04	-3.23575618610748250309334947790e-2	7.93113577881761314205513247426e-5
5.260e-04	-3.23626573095132858650496153747e-2	8.10529873433095508792105772652e-5
5.270e-04	-3.23677645250098548766896778611e-2	8.28209817344806764741858787285e-5
5.280e-04	-3.23728833757788363328187006256e-2	8.46154868976356986676344169344e-5
5.290e-04	-3.23780137284952873619556267407e-2	8.64366455188105131574490541336e-5
5.300e-04	-3.23831554480600095955271254922e-2	8.82845970414417742067198227037e-5
5.310e-04	-3.23883083979887374379146295733e-2	9.01594776113573455136083668227e-5
5.320e-04	-3.23934724399288885366821977059e-2	9.20614201158012626483927379581e-5
5.330e-04	-3.23986474342157692730237414500e-2	9.39905541140683046632947307906e-5
5.340e-04	-3.24038332395191369748217292344e-2	9.59470058678326554577242326201e-5
5.350e-04	-3.24090297132067235992368352817e-2	9.79308982948576057871799049245e-5
5.360e-04	-3.24142367111303064373777891095e-2	9.99423509890024421621901096566e-5
5.370e-04	-3.24194540877409332233416910085e-2	1.01981480205649181778119551442e-4
5.380e-04	-3.24246816960210616261238799912e-2	1.04048398870518457232027900635e-4
5.390e-04	-3.24299193879261500496505923415e-2	1.06143216528269083370285269803e-4
5.400e-04	-3.24351670137048779289214077772e-2	1.08266039429880599618560149180e-4
5.410e-04	-3.24404244225419455636410852534e-2	1.10416970460656639005533342891e-4
5.420e-04	-3.24456914625160769976095021469e-2	1.12596109151977222389518257366e-4
5.430e-04	-3.24509679805341896846352662195e-2	1.14803551698983370895594083667e-4
5.440e-04	-3.24562538218498729136974298989e-2	1.17039391037614520030452524783e-4
5.450e-04	-3.24615488313465001052184229988e-2	1.19303716687413825984991443029e-4
5.460e-04	-3.24668528521852958425337023711e-2	1.21596614947912313474767537684e-4
5.470e-04	-3.24721657268733813450588967838e-2	1.23918168771331620539191763121e-4
5.480e-04	-3.24774872967758553722713191778e-2	1.26268457847632040899572506582e-4
5.490e-04	-3.24828174022807756073458312552e-2	1.28647558602443020209277712451e-4
5.500e-04	-3.24881558826722203767831655336e-2	1.31055544238247300837494383822e-4
5.510e-04	-3.24935025766400024730806930300e-2	1.33492484682940286594732832143e-4
5.520e-04	-3.24988573218516756499518398356e-2	1.35958446677304752172602971759e-4
5.530e-04	-3.25042199549571915340581854816e-2	1.38453493802836922466582088900e-4
5.540e-04	-3.25095903123405802622993528764e-2	1.40977686392992432354539271523e-4
5.550e-04	-3.25149682288944342015694244483e-2	1.43531081753523230290061496555e-4
5.560e-04	-3.25203535391259610818147861513e-2	1.46113734021469481473881414977e-4
5.570e-04	-3.25257460772591548259722716554e-2	1.48725694176238321925476193041e-4
5.580e-04	-3.25311456760471086830506618398e-2	1.51367010267694082230389605787e-4
5.590e-04	-3.25365521682222723201637812147e-2	1.54037727213141114113925487711e-4
5.600e-04	-3.25419653857175005686995103308e-2	1.56737886960419802668440403461e-4
5.610e-04	-3.25473851599004228223561311138e-2	1.59467528486060982248026726670e-4
5.620e-04	-3.25528113213583132274893820722e-2	1.62226687871497299803064574998e-4
5.630e-04	-3.25582437006570655198895666509e-2	1.65015398207921313592008029969e-4
5.640e-04	-3.25636821276631607762813429789e-2	1.67833689754303068930106829613e-4
5.650e-04	-3.25691264315326312951477626817e-2	1.70681589983098558688625417143e-4
5.660e-04	-3.25745764418303147963923386996e-2	1.73559123414486514176014213450e-4
5.670e-04	-3.25800319866497309835038381346e-2	1.76466312007354246430404578587e-4
5.680e-04	-3.25854928945732686379856285587e-2	1.79403174837164145854031727418e-4
5.690e-04	-3.25909589935963265378391078114e-2	1.82369728340109790048563477807e-4
5.700e-04	-3.25964301111081647303862286166e-2	1.85365986365036710616343355704e-4
5.710e-04	-3.26019060748702070474417980587e-2	1.88391960025729701898679173611e-4
5.720e-04	-3.26073867121167531583352230838e-2	1.91447657921992280689376088961e-4
5.730e-04	-3.26128718498865873602912410291e-2	1.94533086121338366462631676398e-4
5.740e-04	-3.26183613150512396695767036823e-2	1.97648248199840750578658533618e-4
5.750e-04	-3.26238549339634978027303215817e-2	2.00793145363967885110480368239e-4
5.760e-04	-3.26293525335985909578772660315e-2	2.03967776258019955814146706479e-4
5.770e-04	-3.26348539404905866557577417138e-2	2.07172137233724341349657533940e-4
5.780e-04	-3.26403589806984332257850746772e-2	2.10406222410893882793766767593e-4
5.790e-04	-3.26458674814850322314738711117e-2	2.13670023356957796705140505468e-4
5.800e-04	-3.26513792684396027278236763042e-2	2.16963529769118649043573311122e-4
5.810e-04	-3.26568941684317505986010944772e-2	2.20286728870658965928484043569e-4
5.820e-04	-3.26624120079573627967192410006e-2	2.23639605825724893831954053259e-4
5.830e-04	-3.26679326130943176794481955135e-2	2.27022143804892352733715306420e-4
5.840e-04	-3.26734558114514766570440327277e-2	2.30434323579181953594328649566e-4
5.850e-04	-3.26789814288109577206442356134e-2	2.33876124355274407156833285082e-4
5.860e-04	-3.26845092925609654435378148005e-2	2.37347523018811722258214732221e-4
5.870e-04	-3.26900392297637263636127110951e-2	2.40848494637915549642698319612e-4
5.880e-04	-3.26955710671000586148554485348e-2	2.44379012533417598749282541252e-4
5.890e-04	-3.27011046325443377553168953602e-2	2.47939047915261849772843368294e-4
5.900e-04	-3.27066397537637386094625609675e-2	2.51528570323381921834163832416e-4
5.910e-04	-3.27121762586688740817175922307e-2	2.55147547542967932619054009190e-4
5.920e-04	-3.27177139754337155631965811464e-2	2.58795945648429958039081918651e-4
5.930e-04	-3.27232527318659570444258312010e-2	2.62473729217982470366020645856e-4
5.940e-04	-3.27287923580037418527439823357e-2	2.66180860701278089878171194938e-4
5.950e-04	-3.27343326816083103892994275607e-2	2.69917301651708452638750483317e-4
5.960e-04	-3.27398735327446018346712709664e-2	2.73683011567626149414029924043e-4
5.970e-04	-3.27454147404583433976552725496e-2	2.77477948824538264992414370276e-4
5.980e-04	-3.27509561363258051374259247024e-2	2.81302069757242362506836921870e-4
5.990e-04	-3.27564975494080332244627116009e-2	2.85155330091567582111501542626e-4
6.000e-04	-3.27620388113695740461689186513e-2	2.89037683582520898888950544941e-4
6.010e-04	-3.27675797535704262326374096217e-2	2.92949082861897441971243320652e-4
6.020e-04	-3.27731202069751721310275161358e-2	2.96889479521690068787837808523e-4
6.030e-04	-3.27786600054735576404433321900e-2	3.00858823200822723705033920521e-4
6.040e-04	-3.27841989800918071758239699118e-2	3.04857063304788051851143294887e-4
6.050e-04	-3.27897369648543418472223114748e-2	3.08884147350249985906847904231e-4
6.060e-04	-3.27952737934467039239625481710e-2	3.12940021978389043094231388966e-4
6.070e-04	-3.28008093000606975400417994902e-2	3.17024632754095678082658787867e-4
6.080e-04	-3.28063433184317131016661466236e-2	3.21137924505849402074436631206e-4
6.090e-04	-3.28118756857264377117251760977e-2	3.25279840175725357448932754281e-4
6.100e-04	-3.28174062357521574709601493719e-2	3.29450322948690223653646119348e-4
6.110e-04	-3.28229348058213112452278343779e-2	3.33649314179377901774125734957e-4
6.120e-04	-3.28284612317550376535219059505e-2	3.37876754986972968367611337924e-4
6.130e-04	-3.28339853531655781204564666055e-2	3.42132584621945688953939844244e-4
6.140e-04	-3.28395070059253943996384884069e-2	3.46416742912340879467516315254e-4
6.150e-04	-3.28450260309391950928771288293e-2	3.50729167483644148289062587475e-4
6.160e-04	-3.28505422651662084809515658735e-2	3.55069796711859962958641973887e-4
6.170e-04	-3.28560555483937896486052933243e-2	3.59438567561830007005134323876e-4
6.180e-04	-3.28615657235411869599182129208e-2	3.63835415488773369328446593318e-4
6.190e-04	-3.28670726292535578289281388564e-2	3.68260276965460600414283188072e-4
6.200e-04	-3.28725761098418046666451135098e-2	3.72713086171205452569230191164e-4
6.210e-04	-3.28780760051100244955241269584e-2	3.77193778486247538238277147555e-4
6.220e-04	-3.28835721594100463400859355796e-2	3.81702287432458592953134468808e-4
6.230e-04	-3.28890644150463113612032555034e-2	3.86238546981464304318993435328e-4
6.240e-04	-3.28945526192125090981816971027e-2	3.90802489155977477169996001412e-4
6.250e-04	-3.29000366140963449509691786595e-2	3.95394047560388359498575631889e-4
6.260e-04	-3.29055162483791890846675103110e-2	4.00013153327230783701263101226e-4
6.270e-04	-3.29109913654695569770206211985e-2	4.04659739368580877504417271315e-4
6.280e-04	-3.29164618123675396377396624829e-2	4.09333737227359768255627548858e-4
6.290e-04	-3.29219274400335797736617262012e-2	4.14035076926486691232327490814e-4
6.300e-04	-3.29273880954067496415393959571e-2	4.18763689946694336643205506939e-4
6.310e-04	-3.29328436259753732828246270304e-2	4.23519507599869119244457897103e-4
6.320e-04	-3.29382938832800976986992691477e-2	4.28302459723812240916813805560e-4
6.330e-04	-3.29437387179349513053317073951e-2	4.33112476575895078116165639897e-4
6.340e-04	-3.29491779812662532160965921985e-2	4.37949488251310347511310852780e-4
6.350e-04	-3.29546115253155881949756424627e-2	4.42813424710018678815319183693e-4
6.360e-04	-3.29600392009226013744426682912e-2	4.47704216560351338894970683452e-4
6.370e-04	-3.29654608634000233191511880663e-2	4.52621792860171269573825064020e-4
6.380e-04	-3.29708763689558820893665701073e-2	4.57566082517737017856811215254e-4
6.390e-04	-3.29762855664913336596842925991e-2	4.62537017626676458509553420924e-4
6.400e-04	-3.29816883176804971182679260947e-2	4.67534525446089769383580689914e-4
6.410e-04	-3.29870844768936494278621616051e-2	4.72558536468905126685760454978e-4
6.420e-04	-3.29924738990444804745126716613e-2	4.77608981329396208381570654267e-4
6.430e-04	-3.29978564463068652632315884743e-2	4.82685788032840602307316915133e-4
6.440e-04	-3.30032319728112008303950844444e-2	4.87788888295785158718470173780e-4
6.450e-04	-3.30086003400449254477744693360e-2	4.92918211197076085058263394615e-4
6.460e-04	-3.30139614080332690773845291312e-2	4.98073686850648892166872198171e-4
6.470e-04	-3.30193150350894005442292355993e-2	5.03255246568353407125745502088e-4
6.480e-04	-3.30246610875330795640010604688e-2	5.08462818719511544814680839172e-4
6.490e-04	-3.30299994226410588912850739560e-2	5.13696336057353756407826985885e-4
6.500e-04	-3.30353299084028131724799694644e-2	5.18955727231420422769171685337e-4
6.510e-04	-3.30406524033396983264427805593e-2	5.24240925560228666666294701870e-4
6.520e-04	-3.30459667744003394383296596079e-2	5.29551861252217135949891197016e-4
6.530e-04	-3.30512728839397954773631596565e-2	5.34888467133771218262777427723e-4
6.540e-04	-3.30565706032939770016440161608e-2	5.40250672628492934283553156663e-4
6.550e-04	-3.30618597934353669189302108601e-2	5.45638412429047401962011882015e-4
6.560e-04	-3.30671403273766603354485368203e-2	5.51051616443366308208156267567e-4
6.570e-04	-3.30724120672963812761373741342e-2	5.56490220164312265097741475555e-4
6.580e-04	-3.30776748848135554132971883234e-2	5.61954155468254188933984234965e-4
6.590e-04	-3.30829286462416515431712989690e-2	5.67443357374874937594036347268e-4
6.600e-04	-3.30881732279423245131127906364e-2	5.72957756942508403787091624058e-4
6.610e-04	-3.30934084977151047492145235678e-2	5.78497289937748013604437685101e-4
6.620e-04	-3.30986343238105421126306080411e-2	5.84061892703270403530332264302e-4
6.630e-04	-3.31038505817045812868195419306e-2	5.89651498928376762401932539456e-4
6.640e-04	-3.31090571443783651314435262011e-2	5.95266044248185988568980693048e-4
6.650e-04	-3.31142538855116980014610259358e-2	6.00905464755507691150112748504e-4
6.660e-04	-3.31194406794797722958447418747e-2	6.06569697014219532606459221209e-4
6.670e-04	-3.31246173976787525534058728325e-2	6.12258679877524598985128427736e-4
6.680e-04	-3.31297839231343590007889269644e-2	6.17972347326780604228313829113e-4
6.690e-04	-3.31349401248708128945343049778e-2	6.23710641075392716399069393557e-4
6.700e-04	-3.31400858836773280913545721765e-2	6.29473497896116572638955164949e-4
6.710e-04	-3.31452210813147576301950757636e-2	6.35260854900251097924839589996e-4
6.720e-04	-3.31503455843548170794961634184e-2	6.41072657741640139321744700320e-4
6.730e-04	-3.31554592838315454440017730031e-2	6.46908840632005920519365874462e-4
6.740e-04	-3.31605620555815144811512975387e-2	6.52769346347422844461819174551e-4
6.750e-04	-3.31656537757892209932980442712e-2	6.58654118451287711933099446243e-4
6.760e-04	-3.31707343340484430016008669204e-2	6.64563094517875399789726476939e-4
6.770e-04	-3.31758036034897134436913221531e-2	6.70496221561787543955947475908e-4
6.780e-04	-3.31808614708045507140526408102e-2	6.76453440518324585540565159738e-4
6.790e-04	-3.31859078190485418214886902499e-2	6.82434695148659582042199586636e-4
6.800e-04	-3.31909425272193350757974085979e-2	6.88439932337165787734883339902e-4
6.810e-04	-3.31959654889458738738802107669e-2	6.94469092166597225359716491805e-4
6.820e-04	-3.32009765845716121231983814872e-2	7.00522122736539535626470629536e-4
6.830e-04	-3.32059756947116745328687583499e-2	7.06598973043504906001932948831e-4
6.840e-04	-3.32109627103373892967529848289e-2	7.12699587500389250264051328885e-4
6.850e-04	-3.32159375182498663673192439407e-2	7.18823913745795957882575833132e-4
6.860e-04	-3.32209000058570671742273706307e-2	7.24971900091814268338925031171e-4
6.870e-04	-3.32258500611684689784897881347e-2	7.31143495531332315735941138123e-4
6.880e-04	-3.32307875727896612195743381458e-2	7.37338649745126684473489781611e-4
6.890e-04	-3.32357124243916991100861458859e-2	7.43557316201930823582933792882e-4
6.900e-04	-3.32406245110835096749963963643e-2	7.49799443030500875658625728750e-4
6.910e-04	-3.32455237289461874113393522596e-2	7.56064978780067922269671783466e-4
6.920e-04	-3.32504099575633908335121497615e-2	7.62353882357693505740428052216e-4
6.930e-04	-3.32552830940579106053291295323e-2	7.68666103820927999427234021424e-4
6.940e-04	-3.32601430304908161022036973940e-2	7.75001597119179609066538551177e-4
6.950e-04	-3.32649896533407497086814858179e-2	7.81360320482669034482653798370e-4
6.960e-04	-3.32698228679466346379501180486e-2	7.87742222312769360432024575368e-4
6.970e-04	-3.32746425619882070578537786425e-2	7.94147262240187000368052285087e-4
6.980e-04	-3.32794486232522029377491167927e-2	8.00575400970053321149104455976e-4
6.990e-04	-3.32842409527647567955584569554e-2	8.07026592538637719837996097724e-4
7.000e-04	-3.32890194458325054654542141932e-2	8.13500795369801838187943383877e-4
7.010e-04	-3.32937839982825878730439987671e-2	8.19997968649768081020693651572e-4
7.020e-04	-3.32985345064564961448789420281e-2	8.26518072331648026067322339638e-4
7.030e-04	-3.33032708672038861103610182403e-2	8.33061067139825892949152125203e-4
7.040e-04	-3.33079929707187025643876346838e-2	8.39626918906364055274150079115e-4
7.050e-04	-3.33127007290427486088031167367e-2	8.46215581341325663060545249756e-4
7.060e-04	-3.33173940260732773441059443422e-2	8.52827026270436676628273058014e-4
7.070e-04	-3.33220727677828536350666967165e-2	8.59461213217106438176341215757e-4
7.080e-04	-3.33267368534629921380720079757e-2	8.66118106828171003059872746685e-4
7.090e-04	-3.33313861828753970816843754301e-2	8.72797672545343459236967050411e-4
7.100e-04	-3.33360206562455241010204685779e-2	8.79499876608713576092663502652e-4
7.110e-04	-3.33406401742561111978289757153e-2	8.86224686060138892954009041157e-4
7.120e-04	-3.33452446298706909297773828600e-2	8.92972073885931089527785325686e-4
7.130e-04	-3.33498339408731154166363508442e-2	8.99741998571210261133388172445e-4
7.140e-04	-3.33544079928013655137514143705e-2	9.06534439973822160759010540407e-4
7.150e-04	-3.33589666962669077885413175377e-2	9.13349363240721390981311109799e-4
7.160e-04	-3.33635099628521985515163017499e-2	9.20186733889636416751956133105e-4
7.170e-04	-3.33680376785489122497495122341e-2	9.27046534899977246204180027677e-4
7.180e-04	-3.33725497466289068054361936516e-2	9.33928739367575679632523682346e-4
7.190e-04	-3.33770460890476222734661218460e-2	9.40833309343784361892551220597e-4
7.200e-04	-3.33815266014446236515939599969e-2	9.47760224931446078555877935460e-4
7.210e-04	-3.33859911792684655560633875484e-2	9.54709467549147204177543857829e-4
7.220e-04	-3.33904397465207580425498200312e-2	9.61681001012813487216669249179e-4
7.230e-04	-3.33948721898183322734120895317e-2	9.68674814727600554415886381884e-4
7.240e-04	-3.33992884246158051024094190083e-2	9.75690880250315890599655132976e-4
7.250e-04	-3.34036883572920357426280616685e-2	9.82729176165444372895181988892e-4
7.260e-04	-3.34080718945828687689045413523e-2	9.89789681900049983485058743021e-4
7.270e-04	-3.34124389435742774024925108801e-2	9.96872377725974920025222024817e-4
7.280e-04	-3.34167894011648386526364846998e-2	1.00397725187777606796356934320e-3
7.290e-04	-3.34211231960178999122584193592e-2	1.01110427223293438970728584002e-3
7.300e-04	-3.34254402258594018267890985679e-2	1.01825342858719026947168752647e-3
7.310e-04	-3.34297403880793677768146746861e-2	1.02542471215904609994035462924e-3
7.320e-04	-3.34340236020990431263997231076e-2	1.03261810022566058725371917851e-3
7.330e-04	-3.34382897769540080627573621963e-2	1.03983357817847430049806350403e-3
7.340e-04	-3.34425388219813706399775210274e-2	1.04707113226817692364255474713e-3
7.350e-04	-3.34467706468127605380661305643e-2	1.05433074960665159002402151657e-3
7.360e-04	-3.34509851613673049593848089334e-2	1.06161241816890143540353253679e-3
7.370e-04	-3.34551822758445867170835490889e-2	1.06891612679496138957344393428e-3
7.380e-04	-3.34593618884575795068073149477e-2	1.07624187382528380346006918679e-3
7.390e-04	-3.34635239342811269183320133593e-2	1.08358963273365216326736001496e-3
7.400e-04	-3.34676682996045690542962425147e-2	1.09095941240378194294715120098e-3
7.410e-04	-3.34717949079319631663619115690e-2	1.09835119652890316234617257458e-3
7.420e-04	-3.34759036707522600911582727727e-2	1.10576497831032180112488657479e-3
7.430e-04	-3.34799944997921589968207243666e-2	1.11320075182582015838243431643e-3
7.440e-04	-3.34840673070089387785061025756e-2	1.12065851203154821649066686644e-3
7.450e-04	-3.34881220045832709409541106353e-2	1.12813825476392313884405370320e-3
7.460e-04	-3.34921585049120137450802129457e-2	1.13563997674153961698502070969e-3
7.470e-04	-3.34961767065973827473164404221e-2	1.14316368578076583839367206521e-3
7.480e-04	-3.35001765502489543404825167417e-2	1.15070936013196557800568943582e-3
7.490e-04	-3.35041579206511832868316049621e-2	1.15827701979409214601044388004e-3
7.500e-04	-3.35081207449896580728835699177e-2	1.16586665482868432925861657758e-3
7.510e-04	-3.35120649366261412819504666002e-2	1.17347826640306779775174566060e-3
7.520e-04	-3.35159904090948485746303260668e-2	1.18111185657871557360933281461e-3
7.530e-04	-3.35198970760951019170927677940e-2	1.18876742831330973815879814880e-3
7.540e-04	-3.35237848514839612204541795160e-2	1.19644498546283481468545387119e-3
7.550e-04	-3.35276536492688339073482156661e-2	1.20414453278370532950000004822e-3
7.560e-04	-3.35315033836000618933721330935e-2	1.21186607593493003613922695961e-3
7.570e-04	-3.35353339525942936828586451675e-2	1.21960963371692890032719096871e-3
7.580e-04	-3.35391453027734125089046529051e-2	1.22737518934613909970917000954e-3
7.590e-04	-3.35429373160973792476998737519e-2	1.23516277590144761346881083512e-3
7.600e-04	-3.35467099233749510377366589274e-2	1.24297239044764133511575788166e-3
7.610e-04	-3.35504630393511060829972939347e-2	1.25080404320031644961047951777e-3
7.620e-04	-3.35541965788686733099048844661e-2	1.25865774529170218531351096160e-3
7.630e-04	-3.35579104568607432764834575820e-2	1.26653350877315188440476943932e-3
7.640e-04	-3.35616045883430513534979409990e-2	1.27443134661769014853694605990e-3
7.650e-04	-3.35652788884063324088202968400e-2	1.28235127272261843908557220457e-3
7.660e-04	-3.35689332538652044849241335215e-2	1.29029331623816293526606015121e-3
7.670e-04	-3.35725676363688761936707970895e-2	1.29825746451519280618026784545e-3
7.680e-04	-3.35761819142384077546814635522e-2	1.30624376314840387100956797427e-3
7.690e-04	-3.35797760402415015525631123994e-2	1.31425220035999866230721493590e-3
7.700e-04	-3.35833498917455142151275602343e-2	1.32228282462905422631280424010e-3
7.710e-04	-3.35869034029776506334137961588e-2	1.33033564063997414550967711682e-3
7.720e-04	-3.35904364893280504046127648290e-2	1.33841066884942808318874265768e-3
7.730e-04	-3.35939490661994498624408979446e-2	1.34650793066176204642181590258e-3
7.740e-04	-3.35974410489992393902492746948e-2	1.35462744843223887542554580139e-3
7.750e-04	-3.36009123323799781577752173189e-2	1.36276926216972140425116387069e-3
7.760e-04	-3.36043628729547026564716704607e-2	1.37093336302502682863056434468e-3
7.770e-04	-3.36077925656247929426301703269e-2	1.37911979264729863957724390498e-3
7.780e-04	-3.36112013041264065231757935697e-2	1.38732859478834651362361964954e-3
7.790e-04	-3.36145890247943328147269343605e-2	1.39555977963977368464379711274e-3
7.800e-04	-3.36179556650836767540916618630e-2	1.40381335719505888924276863395e-3
7.810e-04	-3.36213010961012422135107339538e-2	1.41208939257773741192965124480e-3
7.820e-04	-3.36246252548934646305955073138e-2	1.42038789803639986149790632617e-3
7.830e-04	-3.36279280565355517004060134455e-2	1.42870890465736298594772245720e-3
7.840e-04	-3.36312094160255377823061851734e-2	1.43705244451537314109453202817e-3
7.850e-04	-3.36344692245476768811065632476e-2	1.44541857038599945016058873621e-3
7.860e-04	-3.36377074440606177179719250062e-2	1.45380727724150645924342237162e-3
7.870e-04	-3.36409239658645459312501206879e-2	1.46221861953659655102678031729e-3
7.880e-04	-3.36441186798764458277298472290e-2	1.47065265403738348167245533277e-3
7.890e-04	-3.36472915496295349705415846336e-2	1.47910937677705392068225932921e-3
7.900e-04	-3.36504424397704643878640499002e-2	1.48758886758903598478835094702e-3
7.910e-04	-3.36535712891948219582630202297e-2	1.49609114491333250667454399163e-3
7.920e-04	-3.36566780119644014579804562164e-2	1.50461624890972188549043336793e-3
7.930e-04	-3.36597625219858537901050888035e-2	1.51316422076930100071378138090e-3
7.940e-04	-3.36628247330017371915875942205e-2	1.52173510271984688378943251981e-3
7.950e-04	-3.36658645585815010953802773666e-2	1.53032893803131184226242671165e-3
7.960e-04	-3.36688819121124018234729549220e-2	1.53894577102145489082552171386e-3
7.970e-04	-3.36718766790253500084980962661e-2	1.54758567096349619148661124098e-3
7.980e-04	-3.36748488274848928017326806317e-2	1.55624863686506172488069560299e-3
7.990e-04	-3.36777982428683705694951114147e-2	1.56493473974886586040189999614e-3
8.000e-04	-3.36807248088819548314962146397e-2	1.57364405324258107306704989934e-3
8.010e-04	-3.36836284659769421295221552311e-2	1.58237660272545063699240024236e-3
8.020e-04	-3.36865091558515705100923603024e-2	1.59113241308609858608637081072e-3
8.030e-04	-3.36893667315043677690255631661e-2	1.59991158747135193455283679078e-3
8.040e-04	-3.36922011337502875939441429269e-2	1.60871415336150444210584279627e-3
8.050e-04	-3.36950122739032360780576113264e-2	1.61754016479830848377795672419e-3
8.060e-04	-3.36978000629997294785784446258e-2	1.62638967693604411085250666636e-3
8.070e-04	-3.37005643802276635564092346596e-2	1.63526277399643121949579524845e-3
8.080e-04	-3.37033051987585246211443730568e-2	1.64415945792029745059817437799e-3
8.090e-04	-3.37060223975736167479240852997e-2	1.65307981476299768486684572122e-3
8.100e-04	-3.37087158537155355372477229408e-2	1.66202393347302762894078196281e-3
8.110e-04	-3.37113855418336990806475066395e-2	1.67099181679477365222550002196e-3
8.120e-04	-3.37140313050941964522349265355e-2	1.67998358572018110381154235841e-3
8.130e-04	-3.37166530850771961694514691833e-2	1.68899927415562859567644793428e-3
8.140e-04	-3.37192508246968866956250865737e-2	1.69803891533912227482758850505e-3
8.150e-04	-3.37218243634984660544290450678e-2	1.70710263655916102249984444416e-3
8.160e-04	-3.37243736432127924720854654685e-2	1.71619047390399723508986123652e-3
8.170e-04	-3.37268985711307265239663707848e-2	1.72530249530902995775355102182e-3
8.180e-04	-3.37293990178917129498955489990e-2	1.73443880298014438287179146506e-3
8.190e-04	-3.37318749620077433398053554475e-2	1.74359940167581615139812827282e-3
8.200e-04	-3.37343262737258029217732595236e-2	1.75278439556238106526404793146e-3
8.210e-04	-3.37367528586525107215085151517e-2	1.76199385748702855296676220549e-3
8.220e-04	-3.37391545838487209772424573114e-2	1.77122789665429039676005016388e-3
8.230e-04	-3.37415314297268524776930235542e-2	1.78048651874831330489416090617e-3
8.240e-04	-3.37438832238307253976659396145e-2	1.78976987115894093023556108662e-3
8.250e-04	-3.37462099079762842615727688379e-2	1.79907799672753616784851242487e-3
8.260e-04	-3.37485113853853881634542781284e-2	1.80841097469699593124396199118e-3
8.270e-04	-3.37507875992937394890573007026e-2	1.81776884780199197608461298215e-3
8.280e-04	-3.37530383713423533479288851504e-2	1.82715177298601283378787352408e-3
8.290e-04	-3.37552636432114585000124581615e-2	1.83655979619441782303385409213e-3
8.300e-04	-3.37574632739581688789776438713e-2	1.84599304150938077654282399379e-3
8.310e-04	-3.37596372476985435217926407787e-2	1.85545151636440944490174484195e-3
8.320e-04	-3.37617854228655445277684811336e-2	1.86493534699249596772921705832e-3
8.330e-04	-3.37639076988372734310746817392e-2	1.87444462205857307785558865231e-3
8.340e-04	-3.37660039302347885733803620256e-2	1.88397947354655176354822407826e-3
8.350e-04	-3.37680741029871867578480783532e-2	1.89353990970527348209671508776e-3
8.360e-04	-3.37701180257605952263091878609e-2	1.90312610791090610528353416758e-3
8.370e-04	-3.37721356395787229110131746946e-2	1.91273812060719903483044018001e-3
8.380e-04	-3.37741268870113048014316624662e-2	1.92237599917604272092075993078e-3
8.390e-04	-3.37760915714427395447548941230e-2	1.93203992913571726836035060017e-3
8.400e-04	-3.37780296335212858977484982098e-2	1.94172996546669846512950145003e-3
8.410e-04	-3.37799409673931632780466976958e-2	1.95144620844828676869852714176e-3
8.420e-04	-3.37818254664864354749451263729e-2	1.96118875987799405537158005108e-3
8.430e-04	-3.37836830234955532470607949902e-2	1.97095772308808102105163987907e-3
8.440e-04	-3.37855134805124691893097944586e-2	1.98075325142713319285473382264e-3
8.450e-04	-3.37873168278187566910782675568e-2	1.99057535511994647824103267050e-3
8.460e-04	-3.37890929065578134080329673080e-2	2.00042418997830246629004087197e-3
8.470e-04	-3.37908415546412862443349109216e-2	2.01029991624348834101095227891e-3
8.480e-04	-3.37925627636081796448187801048e-2	2.02020254471723501683786612411e-3
8.490e-04	-3.37942563173949766600057125893e-2	2.03013229025168856482385034921e-3
8.500e-04	-3.37959221547754709845800888336e-2	2.04008921684876200746723383524e-3
8.510e-04	-3.37975602162026933147871103299e-2	2.05007338721684269899879937360e-3
8.520e-04	-3.37991702791955449811332221920e-2	2.06008502571424116622541315420e-3
8.530e-04	-3.38007522817728431714902255938e-2	2.07012419923166161599921721871e-3
8.540e-04	-3.38023061074450992092088649719e-2	2.08019102921695339711222693846e-3
8.550e-04	-3.38038316387831664151581886906e-2	2.09028563888297657330062566543e-3
8.560e-04	-3.38053287573991941787537550262e-2	2.10040815322965893043384205003e-3
8.570e-04	-3.38067973439272532454171212138e-2	2.11055869906654968373087330908e-3
8.580e-04	-3.38082372190326207904554662811e-2	2.12073746419491877528652870380e-3
8.590e-04	-3.38096483785688126396148626000e-2	2.13094446163462570134725739317e-3
8.600e-04	-3.38110306418440566620567070598e-2	2.14117988209488689725889092974e-3
8.610e-04	-3.38123838242619886119277206591e-2	2.15144392157142783763072039871e-3
8.620e-04	-3.38137079227674141693332291054e-2	2.16173659372735709198847510646e-3
8.630e-04	-3.38150026887155210237739147630e-2	2.17205816105283344710598388713e-3
8.640e-04	-3.38162680564142836698592105450e-2	2.18240870202307545941910444366e-3
8.650e-04	-3.38175039620039715710824449676e-2	2.19278829356118942216220702563e-3
8.660e-04	-3.38187101489335091556193175276e-2	2.20319720952954695704893297923e-3
8.670e-04	-3.38198865502240116444081960876e-2	2.21363553186283480118934085672e-3
8.680e-04	-3.38210330343421365319058689948e-2	2.22410340895620380208904334154e-3
8.690e-04	-3.38221494685144318767718178641e-2	2.23460099132918611087362933480e-3
8.700e-04	-3.38232357187027844601052703361e-2	2.24512843165594664176160459527e-3
8.710e-04	-3.38242915807546135184117557707e-2	2.25568595576960719535772592365e-3
8.720e-04	-3.38253170548568699546711879438e-2	2.26627357979364349976575274071e-3
8.730e-04	-3.38263119350108127212546003627e-2	2.27689153304770723273734537852e-3
8.740e-04	-3.38272760105504060342828230172e-2	2.28754005113552290669983978025e-3
8.750e-04	-3.38282092825085323523741053194e-2	2.29821915102770306970521815047e-3
8.760e-04	-3.38291114652183214832398306505e-2	2.30892914805173214296031013176e-3
8.770e-04	-3.38299825602355588779542709179e-2	2.31967005978336896816367983912e-3
8.780e-04	-3.38308222755274007358772588261e-2	2.33044221054918581928524744221e-3
8.790e-04	-3.38316305374768075620832593541e-2	2.34124569786623231785617622453e-3
8.800e-04	-3.38324072744646453924847587409e-2	2.35208061742361995928470580442e-3
8.810e-04	-3.38331521845356160946744198326e-2	2.36294730753712501686140470094e-3
8.820e-04	-3.38338651919994851281374236210e-2	2.37384587011685167899728784854e-3
8.830e-04	-3.38345461438741322340524458642e-2	2.38477648899103158655408246323e-3
8.840e-04	-3.38351948855117192583400007908e-2	2.39573935064964980231308748819e-3
8.850e-04	-3.38358111793468540216181340933e-2	2.40673473042744193534007805589e-3
8.860e-04	-3.38363950287718997296663549819e-2	2.41776264918098265809853783100e-3
8.870e-04	-3.38369461936739169509908975750e-2	2.42882338661026948503114495834e-3
8.880e-04	-3.38374645124014550785478830745e-2	2.43991714029304194188247097687e-3
8.890e-04	-3.38379497363148171000457052562e-2	2.45104420170473464487408735511e-3
8.900e-04	-3.38384018693318148810493895786e-2	2.46220459348327429734460121983e-3
8.910e-04	-3.38388205728347986498724545553e-2	2.47339870532949380831095302311e-3
8.920e-04	-3.38392057626986829683074819584e-2	2.48462665570747179373074660729e-3
8.930e-04	-3.38395573569283472903293123095e-2	2.49588856103245820777203169670e-3
8.940e-04	-3.38398750047380039872067565604e-2	2.50718482798180464881016962626e-3
8.950e-04	-3.38401586189708290145221132937e-2	2.51851558062345703110141474846e-3
8.960e-04	-3.38404080221280227125424703563e-2	2.52988104111817123959310487819e-3
8.970e-04	-3.38406230345478034027944513597e-2	2.54128143493925014099849627526e-3
8.980e-04	-3.38408034743607301271854553220e-2	2.55271699093178460725315561587e-3
8.990e-04	-3.38409491574439555676338996304e-2	2.56418794137341746492414332959e-3
9.000e-04	-3.38410598973743757562343195754e-2	2.57569452203667686159558365437e-3
9.010e-04	-3.38411355053806419649247648085e-2	2.58723697225292725163692224234e-3
9.020e-04	-3.38411757902939988904038802143e-2	2.59881553497798798828544134077e-3
9.030e-04	-3.38411804580044239741746611830e-2	2.61043056712232913006925241341e-3
9.040e-04	-3.38411495121845792611451887824e-2	2.62208210008683130510851905171e-3
9.050e-04	-3.38410825519480241848292102099e-2	2.63377061020064637709302326373e-3
9.060e-04	-3.38409795806083786718743757115e-2	2.64549613052203055963574902600e-3
9.070e-04	-3.38408401871497925158579194170e-2	2.65725915142869805140979074248e-3
9.080e-04	-3.38406643744232756561697983475e-2	2.66905970776881824114344632070e-3
9.090e-04	-3.38404517209345102001180715746e-2	2.68089830444526442708160702869e-3
9.100e-04	-3.38402021197467569148339965001e-2	2.69277509958981147234764998636e-3
9.110e-04	-3.38399153556397737577247616536e-2	2.70469037210292194407713871753e-3
9.120e-04	-3.38395912104297768275101942426e-2	2.71664440527135714717681843557e-3
9.130e-04	-3.38392294629045464984276275095e-2	2.72863748685607436015413221264e-3
9.140e-04	-3.38388298887568060571572093177e-2	2.74066990918256421309507318637e-3
9.150e-04	-3.38383922605158142460679779033e-2	2.75274196923371003280887733349e-3
9.160e-04	-3.38379163474771107672405442367e-2	2.76485396874525427347901606614e-3
9.170e-04	-3.38374019156303513427618651731e-2	2.77700621430396059848953506430e-3
9.180e-04	-3.38368487275851663521509014124e-2	2.78919901744856378865585576068e-3
9.190e-04	-3.38362564208695236616121214526e-2	2.80143283205909189612057056831e-3
9.200e-04	-3.38356249928846780899989128642e-2	2.81370770721838022599242213853e-3
9.210e-04	-3.38349540754585505062161537234e-2	2.82602410537184144263411489337e-3
9.220e-04	-3.38342432908040816250960778465e-2	2.83838250199661850927413912427e-3
9.230e-04	-3.38334926341031133789536750480e-2	2.85078295086658646873765016953e-3
9.240e-04	-3.38327015922511588788755372095e-2	2.86322608368451542803665200039e-3
9.250e-04	-3.38318700279716793849502013039e-2	2.87571210676064501021225951150e-3
9.260e-04	-3.38309978061757612279217047606e-2	2.88824122417740990974750519004e-3
9.270e-04	-3.38300843922330010228202903415e-2	2.90081409741278237382997313001e-3
9.280e-04	-3.38291296410640045824279104569e-2	2.91343094476458545644058031886e-3
9.290e-04	-3.38281332724974388472590914832e-2	2.92609213990293842312314428672e-3
9.300e-04	-3.38270950019083805217953112454e-2	2.93879806292037194878097888734e-3
9.310e-04	-3.38260145401110031238902161473e-2	2.95154910047947588948505059600e-3
9.320e-04	-3.38248915932480094960011652488e-2	2.96434564596512230382348904541e-3
9.330e-04	-3.38237258626766859144822569659e-2	2.97718809964143706644773916570e-3
9.340e-04	-3.38225170448514483290943678395e-2	2.99007686881370127567264980796e-3
9.350e-04	-3.38212646835329731903196810973e-2	3.00301253920830044345615276754e-3
9.360e-04	-3.38199687585197582177978053357e-2	3.01599519268914003482406626440e-3
9.370e-04	-3.38186288049432417062231653484e-2	3.02902542756164257230408496737e-3
9.380e-04	-3.38172443451768382891081988735e-2	3.04210385953567762664965806229e-3
9.390e-04	-3.38158153538044121617608208924e-2	3.05523057921386783469750293581e-3
9.400e-04	-3.38143411867836191819696106865e-2	3.06840639946793820849316762662e-3
9.410e-04	-3.38128216557720859339868315279e-2	3.08163160348315508661394879596e-3
9.420e-04	-3.38112565742193642748368934413e-2	3.09490647271288091492589718388e-3
9.430e-04	-3.38096452684470730347428891383e-2	3.10823186106392375649220745582e-3
9.440e-04	-3.38079875374671275265443099122e-2	3.12160807035613342123248079402e-3
9.450e-04	-3.38062830148070705797674688155e-2	3.13503559778084617494599366926e-3
9.460e-04	-3.38045314965868484836226623928e-2	3.14851475027065976356156191120e-3
9.470e-04	-3.38027322665291776699411245772e-2	3.16204644074480829075332034710e-3
9.480e-04	-3.38008851048196706084570314614e-2	3.17563099858154504036942376927e-3
9.490e-04	-3.37989896173149756703457894438e-2	3.18926896029096574312059621386e-3
9.500e-04	-3.37970454024770595263027535860e-2	3.20296087287499505619573029309e-3
9.510e-04	-3.37950518709291774959836378022e-2	3.21670750847342993270420792114e-3
9.520e-04	-3.37930089639035104390496824576e-2	3.23050901028053562731334366807e-3
9.530e-04	-3.37909160784491617665124451222e-2	3.24436616985642922488934652098e-3
9.540e-04	-3.37887727813326971200176599095e-2	3.25827957911192936754176055120e-3
9.550e-04	-3.37865784411696111741720749057e-2	3.27225006893531845929643969859e-3
9.560e-04	-3.37843329843749450463899824769e-2	3.28627780496455831628813051316e-3
9.570e-04	-3.37820355696544706222717470029e-2	3.30036387350525378840822453852e-3
9.580e-04	-3.37796861149738506933750903087e-2	3.31450845285355633770611948943e-3
9.590e-04	-3.37772837503185163719916986147e-2	3.32871266918741100369796388566e-3
9.600e-04	-3.37748283844229850942962721694e-2	3.34297671454058990155362308352e-3
9.610e-04	-3.37723191171073703194914906377e-2	3.35730175698566587993913956722e-3
9.620e-04	-3.37697556393973914262847616838e-2	3.37168825458427338495654924788e-3
9.630e-04	-3.37671374319137987967358908478e-2	3.38613692093807774425138275839e-3
9.640e-04	-3.37644639642247522176079697960e-2	3.40064848523318065882295655994e-3
9.650e-04	-3.37617349104696418758368614657e-2	3.41522343034360264348975866737e-3
9.660e-04	-3.37589492880107727343785621893e-2	3.42986303893875155421553693767e-3
9.670e-04	-3.37561067442907615452689247335e-2	3.44456783134333596753622519155e-3
9.680e-04	-3.37532067011048065890162396167e-2	3.45933860405091410267001258850e-3
9.690e-04	-3.37502483395945968646918301647e-2	3.47417645005565415138599710616e-3
9.700e-04	-3.37472315077407822694766967015e-2	3.48908165029541136840454422370e-3
9.710e-04	-3.37441553626131059208286405020e-2	3.50405533179694994922208573930e-3
9.720e-04	-3.37410192717909938139999827620e-2	3.51909836735457226573246166727e-3
9.730e-04	-3.37378223478117399633569424237e-2	3.53421194588285482951387222234e-3
9.740e-04	-3.37345644057943842801756076117e-2	3.54939639575429167832191926616e-3
9.750e-04	-3.37312445306192106236978523617e-2	3.56465294491781893410674251440e-3
9.760e-04	-3.37278617776505802864729853234e-2	3.57998286223565555561081226373e-3
9.770e-04	-3.37244159331739040687876108963e-2	3.59538651747455146764402093412e-3
9.780e-04	-3.37209057643639068652672965443e-2	3.61086554161485496473245041313e-3
9.790e-04	-3.37173310359834026319613733197e-2	3.62642033521889731198549295344e-3
9.800e-04	-3.37136904644121513102283813191e-2	3.64205260007591840516604118675e-3
9.810e-04	-3.37099835224302626139465482118e-2	3.65776310417072920507615088088e-3
9.820e-04	-3.37062094053838449422892842275e-2	3.67355296233166734615914032627e-3
9.830e-04	-3.37023675639146710271645687971e-2	3.68942297428244867842834028834e-3
9.840e-04	-3.36984566028522703371619554865e-2	3.70537499740421086460816834709e-3
9.850e-04	-3.36944759250536027851340725526e-2	3.72140989837577414914406631667e-3
9.860e-04	-3.36904246379667316841877133316e-2	3.73752891541868876101663895943e-3
9.870e-04	-3.36863018249312698680244590031e-2	3.75373332058933180589506055334e-3
9.880e-04	-3.36821065442388080899601417754e-2	3.77002442109416983109819556372e-3
9.890e-04	-3.36778378281455331869916926156e-2	3.78640356067210600359639826215e-3
9.900e-04	-3.36734946818340153505098197231e-2	3.80287212104815258885405796363e-3
9.910e-04	-3.36690757724160394179414386925e-2	3.81943191429168678965071580974e-3
9.920e-04	-3.36645806627837415377866820492e-2	3.83608362748704196844630197885e-3
9.930e-04	-3.36600079647293210897163561375e-2	3.85282915041317183070024089164e-3
9.940e-04	-3.36553562395594367168608102061e-2	3.86967044325497658972916797839e-3
9.950e-04	-3.36506249826988975760626643047e-2	3.88660828834855322905060237570e-3
9.960e-04	-3.36458126925420193641604021953e-2	3.90364473421677841609967543212e-3
9.970e-04	-3.36409178115291824839290254704e-2	3.92078190748229292518860828642e-3
9.980e-04	-3.36359397565964088500715399034e-2	3.93802070112587608257946311523e-3
9.990e-04	-3.36308765485806423411981358575e-2	3.95536378858862482007708159139e-3
1.000e-03	-3.36257275449408403981940306170e-2	3.97281214660801162543125348273e-3
1.001e-03	-3.36204906609544887833483366706e-2	3.99036859632271297090950666487e-3
1.002e-03	-3.36151648214655033135457033829e-2	4.00803467672350571527180934928e-3
1.003e-03	-3.36097485544718536353966545507e-2	4.02581243880426070677643318059e-3
1.004e-03	-3.36042407170347033251424537867e-2	4.04370351697753765033167525100e-3
1.005e-03	-3.35986389853595721726354750481e-2	4.06171106703922716035630913852e-3
1.006e-03	-3.35929421044909932179384633534e-2	4.07983688041319350436690231009e-3
1.007e-03	-3.35871483900834991971066549975e-2	4.09808330585913356547907524954e-3
1.008e-03	-3.35812560979437200162582728876e-2	4.11645277606114066380195409438e-3
1.009e-03	-3.35752634209665327465012483690e-2	4.13494781192501015569035924943e-3
1.010e-03	-3.35691684858655109588868346239e-2	4.15357102716440249566256420199e-3
1.011e-03	-3.35629693496804854518001582134e-2	4.17232513320001326934243620396e-3
1.012e-03	-3.35566639960433021445955113215e-2	4.19121294439832616913406944003e-3
1.013e-03	-3.35502503311809332321334063635e-2	4.21023738367923733404197595537e-3
1.014e-03	-3.35437257324405702742098746221e-2	4.22940207030546395726091114931e-3
1.015e-03	-3.35370888245717654021678729611e-2	4.24870901025575685362258431852e-3
1.016e-03	-3.35303368151046631179649471924e-2	4.26816206098929932879136412588e-3
1.017e-03	-3.35234667830102617837822810229e-2	4.28776526020209485126489779941e-3
1.018e-03	-3.35164771111051538171351080803e-2	4.30752095332133771447908477458e-3
1.019e-03	-3.35093646760803546033514655897e-2	4.32743346178403744600435361800e-3
1.020e-03	-3.35021262047994383643576111983e-2	4.34750731718108860728900196138e-3
1.021e-03	-3.34947597866596820003854611882e-2	4.36774527655638274974762849009e-3
1.022e-03	-3.34872613884371385075867031445e-2	4.38815289218208383687750095530e-3
1.023e-03	-3.34796283416453189168200491769e-2	4.40873393869584394771339665677e-3
1.024e-03	-3.34718578694061332199631509053e-2	4.42949234273479580064363895047e-3
1.025e-03	-3.34639454363963408013895488353e-2	4.45043436113301090574972828694e-3
1.026e-03	-3.34558879297574119934726090600e-2	4.47156439197476703409383127974e-3
1.027e-03	-3.34476820995401666164923280885e-2	4.49288702556045645671625382674e-3
1.028e-03	-3.34393228048028354036771739326e-2	4.51440936877730457475236712051e-3
1.029e-03	-3.34308063844174978232175106788e-2	4.53613658900133545306524121685e-3
1.030e-03	-3.34221283961800970032912230053e-2	4.55807490401957314627353706078e-3
1.031e-03	-3.34132841584934452801664330101e-2	4.58023086762094592190890382622e-3
1.032e-03	-3.34042687317080586060478232501e-2	4.60261139580795471647345718035e-3
1.033e-03	-3.33950768975424020555573325158e-2	4.62522379570809417090898678948e-3
1.034e-03	-3.33857031363347408213356081194e-2	4.64807579753350275306641678038e-3
1.035e-03	-3.33761416018400495690899595717e-2	4.67117558999181398657978899417e-3
1.036e-03	-3.33663860932395250718251344847e-2	4.69453185961575901547366924805e-3
1.037e-03	-3.33564300239756314233210212242e-2	4.71815383455590040861984807982e-3
1.038e-03	-3.33462663869603623709425421545e-2	4.74205133347266212950808296755e-3
1.039e-03	-3.33358877156261232249810649482e-2	4.76623482027394982817845744027e-3
1.040e-03	-3.33252852801854032890863534641e-2	4.79071648800647043059095510030e-3
1.041e-03	-3.33144520592534423356342640319e-2	4.81550626546611759912155583429e-3
1.042e-03	-3.33033781807363114592139406032e-2	4.84061794995842134629795649947e-3
1.043e-03	-3.32920538429886390002190184579e-2	4.86606528516096830718390220520e-3
1.044e-03	-3.32804676590629424101016416825e-2	4.89186419739398837506862611828e-3
1.045e-03	-3.32686099206140704994535534154e-2	4.91802838842006841480418840183e-3
1.046e-03	-3.32564666286170342835889223026e-2	4.94457741020024459039100411478e-3
1.047e-03	-3.32440262203990567590036390006e-2	4.97152756899435219110782711599e-3
1.048e-03	-3.32312724182153374990875714856e-2	4.99890161985087534666850955730e-3
1.049e-03	-3.32181913097286404477880875739e-2	5.02671916988419606562485282555e-3
1.050e-03	-3.32047637392533542414348668508e-2	5.05500702002690479448364154253e-3
1.051e-03	-3.31909727685830836308572937134e-2	5.08378902902482653026931490998e-3
1.052e-03	-3.31767955410564776434862359965e-2	5.11309720138299013284592651533e-3
1.053e-03	-3.31622111481173604910220252051e-2	5.14296097566969331512705668048e-3
1.054e-03	-3.31471918730874097362060633838e-2	5.17341919042793782650242039510e-3
1.055e-03	-3.31317114822754182386386281049e-2	5.20450876952351329447446767074e-3
1.056e-03	-3.31157357184221645657127666452e-2	5.23627774987153027703028955116e-3
1.057e-03	-3.30992297370329170081246291872e-2	5.26877512107191448337888408551e-3
1.058e-03	-3.30821540590333690513667777946e-2	5.30205638852355109808927897504e-3
1.059e-03	-3.30644594756886319560567460944e-2	5.33619061972836669474651824449e-3
1.060e-03	-3.30460936565589833854964228850e-2	5.37125139667996892983493269226e-3
1.061e-03	-3.30269959227959627491930192855e-2	5.40732404258057531996335006980e-3
1.062e-03	-3.30070904324239908494263017530e-2	5.44451509459569011028355464661e-3
1.063e-03	-3.29862923426983292189815385786e-2	5.48294387274451828685345490439e-3
1.064e-03	-3.29644999517169239582165428117e-2	5.52275341572065173852347810449e-3
1.065e-03	-3.29415838774876426338538941550e-2	5.56412560102074362793871845751e-3
1.066e-03	-3.29173899715798390828237457907e-2	5.60727727381463762073687278643e-3
1.067e-03	-3.28917235904870059642866421080e-2	5.65248226878464219156520300945e-3
1.068e-03	-3.28643257996014718044662714558e-2	5.70010480864391900281926995131e-3
1.069e-03	-3.28348612818383159652279172384e-2	5.75061677544157234494304691935e-3
1.070e-03	-3.28028566235922065139123868369e-2	5.80468435809906830967443535693e-3
1.071e-03	-3.27676211718262562358913537105e-2	5.86327960569727682099252012133e-3
1.072e-03	-3.27280854414267945908520516804e-2	5.92790806557327379225503992626e-3
1.073e-03	-3.26823863520445076542313543293e-2	6.00119272733846648208100237118e-3
1.074e-03	-3.26266921705993916007955027602e-2	6.08852899561017729936970375516e-3
1.075e-03	-3.25498439026826644497441852333e-2	6.20563229845168914125430014295e-3
