0.000e+00	-3.12500000000000000000000000000e-2	0
1.000e-06	-3.12560040326929959736747077385e-2	0
2.000e-06	-3.12620161335583491662832885848e-2	0
3.000e-06	-3.12680363068080118330410591306e-2	0
4.000e-06	-3.12740645566972251849568253822e-2	0
5.000e-06	-3.12801008875246248048663803900e-2	0
6.000e-06	-3.12861453036323478334430407110e-2	0
7.000e-06	-3.12921978094061419352115583716e-2	0
8.000e-06	-3.12982584092754760548326896660e-2	0
9.000e-06	-3.13043271077136529741483600616e-2	0
1.000e-05	-3.13104039092379236807023285875e-2	0
1.100e-05	-3.13164888184096035586785861200e-2	0
1.200e-05	-3.13225818398341904134294818976e-2	0
1.300e-05	-3.13286829781614843409978244588e-2	0
1.400e-05	-3.13347922380857094542720109580e-2	0
1.500e-05	-3.13409096243456374776506676868e-2	0
1.600e-05	-3.13470351417247132223334007814e-2	0
1.700e-05	-3.13531687950511819545971268966e-2	0
1.800e-05	-3.13593105891982186696631477742e-2	0
1.900e-05	-3.13654605290840592840087196863e-2	0
2.000e-05	-3.13716186196721337592284200078e-2	0
2.100e-05	-3.13777848659712011708052018688e-2	0
2.200e-05	-3.13839592730354867354087511632e-2	0
2.300e-05	-3.13901418459648208105994311962e-2	0
2.400e-05	-3.13963325899047798810808615622e-2	0
2.500e-05	-3.14025315100468295459106997712e-2	0
2.600e-05	-3.14087386116284695213499973169e-2	0
2.700e-05	-3.14149538999333806743136848694e-2	0
2.800e-05	-3.14211773802915741016332500072e-2	0
2.900e-05	-3.14274090580795422706835707735e-2	0
3.000e-05	-3.14336489387204122371399541406e-2	0
3.100e-05	-3.14398970276841009559681970389e-2	0
3.200e-05	-3.14461533304874727020442837175e-2	0
3.300e-05	-3.14524178526944986170466144150e-2	0
3.400e-05	-3.14586905999164183996499313277e-2	0
3.500e-05	-3.14649715778119041562762609582e-2	0
3.600e-05	-3.14712607920872264300042155151e-2	0
3.700e-05	-3.14775582484964224255024345804e-2	0
3.800e-05	-3.14838639528414664483772144977e-2	0
3.900e-05	-3.14901779109724425773440736984e-2	0
4.000e-05	-3.14965001287877195879766359395e-2	0
4.100e-05	-3.15028306122341281476012022600e-2	0
4.200e-05	-3.15091693673071403006315234022e-2	0
4.300e-05	-3.15155164000510512642516835744e-2	0
4.400e-05	-3.15218717165591635547998014803e-2	0
4.500e-05	-3.15282353229739734653330649773e-2	0
4.600e-05	-3.15346072254873599154215917928e-2	0
4.700e-05	-3.15409874303407756944210697537e-2	0
4.800e-05	-3.15473759438254411199508613432e-2	0
4.900e-05	-3.15537727722825401336369185449e-2	0
5.000e-05	-3.15601779221034188565381918756e-2	0
5.100e-05	-3.15665913997297866271354848436e-2	0
5.200e-05	-3.15730132116539195450649270542e-2	0
5.300e-05	-3.15794433644188665442469700795e-2	0
5.400e-05	-3.15858818646186580194465349704e-2	0
5.500e-05	-3.15923287188985170306903869879e-2	0
5.600e-05	-3.15987839339550731104283348897e-2	0
5.700e-05	-3.16052475165365786987246759622e-2	0
5.800e-05	-3.16117194734431282321989012920e-2	0
5.900e-05	-3.16181998115268799128937683761e-2	0
6.000e-05	-3.16246885376922801836852886446e-2	0
6.100e-05	-3.16311856588962909373009466997e-2	0
6.200e-05	-3.16376911821486194864870942794e-2	0
6.300e-05	-3.16442051145119513233310390140e-2	0
6.400e-05	-3.16507274631021856962574316957e-2	0
6.500e-05	-3.16572582350886740335390560386e-2	0
6.600e-05	-3.16637974376944612430693112492e-2	0
6.700e-05	-3.16703450781965299180703511904e-2	0
6.800e-05	-3.16769011639260474794112389633e-2	0
6.900e-05	-3.16834657022686162854924886601e-2	0
7.000e-05	-3.16900387006645267412676102926e-2	0
7.100e-05	-3.16966201666090134384725866967e-2	0
7.200e-05	-3.17032101076525143597134180206e-2	0
7.300e-05	-3.17098085314009331796144269746e-2	0
7.400e-05	-3.17164154455159046968029164180e-2	0
7.500e-05	-3.17230308577150634310885665886e-2	0
7.600e-05	-3.17296547757723154207891194552e-2	0
7.700e-05	-3.17362872075181132557581045268e-2	0
7.800e-05	-3.17429281608397343822858153357e-2	0
7.900e-05	-3.17495776436815627166716707663e-2	0
8.000e-05	-3.17562356640453736049048059553e-2	0
8.100e-05	-3.17629022299906221665405022333e-2	0
8.200e-05	-3.17695773496347350615231784039e-2	0
8.300e-05	-3.17762610311534057193824280391e-2	0
8.400e-05	-3.17829532827808930709173061644e-2	0
8.500e-05	-3.17896541128103238231860609062e-2	0
8.600e-05	-3.17963635295939983193025483305e-2	0
8.700e-05	-3.18030815415437000254912749285e-2	0
8.800e-05	-3.18098081571310086879322346872e-2	0
8.900e-05	-3.18165433848876172037945114262e-2	0
9.000e-05	-3.18232872334056522505199239128e-2	0
9.100e-05	-3.18300397113379987188745209510e-2	0
9.200e-05	-3.18368008273986279958673524766e-2	0
9.300e-05	-3.18435705903629301444885438252e-2	0
9.400e-05	-3.18503490090680500280559606680e-2	0
9.500e-05	-3.18571360924132274278139897502e-2	0
9.600e-05	-3.18639318493601412032996075950e-2	0
9.700e-05	-3.18707362889332575458804099543e-2	0
9.800e-05	-3.18775494202201823767770870822e-2	0
9.900e-05	-3.18843712523720179418094248639e-2	0
1.000e-04	-3.18912017946037236560507752896e-2	0
1.010e-04	-3.18980410561944812525415715274e-2	0
1.020e-04	-3.19048890464880642901983784357e-2	0
1.030e-04	-3.19117457748932120770616995323e-2	0
1.040e-04	-3.19186112508840080660538535737e-2	0
1.050e-04	-3.19254854840002627814682519338e-2	0
1.060e-04	-3.19323684838479013354839335632e-2	0
1.070e-04	-3.19392602600993555950948469931e-2	0
1.080e-04	-3.19461608224939610609627271304e-2	0
1.090e-04	-3.19530701808383585208461363287e-2	0
1.100e-04	-3.19599883450069005414269824951e-2	0
1.110e-04	-3.19669153249420628635502709167e-2	0
1.120e-04	-3.19738511306548607671136918266e-2	0
1.130e-04	-3.19807957722252704730916159512e-2	0
1.140e-04	-3.19877492598026556514539121484e-2	0
1.150e-04	-3.19947116036061991050444860544e-2	0
1.160e-04	-3.20016828139253397008183629155e-2	0
1.170e-04	-3.20086629011202146212003241959e-2	0
1.180e-04	-3.20156518756221070097234064181e-2	0
1.190e-04	-3.20226497479338990865328603852e-2	0
1.200e-04	-3.20296565286305308108013576690e-2	0
1.210e-04	-3.20366722283594641685952577446e-2	0
1.220e-04	-3.20436968578411531662605842808e-2	0
1.230e-04	-3.20507304278695196109620068295e-2	0
1.240e-04	-3.20577729493124347616096233358e-2	0
1.250e-04	-3.20648244331122069350477641549e-2	0
1.260e-04	-3.20718848902860751540585021392e-2	0
1.270e-04	-3.20789543319267089254512072556e-2	0
1.280e-04	-3.20860327692027142382695205873e-2	0
1.290e-04	-3.20931202133591458739497763010e-2	0
1.300e-04	-3.21002166757180261221114506253e-2	0
1.310e-04	-3.21073221676788699975519896736e-2	0
1.320e-04	-3.21144367007192170559567371912e-2	0
1.330e-04	-3.21215602863951699078210733352e-2	0
1.340e-04	-3.21286929363419395321177639228e-2	0
1.350e-04	-3.21358346622743974933294383430e-2	0
1.360e-04	-3.21429854759876351676056537328e-2	0
1.370e-04	-3.21501453893575300859978132634e-2	0
1.380e-04	-3.21573144143413195049750008258e-2	0
1.390e-04	-3.21644925629781813167313525433e-2	0
1.400e-04	-3.21716798473898224141627557332e-2	0
1.410e-04	-3.21788762797810746278193693967e-2	0
1.420e-04	-3.21860818724404983546326938495e-2	0
1.430e-04	-3.21932966377409940007737574621e-2	0
1.440e-04	-3.22005205881404213636245960054e-2	0
1.450e-04	-3.22077537361822270805408228646e-2	0
1.460e-04	-3.22149960944960802748510669319e-2	1.11725017365198208841494196323e-22
1.470e-04	-3.22222476757985165323818268863e-2	1.59843087610768731152340670375e-22
1.480e-04	-3.22295084928935903447163954020e-2	2.38992710411055787983585611992e-22
1.490e-04	-3.22367785586735361583965919085e-2	3.62993071225515029235524564493e-22
1.500e-04	-3.22440578861194381723588683851e-2	5.53033790033007257055507236412e-22
1.510e-04	-3.22513464883019090290647992620e-2	8.40749659282925705840067573975e-22
1.520e-04	-3.22586443783817775480430401210e-2	1.27271659995730415634672669679e-21
1.530e-04	-3.22659515696107856539086796091e-2	1.91689817359470088389061688570e-21
1.540e-04	-3.22732680753322946543697950963e-2	2.87178680562289044074190949412e-21
1.550e-04	-3.22805939089820010272733838047e-2	4.27926702381521160190721990042e-21
1.560e-04	-3.22879290840886618793872641475e-2	6.34260405696820301989760471117e-21
1.570e-04	-3.22952736142748302433647802301e-2	9.35146086869454347298508460321e-21
1.580e-04	-3.23026275132576003831991265168e-2	1.37165091068839707898350249963e-20
1.590e-04	-3.23099907948493632824479580570e-2	2.00170741563028587973954517355e-20
1.600e-04	-3.23173634729585724936009823832e-2	2.90664045702133740264294917530e-20
1.610e-04	-3.23247455615905205311779724585e-2	4.20006615890957755273506460703e-20
1.620e-04	-3.23321370748481259954868515185e-2	6.03996861876281005811886617747e-20
1.630e-04	-3.23395380269327316184461762232e-2	8.64501460556554283449279490046e-20
1.640e-04	-3.23469484321449134274887356625e-2	1.23164952078110654731921201925e-19
1.650e-04	-3.23543683048853012283186145489e-2	1.74677061380343479589517881933e-19
1.660e-04	-3.23617976596554106121987537431e-2	2.46631197800221202697889979950e-19
1.670e-04	-3.23692365110584866985059044849e-2	3.46703924952373093942482313487e-19
1.680e-04	-3.23766848738003598285113691135e-2	4.85291276172244544793690322387e-19
1.690e-04	-3.23841427626903134317358581063e-2	6.76414238862162363729598828570e-19
1.700e-04	-3.23916101926419642917923549707e-2	9.38906368716232713372983590408e-19
1.710e-04	-3.23990871786741554443796523496e-2	1.29796535447677210226581845285e-18
1.720e-04	-3.24065737359118619460292189459e-2	1.78717229318585800598350750631e-18
1.730e-04	-3.24140698795871097583477490065e-2	2.45110976741845745347360997251e-18
1.740e-04	-3.24215756250399079988460931422e-2	3.34874374146864479111416258957e-18
1.750e-04	-3.24290909877191948160117500063e-2	4.55777625257214040794064004480e-18
1.760e-04	-3.24366159831837971530767449893e-2	6.18022758382526036494330296674e-18
1.770e-04	-3.24441506271034046719661558912e-2	8.34957011710149106157592934085e-18
1.780e-04	-3.24516949352595581161960140075e-2	1.12398137997304564196700509961e-17
1.790e-04	-3.24592489235466523990347246821e-2	1.50770379917668930757008790273e-17
1.800e-04	-3.24668126079729547110621320377e-2	2.01539797630010281177326774579e-17
1.810e-04	-3.24743860046616379493682630427e-2	2.68484284586325083118467645936e-17
1.820e-04	-3.24819691298518297790437810112e-2	3.56463451808246008483671727470e-17
1.830e-04	-3.24895619998996776463412462343e-2	4.71708291724331697302101204876e-17
1.840e-04	-3.24971646312794300719462880367e-2	6.22182972156718825198024435509e-17
1.850e-04	-3.25047770405845345622075274940e-2	8.18035344070974412959868064757e-17
1.860e-04	-3.25123992445287524859513103770e-2	1.07215623443637373348293804100e-16
1.870e-04	-3.25200312599472912746707852427e-2	1.40087174625861366704870078781e-16
1.880e-04	-3.25276731037979543144484173023e-2	1.82479771255074205751636144788e-16
1.890e-04	-3.25353247931623089089675884356e-2	2.36989127870889621713644328461e-16
1.900e-04	-3.25429863452468727044145592174e-2	3.06874146342102314267307791491e-16
1.910e-04	-3.25506577773843189789899976701e-2	3.96214863992572531691092689849e-16
1.920e-04	-3.25583391070347012121639586709e-2	5.10105237381175156685248792728e-16
1.930e-04	-3.25660303517866973617453141032e-2	6.54887816811045538103224081598e-16
1.940e-04	-3.25737315293588742903231372759e-2	8.38438663973605135728437815483e-16
1.950e-04	-3.25814426576009727967016687025e-2	1.07051237575316130367993891947e-15
1.960e-04	-3.25891637544952137226217606564e-2	1.36315883187405187315838081028e-15
1.970e-04	-3.25968948381576256203709388267e-2	1.73122531649578970838601882415e-15
1.980e-04	-3.26046359268393944828635457360e-2	2.19296001326477990733822270196e-15
1.990e-04	-3.26123870389282360544552319520e-2	2.77073558151350350877924221938e-15
2.000e-04	-3.26201481929497912581769736467e-2	3.49191463619325972999857338062e-15
2.010e-04	-3.26279194075690452932686603522e-2	4.38988252881750948986264930181e-15
2.020e-04	-3.26357007015917709758981066632e-2	5.50527691775920154569901772499e-15
2.030e-04	-3.26434920939659969158061673416e-2	6.88744829056979313577114093325e-15
2.040e-04	-3.26512936037835011423615395374e-2	8.59619092661966608723733984118e-15
2.050e-04	-3.26591052502813308151797670919e-2	1.07037898442351707107741723615e-14
2.060e-04	-3.26669270528433486771006285859e-2	1.32974361490925592676322833160e-14
2.070e-04	-3.26747590310018069309678150237e-2	1.64820709776148565208634371560e-14
2.080e-04	-3.26826012044389492463563520164e-2	2.03837270200423015782337637756e-14
2.090e-04	-3.26904535929886416281886152660e-2	2.51534465144833427746030204126e-14
2.100e-04	-3.26983162166380329061110840266e-2	3.09718657489819294144370336030e-14
2.110e-04	-3.27061890955292456316130263992e-2	3.80545686277913131618223581664e-14
2.120e-04	-3.27140722499610981991964900473e-2	4.66583258725688523046586903893e-14
2.130e-04	-3.27219657003908590384948891365e-2	5.70883521173254954775327364963e-14
2.140e-04	-3.27298694674360337561246450119e-2	6.97067306505415108808499996270e-14
2.150e-04	-3.27377835718761861392788185391e-2	8.49421750523025067491099448519e-14
2.160e-04	-3.27457080346547939676696997650e-2	1.03301318638994782803522570843e-13
2.170e-04	-3.27536428768811406164328867438e-2	1.25381746688177555236420067043e-13
2.180e-04	-3.27615881198322434700497971715e-2	1.51887013021922991011705336376e-13
2.190e-04	-3.27695437849548202062569656967e-2	1.83643911993002351822673971087e-13
2.200e-04	-3.27775098938672940493133830753e-2	2.21622309388695297801792340360e-13
2.210e-04	-3.27854864683618391339118431003e-2	2.66957871555023877971488298139e-13
2.220e-04	-3.27934735304064671644623514908e-2	3.20978071386306451480938961788e-13
2.230e-04	-3.28014711021471565994553659877e-2	3.85231893005787526987944480676e-13
2.240e-04	-3.28094792059100256371342954271e-2	4.61523704273354852173922683791e-13
2.250e-04	-3.28174978642035503267680398536e-2	5.51951818001094427970513618872e-13
2.260e-04	-3.28255270997208291794059390545e-2	6.58952319255260054056039953162e-13
2.270e-04	-3.28335669353418957031019565868e-2	7.85348797706020929994918776504e-13
2.280e-04	-3.28416173941360803401863224993e-2	9.34408690998909843995776307397e-13
2.290e-04	-3.28496784993644233382059657576e-2	1.10990701792153930401805314243e-12
2.300e-04	-3.28577502744821401416046581936e-2	1.31619835909516175209455605912e-12
2.310e-04	-3.28658327431411409480139080086e-2	1.55829802841361826068954329444e-12
2.320e-04	-3.28739259291926061311088702145e-2	1.84197347087330038848653709591e-12
2.330e-04	-3.28820298566896192912702757380e-2	2.17384702218777426626069032749e-12
2.340e-04	-3.28901445498898597556911065446e-2	2.56151127306919781431006479089e-12
2.350e-04	-3.28982700332583564109693005302e-2	3.01365839670267392688102957808e-12
2.360e-04	-3.29064063314703048135146569065e-2	3.54022492216260834382921335959e-12
2.370e-04	-3.29145534694139495861337962212e-2	4.15255356975029976210122892612e-12
2.380e-04	-3.29227114721935341727902528816e-2	4.86357390690113047306917046176e-12
2.390e-04	-3.29308803651323200875999526833e-2	5.68800373585139244556407465114e-12
2.400e-04	-3.29390601737756778584308728373e-2	6.64257328710255110577108203292e-12
2.410e-04	-3.29472509238942519298274879007e-2	7.74627446630632980706697129010e-12
2.420e-04	-3.29554526414872018541554770688e-2	9.02063758694522317881506428539e-12
2.430e-04	-3.29636653527855221636213030291e-2	1.04900382175217226368286820229e-11
2.440e-04	-3.29718890842554433789069665774e-2	1.21820369803091771489174784262e-11
2.450e-04	-3.29801238626019166722951611734e-2	1.41277553594606593794987534981e-11
2.460e-04	-3.29883697147721847640475494410e-2	1.63622908098091376002003524751e-11
2.470e-04	-3.29966266679594416901217655909e-2	1.89251747043965770772525926060e-11
2.480e-04	-3.30048947496065841367344333238e-2	2.18608769189967542894131682229e-11
2.490e-04	-3.30131739874100570924402891168e-2	2.52193611259807483584784712301e-11
2.500e-04	-3.30214644093237966209242568868e-2	2.90566951581253263374163727247e-11
2.510e-04	-3.30297660435632726071961113161e-2	3.34357211056657257829133002887e-11
2.520e-04	-3.30380789186096343759183837245e-2	3.84267901272985182829614115194e-11
2.530e-04	-3.30464030632139621227502240224e-2	4.41085677614249782668094000225e-11
2.540e-04	-3.30547385064016271373950337654e-2	5.05689120852942180346645862793e-11
2.550e-04	-3.30630852774767638300236641108e-2	5.79058406836115590338137475389e-11
2.560e-04	-3.30714434060268566004097672405e-2	6.62285762637642957603529103021e-11
2.570e-04	-3.30798129219274446109534555152e-2	7.56586942763165973492995639233e-11
2.580e-04	-3.30881938553469475402449463947e-2	8.63313698058320825174202589955e-11
2.590e-04	-3.30965862367516154023968354219e-2	9.83967346725279340312174325271e-11
2.600e-04	-3.31049900969106055184824618638e-2	1.12021352338689272903541721834e-10
2.610e-04	-3.31134054669011897194865374815e-2	1.27389819141627114815779827437e-10
2.620e-04	-3.31218323781140948446183827383e-2	1.44706500844447293882074427104e-10
2.630e-04	-3.31302708622589795740536118388e-2	1.64197413979984548522578290170e-10
2.640e-04	-3.31387209513700506005489752609e-2	1.86112261961593714621827959332e-10
2.650e-04	-3.31471826778118210992965592417e-2	2.10726636446657010041132711926e-10
2.660e-04	-3.31556560742850143992413336295e-2	2.38344394964168604769143113048e-10
2.670e-04	-3.31641411738326156912027572613e-2	2.69300226356025989124144176817e-10
2.680e-04	-3.31726380098460745279562892989e-2	3.03962416132045730792628001713e-10
2.690e-04	-3.31811466160716607782140583260e-2	3.42735824400503254187640489342e-10
2.700e-04	-3.31896670266169765896876544970e-2	3.86065089608365037404169628338e-10
2.710e-04	-3.31981992759576267953194133726e-2	4.34438071911782354832098963620e-10
2.720e-04	-3.32067433989440500608945339498e-2	4.88389550558373519614099847909e-10
2.730e-04	-3.32152994308085129208140741304e-2	5.48505190349242230408364722422e-10
2.740e-04	-3.32238674071722686813052389330e-2	6.15425792709433753113748232700e-10
2.750e-04	-3.32324473640528829861268163680e-2	6.89851847647621590026979632852e-10
2.760e-04	-3.32410393378717276383772181083e-2	7.72548403416230949158136379664e-10
2.770e-04	-3.32496433654616440525400916421e-2	8.64350271327396233049663050202e-10
2.780e-04	-3.32582594840747774733675277971e-2	9.66167583794016851909766787445e-10
2.790e-04	-3.32668877313905828413389350219e-2	1.07899172428234041073311856654e-9
2.800e-04	-3.32755281455240029084477141382e-2	1.20390164847741525644028134958e-9
2.810e-04	-3.32841807650338189122137176467e-2	1.34207061657364381211916045468e-9
2.820e-04	-3.32928456289311737989659740458e-2	1.49477335720767513914014753321e-9
2.830e-04	-3.33015227766882676514963304834e-2	1.66339368414805479003161641416e-9
2.840e-04	-3.33102122482472246166455835791e-2	1.84943258744337319436044342996e-9
2.850e-04	-3.33189140840291302499392052476e-2	2.05451682130600878609590979141e-9
2.860e-04	-3.33276283249432377921819362797e-2	2.28040801156975724537581679375e-9
2.870e-04	-3.33363550123963414704824342587e-2	2.52901230610440411628063951185e-9
2.880e-04	-3.33450941883023144698476988307e-2	2.80239059209629067498739022579e-9
2.890e-04	-3.33538458950918087535663247627e-2	3.10276930460872652643420004729e-9
2.900e-04	-3.33626101757221134223059608480e-2	3.43255185131723325394712216100e-9
2.910e-04	-3.33713870736871677849132377574e-2	3.79433067876951368957793319748e-9
2.920e-04	-3.33801766330277247841919964258e-2	4.19090000594612253679925322360e-9
2.930e-04	-3.33889788983416598575996738055e-2	4.62526925129240269130332920837e-9
2.940e-04	-3.33977939147944197383381056413e-2	5.10067717975263234350999221683e-9
2.950e-04	-3.34066217281296050958606886903e-2	5.62060679666074035316028419562e-9
2.960e-04	-3.34154623846796802943456129681e-2	6.18880101562558963096318986042e-9
2.970e-04	-3.34243159313768028992943272294e-2	6.80927912778986409354988973302e-9
2.980e-04	-3.34331824157637648994865772851e-2	7.48635410003715831232028572353e-9
2.990e-04	-3.34420618860050369244256928272e-2	8.22465072986907189519458987853e-9
3.000e-04	-3.34509543908979060274617375207e-2	9.02912468477004794371978045560e-9
3.010e-04	-3.34598599798836968773822278476e-2	9.90508245391945186826872541329e-9
3.020e-04	-3.34687787030590654679003351852e-2	1.08582022400950457866609386639e-8
3.030e-04	-3.34777106111873536782153684158e-2	1.18945558195366627342388241865e-8
3.040e-04	-3.34866557557099922274264200050e-2	1.30206313974006228937394632907e-8
3.050e-04	-3.34956141887579388305315076742e-2	1.42433574862313781861358453525e-8
3.060e-04	-3.35045859631631374315286947423e-2	1.55701278346041759665626381734e-8
3.070e-04	-3.35135711324699837367646664033e-2	1.70088274327483674766570331266e-8
3.080e-04	-3.35225697509467812224138561724e-2	1.85678596215425995119850766662e-8
3.090e-04	-3.35315818735971711637737323823e-2	2.02561743307777754284331119792e-8
3.100e-04	-3.35406075561715191958886253554e-2	2.20832974720087236328654050794e-8
3.110e-04	-3.35496468551782401237466522207e-2	2.40593615106583629897711619417e-8
3.120e-04	-3.35586998278950418302277218705e-2	2.61951372412963105941372948664e-8
3.130e-04	-3.35677665323800682581890365732e-2	2.85020667891849222028415519516e-8
3.140e-04	-3.35768470274829204622914845804e-2	3.09922978602673821226027605220e-8
3.150e-04	-3.35859413728555339665485121577e-2	3.36787192607624471976901593577e-8
3.160e-04	-3.35950496289628897531326832217e-2	3.65749977064267318127867104979e-8
3.170e-04	-3.36041718570935351701284344457e-2	3.96956159403460492738582923742e-8
3.180e-04	-3.36133081193698903746056944035e-2	4.30559121768204545430068674299e-8
3.190e-04	-3.36224584787583150110398062126e-2	4.66721208875116375956235109651e-8
3.200e-04	-3.36316229990789087098759147852e-2	5.05614149445247062110318075909e-8
3.210e-04	-3.36408017450150185146802304508e-2	5.47419491334977750191642313981e-8
3.220e-04	-3.36499947821224251763069297979e-2	5.92329050480711075659276986680e-8
3.230e-04	-3.36592021768381798259963654693e-2	6.40545373753017713364784913599e-8
3.240e-04	-3.36684239964890607124828686685e-2	6.92282215796793424954904230216e-8
3.250e-04	-3.36776603092996210653660782001e-2	7.47765029913820967350214129332e-8
3.260e-04	-3.36869111843997949850695883461e-2	8.07231473022920656311466807795e-8
3.270e-04	-3.36961766918320311948820091241e-2	8.70931924710597785225783190056e-8
3.280e-04	-3.37054569025579214101282982779e-2	9.39130020361771904760765367125e-8
3.290e-04	-3.37147518884642895573910569688e-2	1.01210319833579725008809478135e-7
3.300e-04	-3.37240617223687086103957298354e-2	1.09014326112756305308061499667e-7
3.310e-04	-3.37333864780244100967560721002e-2	1.17355695042701289674666409564e-7
3.320e-04	-3.37427262301245509875160854409e-2	1.26266653596295150696116927467e-7
3.330e-04	-3.37520810543058034070015317170e-2	1.35781041798853063127918156190e-7
3.340e-04	-3.37614510271512279211766897197e-2	1.45934374323635768850758118893e-7
3.350e-04	-3.37708362261923985939434584173e-2	1.56763903414073396827737511003e-7
3.360e-04	-3.37802367299107381557493143734e-2	1.68308683109319720629004134140e-7
3.370e-04	-3.37896526177380270826581870850e-2	1.80609634746527206803106816581e-7
3.380e-04	-3.37990839700560526164689972929e-2	1.93709613709919003551453672790e-7
3.390e-04	-3.38085308681953536035459830102e-2	2.07653477393340316084757620654e-7
3.400e-04	-3.38179933944330271576700274022e-2	2.22488154339492408674231590212e-7
3.410e-04	-3.38274716319895606166487690902e-2	2.38262714515501443153158170220e-7
3.420e-04	-3.38369656650246423212934089257e-2	2.55028440680856906915459611349e-7
3.430e-04	-3.38464755786319241460585126747e-2	2.72838900800060274781189388051e-7
3.440e-04	-3.38560014588326895265422450254e-2	2.91750021448585987613870529007e-7
3.450e-04	-3.38655433925683911031318858727e-2	3.11820162156953824254385936076e-7
3.460e-04	-3.38751014676920266231596026057e-2	3.33110190633862539453287267292e-7
3.470e-04	-3.38846757729582991304745988003e-2	3.55683558805460850799246437119e-7
3.480e-04	-3.38942663980125462767793509978e-2	3.79606379603892196868899852986e-7
3.490e-04	-3.39038734333783864265456148242e-2	4.04947504434325527284175393170e-7
3.500e-04	-3.39134969704440498050668562304e-2	4.31778601245713195476303193692e-7
3.510e-04	-3.39231371014473715395302440009e-2	4.60174233126539843083851725694e-7
3.520e-04	-3.39327939194593805493605873679e-2	4.90211937342889502420187254272e-7
3.530e-04	-3.39424675183664922369333605711e-2	5.21972304732145134626828523272e-7
3.540e-04	-3.39521579928512420794116408732e-2	5.55539059361747084297846111988e-7
3.550e-04	-3.39618654383715406204332091266e-2	5.90999138358496103220905625531e-7
3.560e-04	-3.39715899511384222875705830419e-2	6.28442771810021266724069873219e-7
3.570e-04	-3.39813316280922318063893039273e-2	6.67963562636246487271857432925e-7
3.580e-04	-3.39910905668772872211151825812e-2	7.09658566324832614662693769009e-7
3.590e-04	-3.40008668658149128955143178459e-2	7.53628370421041488477132523572e-7
3.600e-04	-3.40106606238748503765253165729e-2	7.99977173658760590192262081497e-7
3.610e-04	-3.40204719406450506577403761694e-2	8.48812864615918027140599907112e-7
3.620e-04	-3.40303009162998228239956694314e-2	9.00247099774155884577394246472e-7
3.630e-04	-3.40401476515662262888862117162e-2	9.54395380859506123723826320487e-7
3.640e-04	-3.40500122476888537826457487203e-2	1.01137713133730744674294950499e-6
3.650e-04	-3.40598948063928039210638602330e-2	1.07131577193212913002818867480e-6
3.660e-04	-3.40697954298450466129856390842e-2	1.13433879504001948211617118294e-6
3.670e-04	-3.40797142206139561795833335927e-2	1.20057783789844012898912414865e-6
3.680e-04	-3.40896512816270888782192438200e-2	1.27016875437632621675362315865e-6
3.690e-04	-3.40996067161272853692038726049e-2	1.34325168524438353687663402765e-6
3.700e-04	-3.41095806276269605453828768915e-2	1.41997112678412376026229096769e-6
3.710e-04	-3.41195731198606490115379898767e-2	1.50047599759194110743441795690e-6
3.720e-04	-3.41295842967358234349195109745e-2	1.58491970343303125456692236516e-6
3.730e-04	-3.41396142622818531501461114468e-2	1.67346019999902823600651944062e-6
3.740e-04	-3.41496631205973727840089683102e-2	1.76626005342117502265291366515e-6
3.750e-04	-3.41597309757958199803704490602e-2	1.86348649839132686484911033846e-6
3.760e-04	-3.41698179319492760561544904674e-2	1.96531149374169566120857929326e-6
3.770e-04	-3.41799240930306515865767680880e-2	2.07191177533423295236558801321e-6
3.780e-04	-3.41900495628540034557977539553e-2	2.18346890611154680324350114745e-6
3.790e-04	-3.42001944450134524613471761526e-2	2.30016932315949596513724347694e-6
3.800e-04	-3.42103588428202992382148947614e-2	2.42220438163516676554376342604e-6
3.810e-04	-3.42205428592386466266522414540e-2	2.54977039541277620068726846500e-6
3.820e-04	-3.42307465968191702379667135474e-2	2.68306867430397805395876773466e-6
3.830e-04	-3.42409701576317466783128900299e-2	2.82230555770671864241205173185e-6
3.840e-04	-3.42512136431963316316694075075e-2	2.96769244454410905286634924165e-6
3.850e-04	-3.42614771544125503855116645899e-2	3.11944581935315118738979879596e-6
3.860e-04	-3.42717607914874635846049976616e-2	3.27778727439056960467632852884e-6
3.870e-04	-3.42820646538625621965934824552e-2	3.44294352761880457277379152807e-6
3.880e-04	-3.42923888401390781497181676881e-2	3.61514643644819815066201023988e-6
3.890e-04	-3.43027334480022918579773435360e-2	3.79463300710791716112008941480e-6
3.900e-04	-3.43130985741440355536401936194e-2	3.98164539953061703456878832880e-6
3.910e-04	-3.43234843141851303512133233038e-2	4.17643092762608707008904775502e-6
3.920e-04	-3.43338907625952522492063282400e-2	4.37924205484950144074118946259e-6
3.930e-04	-3.43443180126142644009025896048e-2	4.59033638493496164028609171200e-6
3.940e-04	-3.43547661561687598636500242076e-2	4.80997664773798304971342346602e-6
3.950e-04	-3.43652352837924507669102698350e-2	5.03843068003716645430121014036e-6
3.960e-04	-3.43757254845415227019611874139e-2	5.27597140127202816186576179752e-6
3.970e-04	-3.43862368459121030898347301588e-2	5.52287678408913338347917542981e-6
3.980e-04	-3.43967694537562988175139990064e-2	5.77942981965133188989951058387e-6
3.990e-04	-3.44073233921965411157538311199e-2	6.04591847765248091669895267423e-6
4.000e-04	-3.44178987435415033325807184413e-2	6.32263566095558097274131976181e-6
4.010e-04	-3.44284955882008698101904300458e-2	6.60987915483076667176548440553e-6
4.020e-04	-3.44391140045983307375468406229e-2	6.90795157076510675103803593779e-6
4.030e-04	-3.44497540690876103088916751742e-2	7.21716028476876635635791943769e-6
4.040e-04	-3.44604158558639632598616105612e-2	7.53781737023521886003396006759e-6
4.050e-04	-3.44710994368829519155514394575e-2	7.87023952522107323904208504016e-6
4.060e-04	-3.44818048817680639907061054011e-2	8.21474799434928697759232450955e-6
4.070e-04	-3.44925322577322456423496298608e-2	8.57166848506350839208788623096e-6
4.080e-04	-3.45032816294882859114482355196e-2	8.94133107854062224066165976267e-6
4.090e-04	-3.45140530591634926356559506090e-2	9.32407013511895440200705276714e-6
4.100e-04	-3.45248466062219158893900509124e-2	9.72022419422317986519303742718e-6
4.110e-04	-3.45356623273707063276444255243e-2	1.01301358691598140002001642522e-5
4.120e-04	-3.45465002764880150075985157503e-2	1.05541517363292907761081134337e-5
4.130e-04	-3.45573605045343126300090649965e-2	1.09926222194581069183603888509e-5
4.140e-04	-3.45682430594705598480806498313e-2	1.14459014686128184487258147912e-5
4.150e-04	-3.45791479861879155079005983663e-2	1.19143472339839612297114930364e-5
4.160e-04	-3.45900753264138697991356832154e-2	1.23983207351287169045673861650e-5
4.170e-04	-3.46010251186507693314814164750e-2	1.28981865248522124509416355238e-5
4.180e-04	-3.46119973980896368826820675147e-2	1.34143123488136808620168661774e-5
4.190e-04	-3.46229921965364154013996934646e-2	1.39470690003682367590398849574e-5
4.200e-04	-3.46340095423427263441896446699e-2	1.44968301709006212419996128106e-5
4.210e-04	-3.46450494603354058907786224833e-2	1.50639722959119218758779078006e-5
4.220e-04	-3.46561119717401583630676962524e-2	1.56488743971397399210299599926e-5
4.230e-04	-3.46671970941233394363843781693e-2	1.62519179203693311261220600381e-5
4.240e-04	-3.46783048413162503705615434820e-2	1.68734865698793729954228096091e-5
4.250e-04	-3.46894352233624566841212796534e-2	1.75139661388155750583467564820e-5
4.260e-04	-3.47005882464446624779000071901e-2	1.81737443366820493047484708329e-5
4.270e-04	-3.47117639128343618443930623700e-2	1.88532106131414277262762148387e-5
4.280e-04	-3.47229622208361908261522456005e-2	1.95527559789804995947140415118e-5
4.290e-04	-3.47341831647262304695360276583e-2	2.02727728245252112200350601306e-5
4.300e-04	-3.47454267346985746330723116342e-2	2.10136547353646218040309324879e-5
4.310e-04	-3.47566929168241481068768225614e-2	2.17757963054566532847927173139e-5
4.320e-04	-3.47679816930053961927269982008e-2	2.25595929482955795875650735594e-5
4.330e-04	-3.47792930409224617393103722460e-2	2.33654407065660403663765595377e-5
4.340e-04	-3.47906269339837068248284134899e-2	2.41937360601792758457668824143e-5
4.350e-04	-3.48019833413287683138786785424e-2	2.50448757312737766166619549066e-5
4.360e-04	-3.48133622277331209426342250972e-2	2.59192564914145300368890429272e-5
4.370e-04	-3.48247635536164155608685890663e-2	2.68172749646090828657002915898e-5
4.380e-04	-3.48361872750089061363515215871e-2	2.77393274311192172109374447857e-5
4.390e-04	-3.48476333435011922076205437039e-2	2.86858096316866370364733404687e-5
4.400e-04	-3.48591017062512849784852570178e-2	2.96571165696263331113956825553e-5
4.410e-04	-3.48705923059398410232996247930e-2	3.06536423151041990112256655088e-5
4.420e-04	-3.48821050807491036559826904372e-2	3.16757798090997058643175048798e-5
4.430e-04	-3.48936399643666761620094600497e-2	3.27239206670880852797110249821e-5
4.440e-04	-3.49051968859767768818611275519e-2	3.37984549841849489591035852139e-5
4.450e-04	-3.49167757702298327263989983353e-2	3.48997711425628490314000169529e-5
4.460e-04	-3.49283765372329545446601731834e-2	3.60282556195853530731478572314e-5
4.470e-04	-3.49399991025715443589294840115e-2	3.71842927962391537741187032689e-5
4.480e-04	-3.49516433773136914640725748135e-2	3.83682647682768645841494831156e-5
4.490e-04	-3.49633092679858890680888528734e-2	3.95805511610924089907262354680e-5
4.500e-04	-3.49749966765748790689848785066e-2	4.08215289459499510005470750032e-5
4.510e-04	-3.49867055005867135034322083008e-2	4.20915722558580111685737047231e-5
4.520e-04	-3.49984356329921434594144451361e-2	4.33910522103896931232096233234e-5
4.530e-04	-3.50101869623133163505929357377e-2	4.47203367360950065836170993420e-5
4.540e-04	-3.50219593725664910123007357267e-2	4.60797903982338193074985177489e-5
4.550e-04	-3.50337527433636661007994011379e-2	4.74697742270917948872966092130e-5
4.560e-04	-3.50455669498761406192009426324e-2	4.88906455559970673924399461409e-5
4.570e-04	-3.50574018628549077239969970712e-2	5.03427578602369526770984806336e-5
4.580e-04	-3.50692573487079945101863129117e-2	5.18264605964405867929798420131e-5
4.590e-04	-3.50811332695695173461283994270e-2	5.33420990463753012103410222635e-5
4.600e-04	-3.50930294831353252986751274150e-2	5.48900141810911811402031833349e-5
4.610e-04	-3.51049458430177398837518685329e-2	5.64705424947423165957484052635e-5
4.620e-04	-3.51168821984590364276526471901e-2	5.80840158867627940527502497920e-5
4.630e-04	-3.51288383945837327446783031876e-2	5.97307615120470766428492606863e-5
4.640e-04	-3.51408142724239712039430269495e-2	6.14111016513423417125738387048e-5
4.650e-04	-3.51528096688963872651377398120e-2	6.31253535908087751583942863692e-5
4.660e-04	-3.51648244168417180928382935636e-2	6.48738295025644610198984359300e-5
4.670e-04	-3.51768583452012292331607298994e-2	6.66568363194062018251188675624e-5
4.680e-04	-3.51889112789031941385415307803e-2	6.84746756380207849327251417409e-5
4.690e-04	-3.52009830390961733643000324002e-2	7.03276435996487228473807658596e-5
4.700e-04	-3.52130734430737188754349117510e-2	7.22160308015217500881853686418e-5
4.710e-04	-3.52251823043215420479499197495e-2	7.41401222044127875417061226885e-5
4.720e-04	-3.52373094327415296032148921794e-2	7.61001970296178988851138311697e-5
4.730e-04	-3.52494546344968280576331635586e-2	7.80965286955135451206042443306e-5
4.740e-04	-3.52616177123073036589669615818e-2	8.01293847189056745139210788844e-5
4.750e-04	-3.52737984653427370915359239476e-2	8.21990266590113491057259216189e-5
4.760e-04	-3.52859966892749409530151319744e-2	8.43057100532827882572738751002e-5
4.770e-04	-3.52982121765566811728812870070e-2	8.64496843356927601969606418377e-5
4.780e-04	-3.53104447162105963148950582711e-2	8.86311928097311272913534770520e-5
4.790e-04	-3.53226940941977971123848747935e-2	9.08504725682243377765677708496e-5
4.800e-04	-3.53349600932675163437297461200e-2	9.31077544719951379658995176981e-5
4.810e-04	-3.53472424930113957132857267187e-2	9.54032631141032897257013445681e-5
4.820e-04	-3.53595410702063525928826231741e-2	9.77372167567330292324450870835e-5
4.830e-04	-3.53718555986315529721753357134e-2	1.00109827331486951079705569043e-4
4.840e-04	-3.53841858491226363941475193596e-2	1.02521300420323748891547909986e-4
4.850e-04	-3.53965315899581251079702213740e-2	1.04971835201579855370974926836e-4
4.860e-04	-3.54088925865215412842828083532e-2	1.07461624487012381691182384691e-4
4.870e-04	-3.54212686018160470727294979109e-2	1.09990854661706809397553066288e-4
4.880e-04	-3.54336593962146803555030493128e-2	1.12559705721670573549283044932e-4
4.890e-04	-3.54460647275122018900581298429e-2	1.15168351281419797012429636392e-4
4.900e-04	-3.54584843513943092629954895844e-2	1.17816958530633134801674208907e-4
4.910e-04	-3.54709180211397249947831784531e-2	1.20505688294904227239164617079e-4
4.920e-04	-3.54833654876692821075548395288e-2	1.23234695058366624732555163681e-4
4.930e-04	-3.54958265000718574603290757909e-2	1.26004126923361040512312921743e-4
4.940e-04	-3.55083008052516558819019057887e-2	1.28814125695028567938570928154e-4
4.950e-04	-3.55207881479735617686649880275e-2	1.31664826918119098900751083781e-4
4.960e-04	-3.55332882714517987886070632245e-2	1.34556359836690557510219851639e-4
4.970e-04	-3.55458009169352502018117778252e-2	1.37488847503368378543695967544e-4
4.980e-04	-3.55583258237481363078971902540e-2	1.40462406829400654536528523697e-4
4.990e-04	-3.55708627299480491181194237410e-2	1.43477148541032477941878471045e-4
5.000e-04	-3.55834113716253964410624037222e-2	1.46533177349409836337527176725e-4
5.010e-04	-3.55959714837941922625211965174e-2	1.49630591875201912055230764680e-4
5.020e-04	-3.56085427998567383002691307849e-2	1.52769484801374920820593520409e-4
5.030e-04	-3.56211250518793098638222254390e-2	1.55949942901456257399683508428e-4
5.040e-04	-3.56337179704134749654919954918e-2	1.59172047146022549499348853187e-4
5.050e-04	-3.56463212853155885605881044189e-2	1.62435872640824147512055515487e-4
5.060e-04	-3.56589347248213946324797641805e-2	1.65741488866724302553410863855e-4
5.070e-04	-3.56715580169494670225767091030e-2	1.69088959516271334338511615857e-4
5.080e-04	-3.56841908876501394535297186270e-2	1.72478342910512437659642207626e-4
5.090e-04	-3.56968330625131099932087061997e-2	1.75909691784082191122075992859e-4
5.100e-04	-3.57094842669552707494311792961e-2	1.79383053333164678109294363629e-4
5.110e-04	-3.57221442240636651641615597456e-2	1.82898469717491555155052255365e-4
5.120e-04	-3.57348126581899105641510903518e-2	1.86455977472660835466382979177e-4
5.130e-04	-3.57474892914183488400456647083e-2	1.90055608284165932293129587202e-4
5.140e-04	-3.57601738463142203623616436187e-2	1.93697388554409663624678500395e-4
5.150e-04	-3.57728660446313420363823614961e-2	1.97381339754256302002514733260e-4
5.160e-04	-3.57855656077141117552170503692e-2	2.01107478446573978336883186053e-4
5.170e-04	-3.57982722561395552660732106049e-2	2.04875816465970438993808558027e-4
5.180e-04	-3.58109857110158188474692952100e-2	2.08686360750698033776716607763e-4
5.190e-04	-3.58237056923847794018507146767e-2	2.12539113784995954039164246293e-4
5.200e-04	-3.58364319210050602856176562991e-2	2.16434073324075499889491599619e-4
5.210e-04	-3.58491641171139387129407723808e-2	2.20371232766427565444340246388e-4
5.220e-04	-3.58619020009082689867445448673e-2	2.24350581159247829082098699496e-4
5.230e-04	-3.58746452920766967295052272673e-2	2.28372103415632663996110712020e-4
5.240e-04	-3.58873937113934414555774414070e-2	2.32435780058690531899354867298e-4
5.250e-04	-3.59001469792718941923933080349e-2	2.36541587658903713442996581399e-4
5.260e-04	-3.59129048157235069144955804444e-2	2.40689498961932648542723763725e-4
5.270e-04	-3.59256669421200880829852175456e-2	2.44879482577730082445273245089e-4
5.280e-04	-3.59384330795747529140892585370e-2	2.49111503473137570182006593879e-4
5.290e-04	-3.59512029495360454829894014341e-2	2.53385522941776638150770254224e-4
5.300e-04	-3.59639762731669194579190793288e-2	2.57701498871785610568109818472e-4
5.310e-04	-3.59767527733555072781807361965e-2	2.62059385348731685903857522408e-4
5.320e-04	-3.59895321728423124727409262645e-2	2.66459133231905037281258238642e-4
5.330e-04	-3.60023141941499748894028008402e-2	2.70900690292047193132307443424e-4
5.340e-04	-3.60150985617995374967903699925e-2	2.75384000739091285064096101156e-4
5.350e-04	-3.60278850002284652618304669868e-2	2.79909005869836099298774594865e-4
5.360e-04	-3.60406732345247870611299453188e-2	2.84475643985169094892020780545e-4
5.370e-04	-3.60534629896224443741657127420e-2	2.89083850719692733001906589368e-4
5.380e-04	-3.60662539928190297875646661894e-2	2.93733558453831113287702630437e-4
5.390e-04	-3.60790459713879260092416328137e-2	2.98424697069835479071523835229e-4
5.400e-04	-3.60918386534062200505342652120e-2	3.03157193830419852736824447964e-4
5.410e-04	-3.61046317668299760316173975538e-2	3.07930973750630012239780756246e-4
5.420e-04	-3.61174250423471306496533740384e-2	3.12745958875001111662319118014e-4
5.430e-04	-3.61302182106507679395133655062e-2	3.17602069158975292663681251911e-4
5.440e-04	-3.61430110023174173237162280235e-2	3.22499222620186803274896519778e-4
5.450e-04	-3.61558031509350183273865799675e-2	3.27437334500503463014432222079e-4
5.460e-04	-3.61685943900988884529304606824e-2	3.32416318254146852877513591001e-4
5.470e-04	-3.61813844544309120333117994927e-2	3.37436085342228279248301876547e-4
5.480e-04	-3.61941730784152369755702647275e-2	3.42496545693993239176655859654e-4
5.490e-04	-3.62069600011548395263840954520e-2	3.47597606303481784828301993838e-4
5.500e-04	-3.62197449568243257056452132429e-2	3.52739174336750473691584828222e-4
5.510e-04	-3.62325276880963854813126615943e-2	3.57921152952015585114353912334e-4
5.520e-04	-3.62453079338840551537708283832e-2	3.63143445296267512098685919888e-4
5.530e-04	-3.62580854341206640657501026738e-2	3.68405953086955185209571162369e-4
5.540e-04	-3.62708599326189013266119646522e-2	3.73708575738625659758911050873e-4
5.550e-04	-3.62836311716384852713107378537e-2	3.79051212245692665660861585788e-4
5.560e-04	-3.62963988990279440244902791662e-2	3.84433758861464456297049911029e-4
5.570e-04	-3.63091628580254098821904856013e-2	3.89856112639613056148304723025e-4
5.580e-04	-3.63219227975780621065187530239e-2	3.95318168001175974172411179616e-4
5.590e-04	-3.63346784664547266392673773927e-2	4.00819818817313097902288645852e-4
5.600e-04	-3.63474296130371417725046490598e-2	4.06360958585553264035077263723e-4
5.610e-04	-3.63601759903079038165565698343e-2	4.11941478734013634475346233899e-4
5.620e-04	-3.63729173509835938703990728754e-2	4.17561270409711425118582009815e-4
5.630e-04	-3.63856534491246932508078221464e-2	4.23220223985529907177244850616e-4
5.640e-04	-3.63983840382598432550829401511e-2	4.28918229826386427374257730610e-4
5.650e-04	-3.64111088788963365483901435560e-2	4.34655175574615641566976760010e-4
5.660e-04	-3.64238277253656221210185959697e-2	4.40430951095599176031151560109e-4
5.670e-04	-3.64365403370533679455911670779e-2	4.46245444386086502024641460457e-4
5.680e-04	-3.64492464789424453902459305181e-2	4.52098541363441030981891642003e-4
5.690e-04	-3.64619459092259173496729847106e-2	4.57990130671705834587492664136e-4
5.700e-04	-3.64746383937079380536663981830e-2	4.63920098233185396803853674214e-4
5.710e-04	-3.64873236975637886835665926838e-2	4.69888330461009043269175449110e-4
5.720e-04	-3.65000015873941264670055391876e-2	4.75894713531169605754618339576e-4
5.730e-04	-3.65126718288301858236654975559e-2	4.81939134403040880604282233928e-4
5.740e-04	-3.65253341936135782243896913831e-2	4.88021478036629399133993798248e-4
5.750e-04	-3.65379884526478655105685222567e-2	4.94141630212142092930764675452e-4
5.760e-04	-3.65506343782802175471104191168e-2	5.00299476676907969921818717769e-4
5.770e-04	-3.65632717443044595149855286947e-2	5.06494903193217275391333837548e-4
5.780e-04	-3.65759003232349596487007930300e-2	5.12727796732698118478526361446e-4
5.790e-04	-3.65885198943550171964124396110e-2	5.18998042156483766691823488226e-4
5.800e-04	-3.66011302358069226856510097221e-2	5.25305525549455361589869136959e-4
5.810e-04	-3.66137311242443509992619442215e-2	5.31650134458865528217556526242e-4
5.820e-04	-3.66263223465259444818403395138e-2	5.38031752904724268550007699162e-4
5.830e-04	-3.66389036791936378855331519271e-2	5.44450270259152442112733804557e-4
5.840e-04	-3.66514749091397160807624977111e-2	5.50905572363247724416401925423e-4
5.850e-04	-3.66640358217661071242466473426e-2	5.57397546680252488051597655835e-4
5.860e-04	-3.66765862005989223651448366761e-2	5.63926082556209520567321315655e-4
5.870e-04	-3.66891258405077943837936901046e-2	5.70491065336009758101925864862e-4
5.880e-04	-3.67016545245020117171268595142e-2	5.77092386796717476267821512720e-4
5.890e-04	-3.67141720470899436891690006741e-2	5.83729934687472278982199965005e-4
5.900e-04	-3.67266781972335010822740286252e-2	5.90403600470345783750328029176e-4
5.910e-04	-3.67391727762223989704622514058e-2	5.97113271141650662999816999445e-4
5.920e-04	-3.67516555721347465248028034817e-2	6.03858841062279890005847549045e-4
5.930e-04	-3.67641263855414173725677710055e-2	6.10640200081976350005150120238e-4
5.940e-04	-3.67765850147755820071813622502e-2	6.17457240391785979419924997536e-4
5.950e-04	-3.67890312595875748256602843337e-2	6.24309854858721679918741069896e-4
5.960e-04	-3.68014649169297453989225678100e-2	6.31197939086882217908848741703e-4
5.970e-04	-3.68138857976923032677264556697e-2	6.38121383367102831412444880471e-4
5.980e-04	-3.68262936973229397834640634305e-2	6.45080086884261238312704129993e-4
5.990e-04	-3.68386884253881833521203290694e-2	6.52073943436317213949857466230e-4
6.000e-04	-3.68510697840213777583317046222e-2	6.59102851947111850875521056059e-4
6.010e-04	-3.68634375904631771121398924314e-2	6.66166705356578569418958488716e-4
6.020e-04	-3.68757916448814844613775735582e-2	6.73265406616821837779172317069e-4
6.030e-04	-3.68881317627445666878673244043e-2	6.80398852603210293455282941221e-4
6.040e-04	-3.69004577562683366571880929772e-2	6.87566943366085666799869994365e-4
6.050e-04	-3.69127694390191019540736448595e-2	6.94769579858229721761486261351e-4
6.060e-04	-3.69250666206388606820313284354e-2	7.02006666677703816054738981792e-4
6.070e-04	-3.69373491277878615426478140686e-2	7.09278101264227536402561992678e-4
6.080e-04	-3.69496167673812974180480841454e-2	7.16583792914603406011839958122e-4
6.090e-04	-3.69618693635656321465461318781e-2	7.23923643645205019137208118350e-4
6.100e-04	-3.69741067365288815448809219423e-2	7.31297559182693674414246823317e-4
6.110e-04	-3.69863287018913536105296555320e-2	7.38705449387562187336464099006e-4
6.120e-04	-3.69985350940383492546396418088e-2	7.46147215819895138220226216209e-4
6.130e-04	-3.70107257251638048913348855274e-2	7.53622773606009714221988148345e-4
6.140e-04	-3.70229004264581434539116518886e-2	7.61132029424698112586396957359e-4
6.150e-04	-3.70350590245065622861892460364e-2	7.68674894140059032320284698222e-4
6.160e-04	-3.70472013406270641443535236611e-2	7.76251283269443552271936424653e-4
6.170e-04	-3.70593272168007243502206922352e-2	7.83861102729497182638591412462e-4
6.180e-04	-3.70714364701593418077233414216e-2	7.91504273886701539228431828424e-4
6.190e-04	-3.70835289387493874827957479684e-2	7.99180708333981211972806335792e-4
6.200e-04	-3.70956044553099991728157323253e-2	8.06890322357124021077534854877e-4
6.210e-04	-3.71076628537819443141759037598e-2	8.14633033352809808128558425458e-4
6.220e-04	-3.71197039619222942198976393792e-2	8.22408764043420124152933607143e-4
6.230e-04	-3.71317276306431676774676977669e-2	8.30217425767750516595231535669e-4
6.240e-04	-3.71437336825222218559146566412e-2	8.38058947829896799269728340956e-4
6.250e-04	-3.71557219635699703834027316106e-2	8.45933247945559204034459256364e-4
6.260e-04	-3.71676923135708043056982151438e-2	8.53840249183563245544957465469e-4
6.270e-04	-3.71796445652943802374639867472e-2	8.61779880546949254939245682673e-4
6.280e-04	-3.71915785769331566137969411065e-2	8.69752057971688336586817569783e-4
6.290e-04	-3.72034941751795456634716172879e-2	8.77756717689674112609679712758e-4
6.300e-04	-3.72153912124502853986141615183e-2	8.85793782633154932536941469680e-4
6.310e-04	-3.72272695341036493163320679987e-2	8.93863181687433429655102693209e-4
6.320e-04	-3.72391289865812213733623067813e-2	9.01964844912402259979311973327e-4
6.330e-04	-3.72509694173968295637664366810e-2	9.10098703545903296205890694495e-4
6.340e-04	-3.72627906657778054759603353274e-2	9.18264695697686153658668292974e-4
6.350e-04	-3.72745925998632972998609142243e-2	9.26462743728492942680502947083e-4
6.360e-04	-3.72863750514351113061264284962e-2	9.34692793954405702852035783015e-4
6.370e-04	-3.72981378815242136334785888245e-2	9.42954776669184180476836686095e-4
6.380e-04	-3.73098809327408822530059616646e-2	9.51248635316193959348770167110e-4
6.390e-04	-3.73216040787763653486983895591e-2	9.59574295875418504716807586066e-4
6.400e-04	-3.73333071539523153519795647614e-2	9.67931710600207513855564800785e-4
6.410e-04	-3.73449900347062907454217866043e-2	9.76320807250710747802863833907e-4
6.420e-04	-3.73566525565326421993562895232e-2	9.84741541085534259995235135815e-4
6.430e-04	-3.73682945875125402468253970323e-2	9.93193848679839750293145019542e-4
6.440e-04	-3.73799159861987447637857599720e-2	1.00167767437821630563093515090e-3
6.450e-04	-3.73915166005838549727491102843e-2	1.01019297111119184336459126680e-3
6.460e-04	-3.74030963138665429658268596324e-2	1.01873967100286864624266295983e-3
6.470e-04	-3.74146549641635454284245406694e-2	1.02731773694243506377411336342e-3
6.480e-04	-3.74261924251983117463107425957e-2	1.03592711066961038763366100478e-3
6.490e-04	-3.74377085600889925460748653064e-2	1.04456774250787596509302926135e-3
6.500e-04	-3.74492032328348299235332446184e-2	1.05323958397227180922109021506e-3
6.510e-04	-3.74606763083049409114000664172e-2	1.06194258776815591954659704644e-3
6.520e-04	-3.74721276391712890293180655879e-2	1.07067671645737711723998479573e-3
6.530e-04	-3.74835571178855139411763739857e-2	1.07944190798202702676149051130e-3
6.540e-04	-3.74949645855053588424910521908e-2	1.08823813614729721141574282774e-3
6.550e-04	-3.75063499233135072685134177414e-2	1.09706534974710541892462751116e-3
6.560e-04	-3.75177130003507427592398382496e-2	1.10592350742488655354913815563e-3
6.570e-04	-3.75290536864606778561585142989e-2	1.11481256900388325315759596297e-3
6.580e-04	-3.75403718377589424273703873892e-2	1.12373250538063845826491262695e-3
6.590e-04	-3.75516673544452113869268861923e-2	1.13268325915699221058155215644e-3
6.600e-04	-3.75629400794025031024619616841e-2	1.14166481369822652258404440977e-3
6.610e-04	-3.75741899000844235618991600293e-2	1.15067712363879450228138352958e-3
6.620e-04	-3.75854166901724374808773646199e-2	1.15972015467653845670311547909e-3
6.630e-04	-3.75966203240846759913646867694e-2	1.16879387367418156316606863502e-3
6.640e-04	-3.76078006769650379499463827295e-2	1.17789824865647891154058103775e-3
6.650e-04	-3.76189576082837395553249642126e-2	1.18703326030670455736133254922e-3
6.660e-04	-3.76300910270992454721184722607e-2	1.19619885621083880998891924566e-3
6.670e-04	-3.76412007776009667325820156672e-2	1.20539503111405599911140446049e-3
6.680e-04	-3.76522867541047222979954484386e-2	1.21462174617226785404914759798e-3
6.690e-04	-3.76633488352093762886961476727e-2	1.22387897518772061827963911002e-3
6.700e-04	-3.76743869001747301281275863917e-2	1.23316669310634378647014865776e-3
6.710e-04	-3.76854008107726690848772160977e-2	1.24248488904739031974051964626e-3
6.720e-04	-3.76963904835240684743455462736e-2	1.25183351443893670610820181855e-3
6.730e-04	-3.77073557630175570336345375600e-2	1.26121257398365429089116724124e-3
6.740e-04	-3.77182965682436528799985621443e-2	1.27062202029092504599299985965e-3
6.750e-04	-3.77292127437791486789759078142e-2	1.28006186142142900235285399087e-3
6.760e-04	-3.77401041913678231409559199049e-2	1.28953206554796267030770038117e-3
6.770e-04	-3.77509707945871721866020674238e-2	1.29903261554226508925514764005e-3
6.780e-04	-3.77618124172272166650986989476e-2	1.30856351041624589727272964021e-3
6.790e-04	-3.77726289844015916198725818661e-2	1.31812470552763255496764837114e-3
6.800e-04	-3.77834203403143843089863268244e-2	1.32771621744774205892049927796e-3
6.810e-04	-3.77941863911384538309335043056e-2	1.33733801848534253679669677473e-3
6.820e-04	-3.78049270232178431350108250804e-2	1.34699009707560071995900608651e-3
6.830e-04	-3.78156421234216468131384317333e-2	1.35667244275312755169117572793e-3
6.840e-04	-3.78263315791338543490952892538e-2	1.36638504614848617139626103065e-3
6.850e-04	-3.78369952782432323071320784282e-2	1.37612789898470998252160457508e-3
6.860e-04	-3.78476331091332453058462347414e-2	1.38590099407383408741962761282e-3
6.870e-04	-3.78582449371296385387177128080e-2	1.39570434324583284758274971356e-3
6.880e-04	-3.78688306743648781894152872752e-2	1.40553792424628729283487157521e-3
6.890e-04	-3.78793902106321801383956092968e-2	1.41540173314969698476660731721e-3
6.900e-04	-3.78899234608660903919177921059e-2	1.42529574810938409221793234946e-3
6.910e-04	-3.79004302416988280883822590015e-2	1.43522002433788685907678628818e-3
6.920e-04	-3.79109105183179642132947032116e-2	1.44517450413614600878387388192e-3
6.930e-04	-3.79213641575890722554598996567e-2	1.45515920685770973102911435703e-3
6.940e-04	-3.79317910251981455174468886193e-2	1.46517415441549952199286624146e-3
6.950e-04	-3.79421910656703316624146240209e-2	1.47521930868864528452552468133e-3
6.960e-04	-3.79525641187893116672850167846e-2	1.48529471459955465176691376620e-3
6.970e-04	-3.79629101039760919734887657382e-2	1.49540035625930662603363710314e-3
6.980e-04	-3.79732289147463718245189576656e-2	1.50553623932278721133051808121e-3
6.990e-04	-3.79835204449825028667666577559e-2	1.51570237049190029108558468533e-3
7.000e-04	-3.79937845889239137162328924099e-2	1.52589875751259231814478838421e-3
7.010e-04	-3.80040212118839303832100719571e-2	1.53612543251339258577882886277e-3
7.020e-04	-3.80142302668860284280873629160e-2	1.54638235906798487055729791715e-3
7.030e-04	-3.80244115901758288506673463810e-2	1.55666959516469422905284957478e-3
7.040e-04	-3.80345651065828993575881933474e-2	1.56698712937476073240836367202e-3
7.050e-04	-3.80446907119726256325854454394e-2	1.57733497464118709188147527892e-3
7.060e-04	-3.80547883025104558569790999310e-2	1.58771314493465695937517391977e-3
7.070e-04	-3.80648577746525369500020091069e-2	1.59812165525098109428266231353e-3
7.080e-04	-3.80748990251363785317182170866e-2	1.60856052160861117303325638450e-3
7.090e-04	-3.80849119179430883468344276061e-2	1.61902978802539462304801907261e-3
7.100e-04	-3.80948964159065194230550969989e-2	1.62952941908439576471311255620e-3
7.110e-04	-3.81048523499872813624493197715e-2	1.64005948831567614016069763384e-3
7.120e-04	-3.81147796509657915762949839463e-2	1.65061998884676392833301209161e-3
7.130e-04	-3.81246782168288402417527989484e-2	1.66121094179596255517938785733e-3
7.140e-04	-3.81345479457888559043520298766e-2	1.67183236929114015706163488109e-3
7.150e-04	-3.81443887362747373752902111122e-2	1.68248429446777045876456189527e-3
7.160e-04	-3.81542004869227064807449674161e-2	1.69316674146705514561236193327e-3
7.170e-04	-3.81639830965671807221614596027e-2	1.70387973543412932088928270020e-3
7.180e-04	-3.81737364265145449424772905527e-2	1.71462333412427283355910761502e-3
7.190e-04	-3.81834604125789926187472383368e-2	1.72539753418116275590946574872e-3
7.200e-04	-3.81931549929464342928029131805e-2	1.73620233105477707149423860327e-3
7.210e-04	-3.82028199900376513024863014573e-2	1.74703781878590866778699938769e-3
7.220e-04	-3.82124553417924032883895075038e-2	1.75790399537905476495901189210e-3
7.230e-04	-3.82220609480230878520411801688e-2	1.76880089199426900735746803934e-3
7.240e-04	-3.82316366675364236313463925083e-2	1.77972857582540555221012374429e-3
7.250e-04	-3.82411824820907462885004697463e-2	1.79068701054067982404504336373e-3
7.260e-04	-3.82506982513221809761396906456e-2	1.80167626472738384859060860610e-3
7.270e-04	-3.82601838325812240060094633636e-2	1.81269641038228321490678347451e-3
7.280e-04	-3.82696391679758901659954787455e-2	1.82374744801236330517337931928e-3
7.290e-04	-3.82790642021559272796024890292e-2	1.83482937662732681544220501008e-3
7.300e-04	-3.82884587479217522254017223158e-2	1.84594230996442030755339410042e-3
7.310e-04	-3.82978227494505673038768210695e-2	1.85708624964695526016735643699e-3
7.320e-04	-3.83071560613149180284670443300e-2	1.86826127586383071328784968113e-3
7.330e-04	-3.83164586757992949085497802580e-2	1.87946735020915605713123233810e-3
7.340e-04	-3.83257304482205465184219455100e-2	1.89070455418755226974000687733e-3
7.350e-04	-3.83349712312978187153792496809e-2	1.90197297299280770423442220207e-3
7.360e-04	-3.83441810213721718478062427542e-2	1.91327256713290613531877489992e-3
7.370e-04	-3.83533596224214638365333531316e-2	1.92460346662068454015390286064e-3
7.380e-04	-3.83625069833753643452386548526e-2	1.93596567539637488372279762525e-3
7.390e-04	-3.83716230050719565035480324381e-2	1.94735924051400419850252063726e-3
7.400e-04	-3.83807075883396414698379011115e-2	1.95878421001788819169321986758e-3
7.410e-04	-3.83897606339881455400675462338e-2	1.97024063294328456165445026271e-3
7.420e-04	-3.83987820427995174908179894737e-2	1.98172855931716536657911180458e-3
7.430e-04	-3.84077716617719596644548382620e-2	1.99324808814655660695063094274e-3
7.440e-04	-3.84167294983549676047976019999e-2	2.00479917624742322980900126599e-3
7.450e-04	-3.84256553449358274349822111233e-2	2.01638197340236316198459807754e-3
7.460e-04	-3.84345492118263286718862353809e-2	2.02799643530482072621851437704e-3
7.470e-04	-3.84434108882609699455854984766e-2	2.03964271688639579769421850700e-3
7.480e-04	-3.84522403298854627590903306035e-2	2.05132082462504672176894566655e-3
7.490e-04	-3.84610374370077655534000387914e-2	2.06303081555432058463763890114e-3
7.500e-04	-3.84698021098352361910223024130e-2	2.07477274771060085539664612723e-3
7.510e-04	-3.84785342484654694064002218426e-2	2.08654668013502379969163694499e-3
7.520e-04	-3.84872336920982184379586369589e-2	2.09835272825601647598297126481e-3
7.530e-04	-3.84959004613145595337949556041e-2	2.11019084324610684183896074967e-3
7.540e-04	-3.85045343334217631894298240007e-2	2.12206119883567887052759378519e-3
7.550e-04	-3.85131353320290297485270691290e-2	2.13396374471293553512250047940e-3
7.560e-04	-3.85217032307898786342745107680e-2	2.14589866019475212093784382704e-3
7.570e-04	-3.85302379913644298218374604221e-2	2.15786595328758554989649187008e-3
7.580e-04	-3.85387395127930908611111757973e-2	2.16986569016722045262637284104e-3
7.590e-04	-3.85472076939317417697507207501e-2	2.18189793803503004927793902394e-3
7.600e-04	-3.85556424334422791751537988223e-2	2.19396276512116685537929452783e-3
7.610e-04	-3.85640436297831195048997861115e-2	2.20606024068790295846528583277e-3
7.620e-04	-3.85724111116909895536590237737e-2	2.21819049972748346377027533982e-3
7.630e-04	-3.85807449152769491752022673395e-2	2.23035348518753267579693755355e-3
7.640e-04	-3.85890447983618133995531242905e-2	2.24254939986389478929442144644e-3
7.650e-04	-3.85973107279706682117414318689e-2	2.25477825252852211387664702895e-3
7.660e-04	-3.86055426746634080916890877119e-2	2.26704004892432871390814207461e-3
7.670e-04	-3.86137403898257546641404915163e-2	2.27933500112187631831109799853e-3
7.680e-04	-3.86219038425206265549888337474e-2	2.29166311802073601310159985030e-3
7.690e-04	-3.86300329291971833926286074393e-2	2.30402447732031830139679475237e-3
7.700e-04	-3.86381275460129840738532418515e-2	2.31641915778988674813973543391e-3
7.710e-04	-3.86461875105436526112051693956e-2	2.32884731345387190424774383776e-3
7.720e-04	-3.86542128738627625188362285446e-2	2.34130887799838875506849824417e-3
7.730e-04	-3.86622033735749013626196507998e-2	2.35380408294713000059741184683e-3
7.740e-04	-3.86701590642293392461238688009e-2	2.36633285966657494324661288119e-3
7.750e-04	-3.86780796785784867480986308594e-2	2.37889544642172124179557184887e-3
7.760e-04	-3.86859651911379361486726382624e-2	2.39149185211311982270565242593e-3
7.770e-04	-3.86938155803592521818789543997e-2	2.40412208204794753788155991144e-3
7.780e-04	-3.87016305714560230339478034844e-2	2.41678638486951943091696677657e-3
7.790e-04	-3.87094101410270076758555420033e-2	2.42948476932005026313775480658e-3
7.800e-04	-3.87171540936990743488504349615e-2	2.44221741004873994186028692787e-3
7.810e-04	-3.87248624965889229176368177140e-2	2.45498422960278706658617783219e-3
7.820e-04	-3.87325351546314415041975778206e-2	2.46778540366378890636765926338e-3
7.830e-04	-3.87401718677263488096283893327e-2	2.48062111413904591812185708978e-3
7.840e-04	-3.87477727086170883625905056100e-2	2.49349127940818044664183067061e-3
7.850e-04	-3.87553373836112243460424593160e-2	2.50639617370802800522142634272e-3
7.860e-04	-3.87628659692815974050784677014e-2	2.51933571251419475086804184359e-3
7.870e-04	-3.87703581662049143979683170459e-2	2.53231017772329203636820043317e-3
7.880e-04	-3.87778139572927878222724217231e-2	2.54531957718968252600383178962e-3
7.890e-04	-3.87852332310870799812841294412e-2	2.55836401126637644212353727953e-3
7.900e-04	-3.87926158756214240815663612614e-2	2.57144358151264344417461025456e-3
7.910e-04	-3.87999617784094259886029096101e-2	2.58455839070295154779914657126e-3
7.920e-04	-3.88072707237663897239814974701e-2	2.59770864391333138258566037720e-3
7.930e-04	-3.88145428021487559852406860331e-2	2.61089424568958403515185514107e-3
7.940e-04	-3.88217777980707210056180351632e-2	2.62411540213572911667321458544e-3
7.950e-04	-3.88289754901887520316357323825e-2	2.63737232651982164211835526430e-3
7.960e-04	-3.88361358671694437761083570022e-2	2.65066502534643534898894151003e-3
7.970e-04	-3.88432589225022097165723583226e-2	2.66399350032862891410033698109e-3
7.980e-04	-3.88503443222717811459740329788e-2	2.67735807873266954330816811380e-3
7.990e-04	-3.88573920573630943263808542209e-2	2.69075876639885839778558241963e-3
8.000e-04	-3.88644020100093287303177103623e-2	2.70419567754014959875667193081e-3
8.010e-04	-3.88713740617978419681747814988e-2	2.71766892768841172377364150837e-3
8.020e-04	-3.88783080936568647189422256986e-2	2.73117863370615132022057968997e-3
8.030e-04	-3.88852038678394672633443552744e-2	2.74472503209893588849946842789e-3
8.040e-04	-3.88920614984281989777865606302e-2	2.75830800751219830033550219421e-3
8.050e-04	-3.88988807477648901685032388899e-2	2.77192779750875138848072893691e-3
8.060e-04	-3.89056613714711331074193638177e-2	2.78558464782295423842504847789e-3
8.070e-04	-3.89124034904976032039958538635e-2	2.79927843705428636534029919301e-3
8.080e-04	-3.89191067348788414132347992743e-2	2.81300953896141871531302386553e-3
8.090e-04	-3.89257711030225652576720844582e-2	2.82677795671404403405273359931e-3
8.100e-04	-3.89323964700303606196738218251e-2	2.84058381834398107664486804613e-3
8.110e-04	-3.89389827102164151109892840695e-2	2.85442725333344667159845843749e-3
8.120e-04	-3.89455296970924093773090491869e-2	2.86830839262982310104764956563e-3
8.130e-04	-3.89520373033522029202576102896e-2	2.88222736866076016087470660232e-3
8.140e-04	-3.89585054008563091924011944926e-2	2.89618431534961831543721644756e-3
8.150e-04	-3.89649338606161545958034867168e-2	2.91017936813125953278025217388e-3
8.160e-04	-3.89713224139459900423150787586e-2	2.92421280595214902677852556818e-3
8.170e-04	-3.89776712060407472984515685004e-2	2.93828448533638582791939856274e-3
8.180e-04	-3.89839798258249020068697985129e-2	2.95239483235892986109647347169e-3
8.190e-04	-3.89902484236275486648146595641e-2	2.96654369873333912243721680243e-3
8.200e-04	-3.89964765794995785657670757189e-2	2.98073152176022353097554458382e-3
8.210e-04	-3.90026643012775225979116928998e-2	2.99495830038893478064190695222e-3
8.220e-04	-3.90088114535057035109943761007e-2	3.00922418118641163996973837294e-3
8.230e-04	-3.90149178997439375050265150410e-2	3.02352931237209446532919868377e-3
8.240e-04	-3.90209835025495652132078040539e-2	3.03787384383719659327713683889e-3
8.250e-04	-3.90270081234592046848805827226e-2	3.05225792716440044880715891663e-3
8.260e-04	-3.90329916229702193298628950513e-2	3.06668171564798723042008409639e-3
8.270e-04	-3.90389338605218936047230630509e-2	3.08114536431440927848773389658e-3
8.280e-04	-3.90448345334054497852865060867e-2	3.09564919751038715815383903217e-3
8.290e-04	-3.90506938190320359195051052229e-2	3.11019304096542452398075453646e-3
8.300e-04	-3.90565112493614376336069882733e-2	3.12477739253709457501569157205e-3
8.310e-04	-3.90622870075457663748559279780e-2	3.13940207232328868489157484603e-3
8.320e-04	-3.90680206151624021422951757302e-2	3.15406759120868332241914356608e-3
8.330e-04	-3.90737120899081016321869867207e-2	3.16877394294132028363736039212e-3
8.340e-04	-3.90793612831884704323074768122e-2	3.18352129538018025129197127541e-3
8.350e-04	-3.90849680451877522626980745133e-2	3.19830981829968903919964367141e-3
8.360e-04	-3.90905322248469926265956568183e-2	3.21313968341475918685219710375e-3
8.370e-04	-3.90960536698418261257807206296e-2	3.22801106440638137001496004577e-3
8.380e-04	-3.91015322265598777880525577371e-2	3.24292413694777802560385134677e-3
8.390e-04	-3.91069677400777684888794507399e-2	3.25787907873113194757654401825e-3
8.400e-04	-3.91123600541377142747729936843e-2	3.27287606949490298077471768280e-3
8.410e-04	-3.91177088221392851633030124149e-2	3.28791549107594996603098582606e-3
8.420e-04	-3.91230142607247551997427548063e-2	3.30299713006351314055053026907e-3
8.430e-04	-3.91282758291305039261032914740e-2	3.31812157535067317802129025352e-3
8.440e-04	-3.91334937504832668774234772118e-2	3.33328860691911887113722198764e-3
8.450e-04	-3.91386674716923718941533629893e-2	3.34849882905814636585880026997e-3
8.460e-04	-3.91437970215660872945147193963e-2	3.36375222899043174744900631729e-3
8.470e-04	-3.91488822337264608486496759536e-2	3.37904900170528597149134686066e-3
8.480e-04	-3.91539229402564570061871217744e-2	3.39438934448166735469166131061e-3
8.490e-04	-3.91589189716723610726758888192e-2	3.40977345692148984184292489722e-3
8.500e-04	-3.91638701568956572730588542435e-2	3.42520154098367495718059813994e-3
8.510e-04	-3.91687763232243667774727829148e-2	3.44067380101896558650104837157e-3
8.520e-04	-3.91736372963038313529126245771e-2	3.45619044380552028908400305276e-3
8.530e-04	-3.91784529000969278780691442482e-2	3.47175167858530741038692304702e-3
8.540e-04	-3.91832227352717939970759756659e-2	3.48735795541672885661094808221e-3
8.550e-04	-3.91879470627757832377060743055e-2	3.50300901516574472437007273130e-3
8.560e-04	-3.91926252553804705305963209597e-2	3.51870555462790959028359817812e-3
8.570e-04	-3.91972575813545385324023138914e-2	3.53444730699161951663853805564e-3
8.580e-04	-3.92018433987821926615548993161e-2	3.55023498737125152807518486538e-3
8.590e-04	-3.92063827478364258930912406906e-2	3.56606857593878570194992860522e-3
8.600e-04	-3.92108754397128039767106500570e-2	3.58194830040506989285961166008e-3
8.610e-04	-3.92153212836618082596115454100e-2	3.59787439126968445977701392607e-3
8.620e-04	-3.92197200869531434011557645175e-2	3.61384708186556084583134991504e-3
8.630e-04	-3.92240716548393001222492078676e-2	3.62986660840463042356201153081e-3
8.640e-04	-3.92283757905183523610045841934e-2	3.64593321002453073270447242782e-3
8.650e-04	-3.92326322950959675514499185873e-2	3.66204712883639711346473846614e-3
8.660e-04	-3.92368409675466080627588166094e-2	3.67820860997376864670601903473e-3
8.670e-04	-3.92410016046739011316648546658e-2	3.69441790164263825489330649175e-3
8.680e-04	-3.92451137381105889428760719697e-2	3.71067554256676531407874167045e-3
8.690e-04	-3.92491776828809146433428129857e-2	3.72698121631961070740250798654e-3
8.700e-04	-3.92531926997872833696798586977e-2	3.74333575939085276077411214689e-3
8.710e-04	-3.92571591121750555613253749842e-2	3.75973884642745384536696966562e-3
8.720e-04	-3.92610761630070869835224961363e-2	3.77619133619322913910760679685e-3
8.730e-04	-3.92649439045313646750891185332e-2	3.79269320144102276944299376515e-3
8.740e-04	-3.92687621170425933377289670076e-2	3.80924471354999636487747825427e-3
8.750e-04	-3.92725305783122031603174975215e-2	3.82584614742047082440627442047e-3
8.760e-04	-3.92762490635400274359815419587e-2	3.84249778153586701738922641833e-3
8.770e-04	-3.92799173453048750877470107550e-2	3.85919989802615181382399779625e-3
8.780e-04	-3.92835351935139655868582041332e-2	3.87595278273283245250589774102e-3
8.790e-04	-3.92871023753511926321860903543e-2	3.89275672527554374359555887731e-3
8.800e-04	-3.92906186552241817986328695113e-2	3.90961201912027415079147747176e-3
8.810e-04	-3.92940837947101061550554060833e-2	3.92651896164927840935187535556e-3
8.820e-04	-3.92974972402703713814777761490e-2	3.94347820060917642291311448850e-3
8.830e-04	-3.93008593682512738095267011469e-2	3.96048935332331085880002086644e-3
8.840e-04	-3.93041693029698165875372354372e-2	3.97755342689354642385993014447e-3
8.850e-04	-3.93074274301782396831890702316e-2	3.99467002839345362085208197027e-3
8.860e-04	-3.93106328523408949232512750555e-2	4.01184019228902661709735806963e-3
8.870e-04	-3.93137856326975288213419788908e-2	4.02906388548632909237343072240e-3
8.880e-04	-3.93168858474236738869289463651e-2	4.04634105984576848727140304563e-3
8.890e-04	-3.93199325649581357564379104064e-2	4.06367279246901559744659543070e-3
8.900e-04	-3.93229258506490909474753265235e-2	4.08105904937510070021452545365e-3
8.910e-04	-3.93258654343189586337517794723e-2	4.09850017157578709819939972468e-3
8.920e-04	-3.93287510422665150644996877667e-2	4.11599650489944148575383596804e-3
8.930e-04	-3.93315823971943924483583549399e-2	4.13354840008570519055590977896e-3
8.940e-04	-3.93343592181347292767728946469e-2	4.15115621288265617250823409386e-3
8.950e-04	-3.93370808537344170631810972420e-2	4.16882071619568429716847903718e-3
8.960e-04	-3.93397477441511444234810003981e-2	4.18654145754348555698965244209e-3
8.970e-04	-3.93423592348206491319941572784e-2	4.20431921488426081513654179712e-3
8.980e-04	-3.93449146487363839149682707913e-2	4.22215479397090290694092406405e-3
8.990e-04	-3.93474144417742719693621272655e-2	4.24004772503869706152583233158e-3
9.000e-04	-3.93498575432185389094281782658e-2	4.25799925992945959100015644600e-3
9.010e-04	-3.93522444196208996900686694867e-2	4.27600891712764524046308193758e-3
9.020e-04	-3.93545739723316085188931853160e-2	4.29407798362485563883777139986e-3
9.030e-04	-3.93568462736423168999014742848e-2	4.31220642471776708796303236911e-3
9.040e-04	-3.93590610011309448617369879486e-2	4.33039465245480474990276476656e-3
9.050e-04	-3.93612182431115663175680311618e-2	4.34864261389899578383521655965e-3
9.060e-04	-3.93633168423009656630573041669e-2	4.36695166989824989013747026985e-3
9.070e-04	-3.93653568722606794793917504536e-2	4.38532178677166524802045715365e-3
9.080e-04	-3.93673379914114450596206434333e-2	4.40375340247728276994932650825e-3
9.090e-04	-3.93692594163165332256543849032e-2	4.42224745919984716054912935592e-3
9.100e-04	-3.93711216632180618833595028223e-2	4.44080342069661109594531762206e-3
9.110e-04	-3.93729239436819731447483643453e-2	4.45942223660155427315080038282e-3
9.120e-04	-3.93746658951942476816302443267e-2	4.47810437312627268682955344923e-3
9.130e-04	-3.93763466902531203659589218611e-2	4.49685082902834295929682606918e-3
9.140e-04	-3.93779668681934101438717291765e-2	4.51566104261260372333860735326e-3
9.150e-04	-3.93795251245639251984527845225e-2	4.53453656055478404291642298031e-3
9.160e-04	-3.93810220104412324016282633910e-2	4.55347680822604623274404489880e-3
9.170e-04	-3.93824561855682781567837650678e-2	4.57248337760720041113511047965e-3
9.180e-04	-3.93838282128734245521905670196e-2	4.59155568102401908532333259180e-3
9.190e-04	-3.93851367150395159813763649192e-2	4.61069535738741694325997175154e-3
9.200e-04	-3.93863817646268971562668816548e-2	4.62990238351829574122032257418e-3
9.210e-04	-3.93875629440970764007265428784e-2	4.64917729965495941065951875964e-3
9.220e-04	-3.93886798290736188321479315604e-2	4.66852065522074312410345534572e-3
9.230e-04	-3.93897319881751152043956105864e-2	4.68793300904532744157111132591e-3
9.240e-04	-3.93907189828429286518462921974e-2	4.70741492959302839394338796518e-3
9.250e-04	-3.93916403671635166284854159067e-2	4.72696699519833318050024999449e-3
9.260e-04	-3.93924956876851159689381958201e-2	4.74658979430896362655169577867e-3
9.270e-04	-3.93932844832285691270312884280e-2	4.76628392573676268665078261462e-3
9.280e-04	-3.93940062846920592409885803019e-2	4.78604999891671313055275804095e-3
9.290e-04	-3.93946600505874220846504394458e-2	4.80588928807045741822262719670e-3
9.300e-04	-3.93952464164792967760470690989e-2	4.82580112603356014899737544103e-3
9.310e-04	-3.93957643312890134824579647829e-2	4.84578680065423572555643121526e-3
9.320e-04	-3.93962127053166422370206862464e-2	4.86584764838278818773232321214e-3
9.330e-04	-3.93965921925862984309612404626e-2	4.88598298202732513608655832179e-3
9.340e-04	-3.93969010903399841112460614544e-2	4.90619485411173185653043993551e-3
9.350e-04	-3.93971394544405090089020905686e-2	4.92648327515285859738366811558e-3
9.360e-04	-3.93973073627589695571647525672e-2	4.94684822942838959092611363138e-3
9.370e-04	-3.93974030356826395948894372729e-2	4.96729186749935772649454704862e-3
9.380e-04	-3.93974265226690290779588694053e-2	4.98781421084735594443839756768e-3
9.390e-04	-3.93973772521640706250813606309e-2	5.00841600605897453301231430960e-3
9.400e-04	-3.93972546417598835299922751864e-2	5.02909801423630406504381882913e-3
9.410e-04	-3.93970580978928320056492329431e-2	5.04986101139824441006001836766e-3
9.420e-04	-3.93967870155307334786646894858e-2	5.07070578889627777223081906826e-3
9.430e-04	-3.93964407778487339346288603969e-2	5.09163315384534845136957525573e-3
9.440e-04	-3.93960187558933416586693606538e-2	5.11264392957052616356077306703e-3
9.450e-04	-3.93955203082340834711013380961e-2	5.13373895607016601000318762812e-3
9.460e-04	-3.93949440733538166791463840654e-2	5.15491992162756751387579573868e-3
9.470e-04	-3.93942907885946154973943721756e-2	5.17618605082706577202495081154e-3
9.480e-04	-3.93935590751375642683101289895e-2	5.19753905593573355778539468511e-3
9.490e-04	-3.93927475011146711977336504439e-2	5.21898071654684580740277394842e-3
9.500e-04	-3.93918568203937993587128273544e-2	5.24051024046457180585612748367e-3
9.510e-04	-3.93908848245161034145215272378e-2	5.26213032744016333916228462326e-3
9.520e-04	-3.93898315100382148607694212713e-2	5.28384108147900191657812114229e-3
9.530e-04	-3.93886968994868145771397540129e-2	5.30564257556100623690619942308e-3
9.540e-04	-3.93874786743604722877915444720e-2	5.32753765093167356154252069516e-3
9.550e-04	-3.93861768133859242696359546754e-2	5.34952643800480621274273136094e-3
9.560e-04	-3.93847905101285457468859707027e-2	5.37160999713154218817764447858e-3
9.570e-04	-3.93833197635223356339955520352e-2	5.39378843655096161247881717207e-3
9.580e-04	-3.93817620959669478646172539785e-2	5.41606480228030901324135945695e-3
9.590e-04	-3.93801174574140271118705621154e-2	5.43843926696130006649624316377e-3
9.600e-04	-3.93783849663581544621256724068e-2	5.46091299105689383074493082968e-3
9.610e-04	-3.93765637209630840636854011965e-2	5.48348716215128807394789373912e-3
9.620e-04	-3.93746519146370130636279533036e-2	5.50616404758250747476887538012e-3
9.630e-04	-3.93726503575477311181021098375e-2	5.52894280448208370236418981455e-3
9.640e-04	-3.93705572114561225901876583519e-2	5.55182574339189671609744022280e-3
9.650e-04	-3.93683714861072272148743481558e-2	5.57481416982336544168902849155e-3
9.660e-04	-3.93660912309614210372870708823e-2	5.59791053900993386513633233988e-3
9.670e-04	-3.93637172656154483764318433593e-2	5.62111400361628497762879302636e-3
9.680e-04	-3.93612476023661890922480761285e-2	5.64442706945891344523136927249e-3
9.690e-04	-3.93586801713288268693608157794e-2	5.66785234773943814266774152376e-3
9.700e-04	-3.93560157952444527919020257965e-2	5.69138899320628707714157374527e-3
9.710e-04	-3.93532513545265402755876356330e-2	5.71504088173185905718342066487e-3
9.720e-04	-3.93503866489403733484638905222e-2	5.73880839923452339836230228684e-3
9.730e-04	-3.93474215073498815119879408981e-2	5.76269189719497624704686284329e-3
9.740e-04	-3.93443526276661652189709038912e-2	5.78669548822520379888833119244e-3
9.750e-04	-3.93411797580588004476215974602e-2	5.81081963025184639707897838277e-3
9.760e-04	-3.93379015893818493999012651420e-2	5.83506605385192824816251095272e-3
9.770e-04	-3.93345178796940202988212638533e-2	5.85943520939365122740566349249e-3
9.780e-04	-3.93310250575799279329233995210e-2	5.88393155942004576186334885326e-3
9.790e-04	-3.93274227883225312859209795508e-2	5.90855567677904833355963379123e-3
9.800e-04	-3.93237096104914095097328343181e-2	5.93330949497108078100862940089e-3
9.810e-04	-3.93198840206593686881896676692e-2	5.95819500345193799705758650388e-3
9.820e-04	-3.93159432796598193749324467541e-2	5.98321569053345128801600192704e-3
9.830e-04	-3.93118881598416671911329650577e-2	6.00837080747350731399614134581e-3
9.840e-04	-3.93077158474982984807762437541e-2	6.03366394309304440266516702622e-3
9.850e-04	-3.93034246528563817692041046629e-2	6.05909733510213445109316517751e-3
9.860e-04	-3.92990115641468380948388508521e-2	6.08467483000573836957036880494e-3
9.870e-04	-3.92944773058959601063400722328e-2	6.11039575261795865555693888467e-3
9.880e-04	-3.92898187761933683466157002624e-2	6.13626407076764083245559958990e-3
9.890e-04	-3.92850327305574852723748848139e-2	6.16228393706806660800436201088e-3
9.900e-04	-3.92801198420409813931551145138e-2	6.18845475255672992473625347006e-3
9.910e-04	-3.92750753831312886518845131740e-2	6.21478248790556575791281266310e-3
9.920e-04	-3.92698999834106371556138790416e-2	6.24126660729623419872788942426e-3
9.930e-04	-3.92645886864225897342513598038e-2	6.26791338098410797986439091352e-3
9.940e-04	-3.92591406197874443063574642884e-2	6.29472411639769343485121192026e-3
9.950e-04	-3.92535549294753285853837348314e-2	6.32170010199053492424298280005e-3
9.960e-04	-3.92478262810349443915454215693e-2	6.34884810316935525754527077787e-3
9.970e-04	-3.92419536279312503580786490548e-2	6.37616966332411299916036754193e-3
9.980e-04	-3.92359343835630256953425934946e-2	6.40366821444775645495046103238e-3
9.990e-04	-3.92297658663794952138607728334e-2	6.43134731494928792903616123806e-3
1.000e-03	-3.92234452948666213666039308752e-2	6.45921065632423492710655106376e-3
1.001e-03	-3.92169697821864148632247424183e-2	6.48726207028660275909079330841e-3
1.002e-03	-3.92103363304393797891609356944e-2	6.51550553640204200556147357172e-3
1.003e-03	-3.92035418245171145485422356028e-2	6.54394519026607802445028399655e-3
1.004e-03	-3.91965830255086192449554252069e-2	6.57258533227586324937422358649e-3
1.005e-03	-3.91894565636199606318156460484e-2	6.60143043704909648492767003885e-3
1.006e-03	-3.91821589305625564267106581309e-2	6.63048516354958790462838521732e-3
1.007e-03	-3.91746864713603906200804062261e-2	6.65975436598552831756615209146e-3
1.008e-03	-3.91670335105800524192174834504e-2	6.68924540562102414294623931608e-3
1.009e-03	-3.91591997663446754248245407146e-2	6.71895900974917390560584673775e-3
1.010e-03	-3.91511792579728286487107295407e-2	6.74890294750727784236309463219e-3
1.011e-03	-3.91429656710647438351531292142e-2	6.77908542555594871016992420416e-3
1.012e-03	-3.91345583840269177004216971139e-2	6.80950763319515690416632263778e-3
1.013e-03	-3.91259507106672782686477362052e-2	6.84017827353206382789731994180e-3
1.014e-03	-3.91171355776250299003438411354e-2	6.87110655801873754878051636992e-3
1.015e-03	-3.91081119260955913635043671260e-2	6.90229426803357878350144485168e-3
1.016e-03	-3.90988700366739430626107414592e-2	6.93375394248465976339956372435e-3
1.017e-03	-3.90894062547658931981959865204e-2	6.96549062683193204872369373156e-3
1.018e-03	-3.90797168122325409770275933460e-2	6.99750952484586653815841406334e-3
1.019e-03	-3.90697908210368682350764713754e-2	7.02982471943244422462886778445e-3
1.020e-03	-3.90596238018062257191999432654e-2	7.06244235875180725385777826030e-3
1.021e-03	-3.90492111083238526999536538496e-2	7.09536882046786974394104332152e-3
1.022e-03	-3.90385404335510800054212045508e-2	7.12862006393732440490723306550e-3
1.023e-03	-3.90276062451202381864140328636e-2	7.16220364371775055242114835101e-3
1.024e-03	-3.90164001567416204525118989014e-2	7.19613070900078395981999432446e-3
1.025e-03	-3.90049132732301495447502476118e-2	7.23041308588344563808318851459e-3
1.026e-03	-3.89931361458183553024433063105e-2	7.26506333678054844791161760929e-3
1.027e-03	-3.89810587222766990436475553621e-2	7.30009482673886217795087536018e-3
1.028e-03	-3.89686702910828601435066247323e-2	7.33552179766083517706981471642e-3
1.029e-03	-3.89559594187469878415153863466e-2	7.37135945162452805818122957978e-3
1.030e-03	-3.89429138792369459359070179385e-2	7.40762404470295390048793532532e-3
1.031e-03	-3.89295205742492674425695809856e-2	7.44433299294950184318203314934e-3
1.032e-03	-3.89157654428289449741015450389e-2	7.48150499253843034273284463145e-3
1.033e-03	-3.89016333585427551864857375443e-2	7.51916015644590269493312057543e-3
1.034e-03	-3.88871080120415184997966235963e-2	7.55732017054767099431359843709e-3
1.035e-03	-3.88721717763868209961559351904e-2	7.59600847262047395010188923407e-3
1.036e-03	-3.88568019736383488947015221683e-2	7.63525498162712181706336259182e-3
1.037e-03	-3.88409848993804788098681021465e-2	7.67507838644452055384936210172e-3
1.038e-03	-3.88246944655313051196121540004e-2	7.71551314221565886907692289931e-3
1.039e-03	-3.88079059539768178050982174518e-2	7.75659211429774323640448174057e-3
1.040e-03	-3.87905922548965717061255089665e-2	7.79835134746273177574604232132e-3
1.041e-03	-3.87727193334015117045938610241e-2	7.84083584553589331873915969588e-3
1.042e-03	-3.87542624544021369355957061909e-2	7.88407898642477703547965282299e-3
1.043e-03	-3.87351809664836663243951821954e-2	7.92813457135463568901853854311e-3
1.044e-03	-3.87154293994612208305488801465e-2	7.97306279518979114977157573153e-3
1.045e-03	-3.86949711928147821118974152598e-2	8.01891276979304623310829420328e-3
1.046e-03	-3.86737503324785181787361883650e-2	8.06575870601080369944815375852e-3
1.047e-03	-3.86517031554784041583171993081e-2	8.11368496780918628066316966756e-3
1.048e-03	-3.86287733082355750743427097474e-2	8.16276698847997668596639253034e-3
1.049e-03	-3.86048790948842602502977736167e-2	8.21311309803651883685787928491e-3
1.050e-03	-3.85799255970898659612009781290e-2	8.26484918324300895085882930607e-3
1.051e-03	-3.85538205237812584646251956460e-2	8.31809844845391142990401490772e-3
1.052e-03	-3.85264349768172179231935033716e-2	8.37303193146179950314949203372e-3
1.053e-03	-3.84976214128337653126889083625e-2	8.42984570817832340262458550592e-3
1.054e-03	-3.84672004993848006447097755552e-2	8.48877808660413713035308852812e-3
1.055e-03	-3.84349505689668982463502475385e-2	8.55012361453394897284581515554e-3
1.056e-03	-3.84005920896219620369782031325e-2	8.61425370575098781421634489893e-3
1.057e-03	-3.83637639283649839803696929298e-2	8.68164816586567998388363281001e-3
1.058e-03	-3.83239853832371195105912085631e-2	8.75294561776306443864323465746e-3
1.059e-03	-3.82805919089938322389922814428e-2	8.82902886150740184424819390232e-3
1.060e-03	-3.82326308173756751790217860544e-2	8.91116369042829646901928377759e-3
1.061e-03	-3.81785919514715712238828125138e-2	9.00135564001314043110656681777e-3
1.062e-03	-3.81158988716785278962131684073e-2	9.10302653705565458418518920235e-3
1.063e-03	-3.80393689003944333967252107191e-2	9.22305935572288807486644252602e-3
1.064e-03	-3.79344847657285920817030676628e-2	9.38073177624258654600729484153e-3
