0.000e+00	-3.12500000000000000000000000000e-2	0
1.000e-06	-3.12560046086256838701340064980e-2	0
2.000e-06	-3.12620184370220273237866039995e-2	0
3.000e-06	-3.12680414890052656310005034422e-2	0
4.000e-06	-3.12740737684414463857254073628e-2	0
5.000e-06	-3.12801152792465341136063489022e-2	0
6.000e-06	-3.12861660253865169426095830279e-2	0
7.000e-06	-3.12922260108775153470558013647e-2	0
8.000e-06	-3.12982952397858929759013195027e-2	0
9.000e-06	-3.13043737162283695763714099886e-2	0
1.000e-05	-3.13104614443721360243160218925e-2	0
1.100e-05	-3.13165584284349714729268122550e-2	0
1.200e-05	-3.13226646726853626317257900336e-2	0
1.300e-05	-3.13287801814426251880100154867e-2	0
1.400e-05	-3.13349049590770273832137836247e-2	0
1.500e-05	-3.13410390100099157569296300261e-2	0
1.600e-05	-3.13471823387138430716124254675e-2	0
1.700e-05	-3.13533349497126984312766094542e-2	0
1.800e-05	-3.13594968475818396077864157662e-2	0
1.900e-05	-3.13656680369482275886303455739e-2	0
2.000e-05	-3.13718485224905633603675059681e-2	0
2.100e-05	-3.13780383089394269422328834546e-2	0
2.200e-05	-3.13842374010774186846924253011e-2	0
2.300e-05	-3.13904458037393028480342820017e-2	0
2.400e-05	-3.13966635218121534764213777255e-2	0
2.500e-05	-3.14028905602355025831018130672e-2	0
2.600e-05	-3.14091269240014906628291116492e-2	0
2.700e-05	-3.14153726181550195478452678181e-2	0
2.800e-05	-3.14216276477939076241113906982e-2	0
2.900e-05	-3.14278920180690474247998254433e-2	0
3.000e-05	-3.14341657341845656183955660466e-2	0
3.100e-05	-3.14404488013979854090929925566e-2	0
3.200e-05	-3.14467412250203913675211450643e-2	0
3.300e-05	-3.14530430104165967101639875136e-2	0
3.400e-05	-3.14593541630053130462166792382e-2	0
3.500e-05	-3.14656746882593226109590344938e-2	0
3.600e-05	-3.14720045917056530050917013547e-2	0
3.700e-05	-3.14783438789257544598566027188e-2	0
3.800e-05	-3.14846925555556796481146480966e-2	0
3.900e-05	-3.14910506272862660619676615012e-2	0
4.000e-05	-3.14974180998633209778579073394e-2	0
4.100e-05	-3.15037949790878090304691339681e-2	0
4.200e-05	-3.15101812708160424171960702996e-2	0
4.300e-05	-3.15165769809598737552701010962e-2	0
4.400e-05	-3.15229821154868916141041579165e-2	0
4.500e-05	-3.15293966804206187458042547429e-2	0
4.600e-05	-3.15358206818407130371845681735e-2	0
4.700e-05	-3.15422541258831712071292407148e-2	0
4.800e-05	-3.15486970187405352734541508640e-2	0
4.900e-05	-3.15551493666621018140050214408e-2	0
5.000e-05	-3.15616111759541340470131669322e-2	0
5.100e-05	-3.15680824529800767563483291200e-2	0
5.200e-05	-3.15745632041607740876005112461e-2	0
5.300e-05	-3.15810534359746902415438275569e-2	0
5.400e-05	-3.15875531549581330918817301719e-2	0
5.500e-05	-3.15940623677054807547299822350e-2	0
5.600e-05	-3.16005810808694111377797428873e-2	0
5.700e-05	-3.16071093011611344975036336239e-2	0
5.800e-05	-3.16136470353506290334137946861e-2	0
5.900e-05	-3.16201942902668795487269057340e-2	0
6.000e-05	-3.16267510727981192074518893770e-2	0
6.100e-05	-3.16333173898920744183909945004e-2	0
6.200e-05	-3.16398932485562128770417622230e-2	0
6.300e-05	-3.16464786558579947970446307059e-2	0
6.400e-05	-3.16530736189251273632762576899e-2	0
6.500e-05	-3.16596781449458224392914017440e-2	0
6.600e-05	-3.16662922411690575624456387361e-2	0
6.700e-05	-3.16729159149048402605344960185e-2	0
6.800e-05	-3.16795491735244757244223891684e-2	0
6.900e-05	-3.16861920244608378717789471143e-2	0
7.000e-05	-3.16928444752086438376167669821e-2	0
7.100e-05	-3.16995065333247319279259438558e-2	0
7.200e-05	-3.17061782064283430734279846212e-2	0
7.300e-05	-3.17128595022014058211132346728e-2	0
7.400e-05	-3.17195504283888249017704558097e-2	0
7.500e-05	-3.17262509927987734125301517153e-2	0
7.600e-05	-3.17329612033029886541348422450e-2	0
7.700e-05	-3.17396810678370716633630029569e-2	0
7.800e-05	-3.17464105944007904813263201888e-2	0
7.900e-05	-3.17531497910583872001108666652e-2	0
8.000e-05	-3.17598986659388888296986653493e-2	0
8.100e-05	-3.17666572272364220288731533357e-2	0
8.200e-05	-3.17734254832105317441114079850e-2	0
8.300e-05	-3.17802034421865038013016213830e-2	0
8.400e-05	-3.17869911125556914960091073982e-2	0
8.500e-05	-3.17937885027758462288412521889e-2	0
8.600e-05	-3.18005956213714522331793016536e-2	0
8.700e-05	-3.18074124769340654435527525808e-2	0
8.800e-05	-3.18142390781226565536663932098e-2	0
8.900e-05	-3.18210754336639583140476588188e-2	0
9.000e-05	-3.18279215523528171201595159064e-2	0
9.100e-05	-3.18347774430525489427671690408e-2	0
9.200e-05	-3.18416431146952996532780538842e-2	0
9.300e-05	-3.18485185762824097977022903449e-2	0
9.400e-05	-3.18554038368847838739017008000e-2	0
9.500e-05	-3.18622989056432641677461814500e-2	0
9.600e-05	-3.18692037917690092049938525800e-2	0
9.700e-05	-3.18761185045438768762736005758e-2	0
9.800e-05	-3.18830430533208122944453830409e-2	0
9.900e-05	-3.18899774475242404434448412282e-2	0
1.000e-04	-3.18969216966504636806882923332e-2	0
1.010e-04	-3.19038758102680641537694534738e-2	0
1.020e-04	-3.19108397980183111958869233325e-2	0
1.030e-04	-3.19178136696155737637284278814e-2	0
1.040e-04	-3.19247974348477379836844222966e-2	0
1.050e-04	-3.19317911035766298732130638814e-2	0
1.060e-04	-3.19387946857384433054705070170e-2	0
1.070e-04	-3.19458081913441732866020649509e-2	0
1.080e-04	-3.19528316304800546164097414473e-2	0
1.090e-04	-3.19598650133080060044538253285e-2	0
1.100e-04	-3.19669083500660797150090039034e-2	0
1.110e-04	-3.19739616510689168156997154049e-2	0
1.120e-04	-3.19810249267082081060746791070e-2	0
1.130e-04	-3.19880981874531608038452292616e-2	0
1.140e-04	-3.19951814438509710680089734593e-2	0
1.150e-04	-3.20022747065273024396120348633e-2	0
1.160e-04	-3.20093779861867702824740222620e-2	0
1.170e-04	-3.20164912936134323078033490061e-2	0
1.180e-04	-3.20236146396712852682679033562e-2	0
1.190e-04	-3.20307480353047679087657294267e-2	0
1.200e-04	-3.20378914915392702628601219680e-2	0
1.210e-04	-3.20450450194816493856108391492e-2	0
1.220e-04	-3.20522086303207516152073320951e-2	0
1.230e-04	-3.20593823353279414581886257651e-2	0
1.240e-04	-3.20665661458576371936958489676e-2	0
1.250e-04	-3.20737600733478532959387599968e-2	0
1.260e-04	-3.20809641293207497740979191658e-2	0
1.270e-04	-3.20881783253831885325961263440e-2	0
1.280e-04	-3.20954026732272968555473402337e-2	0
1.290e-04	-3.21026371846310381219538505657e-2	0
1.300e-04	-3.21098818714587898601939427207e-2	0
1.310e-04	-3.21171367456619292526081050205e-2	0
1.320e-04	-3.21244018192794262032819636885e-2	0
1.330e-04	-3.21316771044384440844720157583e-2	0
1.340e-04	-3.21389626133549482795275131346e-2	0
1.350e-04	-3.21462583583343226426307184421e-2	0
1.360e-04	-3.21535643517719939982093856134e-2	0
1.370e-04	-3.21608806061540648054727527158e-2	0
1.380e-04	-3.21682071340579541161868012700e-2	0
1.390e-04	-3.21755439481530469565386696492e-2	0
1.400e-04	-3.21828910612013522667460333428e-2	0
1.410e-04	-3.21902484860581695349473557775e-2	0
1.420e-04	-3.21976162356727642648656194732e-2	0
1.430e-04	-3.22049943230890524197740172846e-2	0
1.440e-04	-3.22123827614462939884097706864e-2	0
1.450e-04	-3.22197815639797958216845093625e-2	0
1.460e-04	-3.22271907440216238923293723931e-2	0
1.470e-04	-3.22346103150013251329931760209e-2	0
1.480e-04	-3.22420402904466590117857644253e-2	0
1.490e-04	-3.22494806839843390078292811258e-2	0
1.500e-04	-3.22569315093407841530509747912e-2	0
1.510e-04	-3.22643927803428808102258398850e-2	0
1.520e-04	-3.22718645109187548611596038426e-2	0
1.530e-04	-3.22793467150985544828961901648e-2	0
1.540e-04	-3.22868394070152436939428704366e-2	0
1.550e-04	-3.22943426009054068567351149046e-2	0
1.560e-04	-3.23018563111100643269161075322e-2	0
1.570e-04	-3.23093805520754994444876649547e-2	1.32042585346996626224626216760e-20
1.580e-04	-3.23169153383540970665047715721e-2	1.93601966301038050585900966969e-20
1.590e-04	-3.23244606846051938457402352676e-2	2.82421224811790321049892868198e-20
1.600e-04	-3.23320166055959404646444535827e-2	4.09937924024968947952184515788e-20
1.610e-04	-3.23395831162021760389736016229e-2	5.92124026284520390712866856409e-20
1.620e-04	-3.23471602314093149106636406763e-2	8.51178863056983084865898378764e-20
1.630e-04	-3.23547479663132460548936363709e-2	1.21781509319003297774500064348e-19
1.640e-04	-3.23623463361212453318165291511e-2	1.73433159111809449182320521529e-19
1.650e-04	-3.23699553561529008191456275504e-2	2.45872609597031515459890911144e-19
1.660e-04	-3.23775750418410514676779771322e-2	3.47017582368572673242612959643e-19
1.670e-04	-3.23852054087327393279190720061e-2	4.87631030738884854154646296615e-19
1.680e-04	-3.23928464724901756022552216975e-2	6.82282266940546323522615681149e-19
1.690e-04	-3.24004982488917207836088158364e-2	9.50611968864418850761225807784e-19
1.700e-04	-3.24081607538328791482167772195e-2	1.31899051609306897252286242564e-18
1.710e-04	-3.24158340033273078771032102918e-2	1.82268345780414596672561868838e-18
1.720e-04	-3.24235180135078410879837372656e-2	2.50866834793701632225587778445e-18
1.730e-04	-3.24312128006275290667519556451e-2	3.43928507304932918497700374731e-18
1.740e-04	-3.24389183810606929953691631521e-2	4.69694880024545844035995521682e-18
1.750e-04	-3.24466347713039954809189613461e-2	6.39021276670086929568660219867e-18
1.760e-04	-3.24543619879775271988112617741e-2	8.66153968693548647787590533648e-18
1.770e-04	-3.24621000478259099716390299991e-2	1.16972283774796424295850350459e-17
1.780e-04	-3.24698489677194166140200703924e-2	1.57400496289938496777266024224e-17
1.790e-04	-3.24776087646551078829103904994e-2	2.11052763221863909587499641188e-17
1.800e-04	-3.24853794557579868823712071534e-2	2.82009519295061508602236659583e-17
1.810e-04	-3.24931610582821712816254464733e-2	3.75534342931365674263089962206e-17
1.820e-04	-3.25009535896120837154696399490e-2	4.98394842921038396139730627598e-17
1.830e-04	-3.25087570672636607467324925886e-2	6.59264490939932263706935178735e-17
1.840e-04	-3.25165715088855807815122862868e-2	8.69224257685164653234245900585e-17
1.850e-04	-3.25243969322605113394030543676e-2	1.14238693055517900594574425567e-16
1.860e-04	-3.25322333553063760928567322465e-2	1.49667178588129555431883225445e-16
1.870e-04	-3.25400807960776421022491586345e-2	1.95476299058923153614680901860e-16
1.880e-04	-3.25479392727666276861471228158e-2	2.54529186994083018720518501725e-16
1.890e-04	-3.25558088037048313797382756578e-2	3.30429117264289216396248780885e-16
1.900e-04	-3.25636894073642824484137406659e-2	4.27697889228430474637057055665e-16
1.910e-04	-3.25715811023589134381142619039e-2	5.51994028857498148693191999685e-16
1.920e-04	-3.25794839074459552592958220616e-2	7.10378975286845235231502688129e-16
1.930e-04	-3.25873978415273553172725314755e-2	9.11640936708053645002645891568e-16
1.940e-04	-3.25953229236512192182874888402e-2	1.16668787424749897660567115559e-15
1.950e-04	-3.26032591730132765979821105682e-2	1.48902313646670802095306333240e-15
1.960e-04	-3.26112066089583716370185911795e-2	1.89531966219916759380647725030e-15
1.970e-04	-3.26191652509819788474977682171e-2	2.40611144274490036875489068969e-15
1.980e-04	-3.26271351187317447335463845034e-2	3.04662413658560933739257767529e-15
1.990e-04	-3.26351162320090559500657833511e-2	3.84777041970612450805865653995e-15
2.000e-04	-3.26431086107706346051821585069e-2	4.84733989393260195738634391724e-15
2.010e-04	-3.26511122751301613744617674376e-2	6.09141823832541090598601099946e-15
2.020e-04	-3.26591272453599271184995131375e-2	7.63607584966695087359552547011e-15
2.030e-04	-3.26671535418925137201037590004e-2	9.54937256515208149527645506292e-15
2.040e-04	-3.26751911853225048830330303877e-2	1.19137322898426265866201172340e-14
2.050e-04	-3.26832401964082276611412007713e-2	1.48287495612453353833564859046e-14
2.060e-04	-3.26913005960735255149074624418e-2	1.84144993965319884708368316958e-14
2.070e-04	-3.26993724054095637217170117942e-2	2.28154322989500964622773179709e-14
2.080e-04	-3.27074556456766679969694355024e-2	2.82049481883703344227263594910e-14
2.090e-04	-3.27155503383061972151758223667e-2	3.47907564187865356841599380633e-14
2.100e-04	-3.27236565049024511537139568981e-2	4.28211440921992395743978519469e-14
2.110e-04	-3.27317741672446142168943026614e-2	5.25922917762016293025164830962e-14
2.120e-04	-3.27399033472887361344976293380e-2	6.44567946349366425771639281501e-14
2.130e-04	-3.27480440671697506670264876317e-2	7.88335681113010167538345050410e-14
2.140e-04	-3.27561963492035333896138925667e-2	9.62193408496491405112890436075e-14
2.150e-04	-3.27643602158889996678978496904e-2	1.17201963780668169139780534743e-13
2.160e-04	-3.27725356899102439822412497785e-2	1.42475793383544666644072731015e-13
2.170e-04	-3.27807227941387218014912957297e-2	1.72859439452296742691323187284e-13
2.180e-04	-3.27889215516354752540651732228e-2	2.09316203400513388900084608848e-13
2.190e-04	-3.27971319856534038925486971882e-2	2.52977572601944870779176995246e-13
2.200e-04	-3.28053541196395818982264502466e-2	3.05170179763915151860178163166e-13
2.210e-04	-3.28135879772376231240437906685e-2	3.67446684200837358608377767868e-13
2.220e-04	-3.28218335822900954284446411142e-2	4.41621084459489832308280965701e-13
2.230e-04	-3.28300909588409858083382786111e-2	5.29809029407469050135810613713e-13
2.240e-04	-3.28383601311382178971192386171e-2	6.34473758009779241407800352917e-13
2.250e-04	-3.28466411236362234531836005263e-2	7.58478366981136772497589185596e-13
2.260e-04	-3.28549339609985695257290338802e-2	9.05145180725124318235802464802e-13
2.270e-04	-3.28632386681006430477608820490e-2	1.07832307988382984708291023464e-12
2.280e-04	-3.28715552700323946711063104756e-2	1.28246373386663157172361141714e-12
2.290e-04	-3.28798837921011437248045392131e-2	1.52270777936280813907572472668e-12
2.300e-04	-3.28882242598344462464212042668e-2	1.80498209154217552450852298783e-12
2.310e-04	-3.28965766989830281055422107489e-2	2.13610940789655367492076251417e-12
2.320e-04	-3.29049411355237853098348519157e-2	2.52393168697005095689384728159e-12
2.330e-04	-3.29133175956628536565028867156e-2	2.97744871607606492233682818817e-12
2.340e-04	-3.29217061058387499655718053828e-2	3.50697362402086300388045528200e-12
2.350e-04	-3.29301066927255872060665664983e-2	4.12430710737252878206481209376e-12
2.360e-04	-3.29385193832363659016134909355e-2	4.84293234246063400251474466560e-12
2.370e-04	-3.29469442045263442781176204984e-2	5.67823273060076553106602766860e-12
2.380e-04	-3.29553811839964896927228109366e-2	6.64773481154527335282300392309e-12
2.390e-04	-3.29638303492970139600187607468e-2	7.77137888040303302821509972883e-12
2.400e-04	-3.29722917283309952681593532032e-2	9.07182005677935658786071254596e-12
2.410e-04	-3.29807653492580894539195368733e-2	1.05747627821895499492985392736e-11
2.420e-04	-3.29892512404983334814393730803e-2	1.23093319634147268303835681054e-11
2.430e-04	-3.29977494307360440441554067414e-2	1.43084842359037571329838003489e-11
2.440e-04	-3.30062599489238142828486400819e-2	1.66094630930736631080014281983e-11
2.450e-04	-3.30147828242866116844669634097e-2	1.92543019148977685751653339140e-11
2.460e-04	-3.30233180863259802960051325326e-2	2.22903792329508597162170459028e-11
2.470e-04	-3.30318657648243504548186953419e-2	2.57710308895334606227440026413e-11
2.480e-04	-3.30404258898494593008554022628e-2	2.97562240860249095347288927055e-11
2.490e-04	-3.30489984917588853969292213593e-2	3.43132986705872892915427842157e-11
2.500e-04	-3.30575836012047008398326332286e-2	3.95177813880938526321814053520e-11
2.510e-04	-3.30661812491382442972523750270e-2	4.54542792059813165593166084844e-11
2.520e-04	-3.30747914668150184525663112065e-2	5.22174582388767345137630643964e-11
2.530e-04	-3.30834142857997153810769203881e-2	5.99131152225305523796147941199e-11
2.540e-04	-3.30920497379713734164725152506e-2	6.86593489339503248502779317364e-11
2.550e-04	-3.31006978555286690946801588868e-2	7.85878394197711873241195854183e-11
2.560e-04	-3.31093586709953477831298247841e-2	8.98452433788565971643862588829e-11
2.570e-04	-3.31180322172257966161219605438e-2	1.02594714547869325200061352022e-10
2.580e-04	-3.31267185274107633607892500884e-2	1.17017558459993590321748774485e-10
2.590e-04	-3.31354176350832248323566205553e-2	1.33315031486958128706420774991e-10
2.600e-04	-3.31441295741244084613182412050e-2	1.51710294632764624816432900243e-10
2.610e-04	-3.31528543787699705879982667381e-2	1.72450533123744413445179406772e-10
2.620e-04	-3.31615920836163350210313727356e-2	1.95809253433343409139063816767e-10
2.630e-04	-3.31703427236271953447661312590e-2	2.22088769990878541764148653972e-10
2.640e-04	-3.31791063341401843957545097950e-2	2.51622894450835790591300992198e-10
2.650e-04	-3.31878829508737142494709722462e-2	2.84779841042413626675580648703e-10
2.660e-04	-3.31966726099339899645043135521e-2	3.21965362177182760042199670330e-10
2.670e-04	-3.32054753478222002218323078615e-2	3.63626129165060136482620290358e-10
2.680e-04	-3.32142912014418878706453714214e-2	4.10253373574306136254232578596e-10
2.690e-04	-3.32231202081065032487507891629e-2	4.62386805473476261764236461446e-10
2.700e-04	-3.32319624055471429840702727236e-2	5.20618825470090394471473195555e-10
2.710e-04	-3.32408178319204768033330465065e-2	5.85599048272393410013260812477e-10
2.720e-04	-3.32496865258168646741166780838e-2	6.58039156073767945175250224654e-10
2.730e-04	-3.32585685262686663858976910505e-2	7.38718100943051839572159088994e-10
2.740e-04	-3.32674638727587454343112229540e-2	8.28487676053174573059467887068e-10
2.750e-04	-3.32763726052291688095224026830e-2	9.28278476351102159019936442798e-10
2.760e-04	-3.32852947640901040036395606985e-2	1.03910627001081978096175915082e-9
2.770e-04	-3.32942303902289142430388196325e-2	1.16207880275339018833759000887e-9
2.780e-04	-3.33031795250194526188401579058e-2	1.29840305785780944598512670828e-9
2.790e-04	-3.33121422103315554309312012434e-2	1.44939299542123578716883204319e-9
2.800e-04	-3.33211184885407346794242750529e-2	1.61647779515487545680946145606e-9
2.810e-04	-3.33301084025380692290222896451e-2	1.80121062771994445717063547456e-9
2.820e-04	-3.33391119957402937381378352231e-2	2.00527798031415095530727825557e-9
2.830e-04	-3.33481293121000839851133840014e-2	2.23050956291041736928850639156e-9
2.840e-04	-3.33571603961165367358147468058e-2	2.47888882222333770340570044259e-9
2.850e-04	-3.33662052928458417840932184992e-2	2.75256409113229767805308039208e-9
2.860e-04	-3.33752640479121432546792000431e-2	3.05386040192032891508886145534e-9
2.870e-04	-3.33843367075185866884632001955e-2	3.38529199229158698056876796202e-9
2.880e-04	-3.33934233184585478369881191172e-2	3.74957553370471085387470521485e-9
2.890e-04	-3.34025239281270384611186239652e-2	4.14964411210102929181540022853e-9
2.900e-04	-3.34116385845322837896589533250e-2	4.58866199161233896760369118373e-9
2.910e-04	-3.34207673363074655971573731110e-2	5.07004019229943013458989915871e-9
2.920e-04	-3.34299102327226241700637810828e-2	5.59745291339624875489407166247e-9
2.930e-04	-3.34390673236967116866395020367e-2	6.17485483391207225540811156597e-9
2.940e-04	-3.34482386598097887714103844742e-2	6.80649932277179670706719715554e-9
2.950e-04	-3.34574242923153552116384795937e-2	7.49695759094879769911891716724e-9
2.960e-04	-3.34666242731528049955929739275e-2	8.25113881826220932325304500294e-9
2.970e-04	-3.34758386549599949967460068146e-2	9.07431128766720703754425486064e-9
2.980e-04	-3.34850674910859157788945877290e-2	9.97212455995930096817802546643e-9
2.990e-04	-3.34943108356034520754123410117e-2	1.09506327218380546124413889126e-8
3.000e-04	-3.35035687433222196413571229098e-2	1.20163187402283395365177708425e-8
3.010e-04	-3.35128412698014641793591893723e-2	1.31761199556345323655776985664e-8
3.020e-04	-3.35221284713630071420630860708e-2	1.44374547471012740619417747919e-8
3.030e-04	-3.35314304051042222159251299663e-2	1.58082504010698967581705654622e-8
3.040e-04	-3.35407471289110252880964161892e-2	1.72969722160487636729095492526e-8
3.050e-04	-3.35500787014708597404554767556e-2	1.89126538745549932969959054522e-8
3.060e-04	-3.35594251822856578345712063784e-2	2.06649291132308464564229886922e-8
3.070e-04	-3.35687866316847579311189519776e-2	2.25640647213869998857609282080e-8
3.080e-04	-3.35781631108377562646544020144e-2	2.46209948974736568907768712876e-8
3.090e-04	-3.35875546817672709442112456170e-2	2.68473569921256929363415774448e-8
3.100e-04	-3.35969614073615946949379090118e-2	2.92555286654666509581619773277e-8
3.110e-04	-3.36063833513872118452694729124e-2	3.18586664852853409154884164400e-8
3.120e-04	-3.36158205785011541383550583755e-2	3.46707459915151555941613232579e-8
3.130e-04	-3.36252731542631685082214276470e-2	3.77066032511472715631064906333e-8
3.140e-04	-3.36347411451476691691417661096e-2	4.09819779262919996617335480297e-8
3.150e-04	-3.36442246185554453373049388967e-2	4.45135578765653025299793299952e-8
3.160e-04	-3.36537236428250945886417431763e-2	4.83190253153176889931715093346e-8
3.170e-04	-3.36632382872441508446285368153e-2	5.24171045374382565682058285018e-8
3.180e-04	-3.36727686220598753497840772323e-2	5.68276112345557433379852249684e-8
3.190e-04	-3.36823147184896771777289431274e-2	6.15715034114196392380525436431e-8
3.200e-04	-3.36918766487311295336273842484e-2	6.66709339150761126584930459733e-8
3.210e-04	-3.37014544859715470610242450214e-2	7.21493045861548482753071702180e-8
3.220e-04	-3.37110483043970871603851620510e-2	7.80313220391531871816999065688e-8
3.230e-04	-3.37206581792013400241610123252e-2	8.43430550760420472330081993602e-8
3.240e-04	-3.37302841865933679749177269986e-2	9.11119937348250111656566322212e-8
3.250e-04	-3.37399264038051557478635022876e-2	9.83671099718564883851989269433e-8
3.260e-04	-3.37495849090984336392631807492e-2	1.06138919973768032542439002246e-7
3.270e-04	-3.37592597817708301634466916557e-2	1.14459548091765616118887043650e-7
3.280e-04	-3.37689511021613161872111742438e-2	1.23362792387843284033699641764e-7
3.290e-04	-3.37786589516548969242683092127e-2	1.32884191779115388392796973587e-7
3.300e-04	-3.37883834126865088160800014086e-2	1.43061094762999725243892039470e-7
3.310e-04	-3.37981245687440806711240483893e-2	1.53932729702390082679863264760e-7
3.320e-04	-3.38078825043707116293966690318e-2	1.65540276646244672616081400208e-7
3.330e-04	-3.38176573051659263125281594774e-2	1.77926940657184097761471884152e-7
3.340e-04	-3.38274490577859578934901625518e-2	1.91138026613750724944238099820e-7
3.350e-04	-3.38372578499430177064517250800e-2	2.05221015450925652997028973640e-7
3.360e-04	-3.38470837704035039291460786878e-2	2.20225641798343099683701701097e-7
3.370e-04	-3.38569269089851083223640875027e-2	2.36203972971382280761964167773e-7
3.380e-04	-3.38667873565527646356805773188e-2	2.53210489265971720122432541071e-7
3.390e-04	-3.38766652050134104334511216042e-2	2.71302165503491354253850182923e-7
3.400e-04	-3.38865605473095003801078482340e-2	2.90538553767651843314745723310e-7
3.410e-04	-3.38964734774112300524224760423e-2	3.10981867270630454963638379285e-7
3.420e-04	-3.39064040903074396956143158496e-2	3.32697065281077805108062825321e-7
3.430e-04	-3.39163524819951240201842112936e-2	3.55751939041917244878579172902e-7
3.440e-04	-3.39263187494675362667285012328e-2	3.80217198601062663830783151676e-7
3.450e-04	-3.39363029907008110564319685653e-2	4.06166560473413298714592337691e-7
3.460e-04	-3.39463053046391022236267652301e-2	4.33676836047609729819575568559e-7
3.470e-04	-3.39563257911781444122086426418e-2	4.62828020646242490476727539262e-7
3.480e-04	-3.39663645511472345071739849337e-2	4.93703383143292484859160730423e-7
3.490e-04	-3.39764216862895898039135612387e-2	5.26389556037752629990885281393e-7
3.500e-04	-3.39864972992410121098993887008e-2	5.60976625877573073114866251755e-7
3.510e-04	-3.39965914935068696359048725050e-2	5.97558223923197391047720378202e-7
3.520e-04	-3.40067043734373009392261300735e-2	6.36231616935289652876108065272e-7
3.530e-04	-3.40168360442006725542331823186e-2	6.77097797966429202746165172284e-7
3.540e-04	-3.40269866117551880870578330921e-2	7.20261577032045920835937160292e-7
3.550e-04	-3.40371561828186685205986803810e-2	7.65831671531199064388890249976e-7
3.560e-04	-3.40473448648364506797504068383e-2	8.13920796283427118205334484525e-7
3.570e-04	-3.40575527659473698989651651398e-2	8.64645753043550294514379103431e-7
3.580e-04	-3.40677799949478613879485049381e-2	9.18127519352007186192852847461e-7
3.590e-04	-3.40780266612540085553090386581e-2	9.74491336574551627798188704764e-7
3.600e-04	-3.40882928748616958012757257456e-2	1.03386679698078626700359777431e-6
3.610e-04	-3.40985787463047905837919054087e-2	1.09638792970760140084578672976e-6
3.620e-04	-3.41088843866111837937776457736e-2	1.16219328545030391093668146980e-6
3.630e-04	-3.41192099072569411566515310555e-2	1.23142601972019690849157458215e-6
3.640e-04	-3.41295554201183524450953354184e-2	1.30423397450509380234032467053e-6
3.650e-04	-3.41399210374219503966047112090e-2	1.38076975816596843965862299155e-6
3.660e-04	-3.41503068716925106312199710697e-2	1.46119082340047862919098074778e-6
3.670e-04	-3.41607130356988936410945812804e-2	1.54565954310220700557045568361e-6
3.680e-04	-3.41711396423979935791416941090e-2	1.63434328394157606652796952074e-6
3.690e-04	-3.41815868048765879994230748911e-2	1.72741447749379980497313043418e-6
3.700e-04	-3.41920546362910264084472883697e-2	1.82505068873773297436601073533e-6
3.710e-04	-3.42025432498051129314676958916e-2	1.92743468174732141139769607194e-6
3.720e-04	-3.42130527585259042787460303757e-2	2.03475448239843173528371054209e-6
3.730e-04	-3.42235832754374080457220285927e-2	2.14720343791308348840490746342e-6
3.740e-04	-3.42341349133323848630217532092e-2	2.26498027306256695528364702247e-6
3.750e-04	-3.42447077847424357570538907411e-2	2.38828914285136968025897170172e-6
3.760e-04	-3.42553020018657371048568840699e-2	2.51733968150789983648701273404e-6
3.770e-04	-3.42659176764934605430941087016e-2	2.65234704760340542644425130150e-6
3.780e-04	-3.42765549199338591321375440849e-2	2.79353196512992588433426186202e-6
3.790e-04	-3.42872138429347441389939772002e-2	2.94112076036407933665871166245e-6
3.800e-04	-3.42978945556045916301103354979e-2	3.09534539434755289472061611438e-6
3.810e-04	-3.43085971673313510652469184399e-2	3.25644349082403506405359377196e-6
3.820e-04	-3.43193217867000185657493666103e-2	3.42465835946723879322198055024e-6
3.830e-04	-3.43300685214083815149937963532e-2	3.60023901424633529820669587761e-6
3.840e-04	-3.43408374781820929630423278710e-2	3.78344018677079806514208070320e-6
3.850e-04	-3.43516287626864774262551817027e-2	3.97452233448276984453806517102e-6
3.860e-04	-3.43624424794395835985431490307e-2	4.17375164353060464410793396922e-6
3.870e-04	-3.43732787317209394948906802815e-2	4.38140002622152952719463886320e-6
3.880e-04	-3.43841376214821482533674204155e-2	4.59774511288837864651953752527e-6
3.890e-04	-3.43950192492540554985345051832e-2	4.82307023808242376173452806481e-6
3.900e-04	-3.44059237140542649470864712747e-2	5.05766442095516718515660191908e-6
3.910e-04	-3.44168511132918851856476068438e-2	5.30182233974645001510401768445e-6
3.920e-04	-3.44278015426746133935977517723e-2	5.55584430024386484640198599889e-6
3.930e-04	-3.44387750961123834177105839576e-2	5.82003619816938346160252625128e-6
3.940e-04	-3.44497718656202412163835529946e-2	6.09470947539763576972444915504e-6
3.950e-04	-3.44607919412227554557383531897e-2	6.38018106991622758003237782124e-6
3.960e-04	-3.44718354108564787194417318316e-2	6.67677335949973295544273662695e-6
3.970e-04	-3.44829023602724483102398447757e-2	6.98481409903366242579951597600e-6
3.980e-04	-3.44939928729391573192074653384e-2	7.30463635144656504561203943001e-6
3.990e-04	-3.45051070299428319195571868777e-2	7.63657841225939738267238736318e-6
4.000e-04	-3.45162449098914582178119973789e-2	7.98098372767072994100399601692e-6
4.010e-04	-3.45274065888165709845537590864e-2	8.33820080623837214076560222404e-6
4.020e-04	-3.45385921400768368531290736006e-2	8.70858312412398723021892890349e-6
4.030e-04	-3.45498016342583483541451514810e-2	9.09248902398658138289043760605e-6
4.040e-04	-3.45610351390818422211169656775e-2	9.49028160743118791558893627499e-6
4.050e-04	-3.45722927193028252527101532535e-2	9.90232862124053014421007586371e-6
4.060e-04	-3.45835744366195251311935494358e-2	1.03290023372548216113719193795e-5
4.070e-04	-3.45948803495791836503007365518e-2	1.07706794260944065188329921600e-5
4.080e-04	-3.46062105134823195352872286609e-2	1.12277408248276638492218131959e-5
4.090e-04	-3.46175649802901020349100355829e-2	1.17005715986094810868092659220e-5
4.100e-04	-3.46289437985365672026154995119e-2	1.21895607963637526521053318283e-5
4.110e-04	-3.46403470132398862768519261552e-2	1.26951013007240894428335345036e-5
4.120e-04	-3.46517746658109477701802026882e-2	1.32175896724132908644360317130e-5
4.130e-04	-3.46632267939663372347880440681e-2	1.37574259890922615320818566187e-5
4.140e-04	-3.46747034316505391323094228008e-2	1.43150136787287827637894623289e-5
4.150e-04	-3.46862046089442258285107561203e-2	1.48907593481119811061273689908e-5
4.160e-04	-3.46977303519934767512188360824e-2	1.54850726060142459078595021804e-5
4.170e-04	-3.47092806829238480115676616152e-2	1.60983658819184704275281061263e-5
4.180e-04	-3.47208556197629900530978403021e-2	1.67310542400532925966290860245e-5
4.190e-04	-3.47324551763765430687506759875e-2	1.73835551888049156981246087092e-5
4.200e-04	-3.47440793623872741980531179909e-2	1.80562884864295207129263190956e-5
4.210e-04	-3.47557281831090890465179523138e-2	1.87496759425893780881011856780e-5
4.220e-04	-3.47674016394760584822789351493e-2	1.94641412164248508130998234134e-5
4.230e-04	-3.47790997279971125911314504891e-2	2.02001096106056072082012306633e-5
4.240e-04	-3.47908224406630084034715071155e-2	2.09580078636056393161983964338e-5
4.250e-04	-3.48025697649156819167855020888e-2	2.17382639375048825740055339155e-5
4.260e-04	-3.48143416835971750906808383999e-2	2.25413068037629678078559907904e-5
4.270e-04	-3.48261381748691018371725501892e-2	2.33675662276953174989215089565e-5
4.280e-04	-3.48379592121788153792001584347e-2	2.42174725496556762731176432907e-5
4.290e-04	-3.48498047642290697541929073050e-2	2.50914564643829868032411289789e-5
4.300e-04	-3.48616747949246650152074156374e-2	2.59899487997384936661012271841e-5
4.310e-04	-3.48735692633076577804801362911e-2	2.69133802949136569755739571917e-5
4.320e-04	-3.48854881235695660418868370405e-2	2.78621813752094378720881879351e-5
4.330e-04	-3.48974313249883013203043955839e-2	2.88367819290097730595368634279e-5
4.340e-04	-3.49093988119074109047789645685e-2	2.98376110831895395400219478915e-5
4.350e-04	-3.49213905237111760937849247471e-2	3.08650969788628729515983902342e-5
4.360e-04	-3.49334063948032583376499197620e-2	3.19196665475152562806849201743e-5
4.370e-04	-3.49454463545889169137902077797e-2	3.30017452878241993856707855093e-5
4.380e-04	-3.49575103274608158881506287798e-2	3.41117570434715990325357959895e-5
4.390e-04	-3.49695982327884322285701505077e-2	3.52501237822484105930338348837e-5
4.400e-04	-3.49817099849269879176369319030e-2	3.64172653759857657604074727711e-5
4.410e-04	-3.49938454931514477979524304194e-2	3.76135993861120903050780069240e-5
4.420e-04	-3.50060046617491760657270618482e-2	3.88395408440386790762872287871e-5
4.430e-04	-3.50181873899823216645601337752e-2	4.00955020402047469784620135370e-5
4.440e-04	-3.50303935720549166609829377583e-2	4.13818923161477826122589023366e-5
4.450e-04	-3.50426230971767785515112715495e-2	4.26991178547893379614016060367e-5
4.460e-04	-3.50548758495610105631103042481e-2	4.40475814774874412295908454716e-5
4.470e-04	-3.50671517084419499413552186069e-2	4.54276824437779723268528930410e-5
4.480e-04	-3.50794505480965656768956267839e-2	4.68398162548906282067626569484e-5
4.490e-04	-3.50917722378969580482573661181e-2	4.82843744595704035633780066546e-5
4.500e-04	-3.51041166422588082638183873038e-2	4.97617444706717185285407962234e-5
4.510e-04	-3.51164836207494382218215289856e-2	5.12723093768488201619794845606e-5
4.520e-04	-3.51288730280979481454116807244e-2	5.28164477649073989420644112569e-5
4.530e-04	-3.51412847142681085546083534428e-2	5.43945335431968481346348424268e-5
4.540e-04	-3.51537185243984893963014076667e-2	5.60069357792505306990279781802e-5
4.550e-04	-3.51661742989435563452085989933e-2	5.76540185294721895474094700843e-5
4.560e-04	-3.51786518736895204481637374201e-2	5.93361406826754139385678764176e-5
4.570e-04	-3.51911510798481681849307453535e-2	6.10536558038278256059720380696e-5
4.580e-04	-3.52036717439828238454839118679e-2	6.28069119962801100470958535084e-5
4.590e-04	-3.52162136882349499120009456772e-2	6.45962517475357824017198383083e-5
4.600e-04	-3.52287767302012608462960764804e-2	6.64220118077671350536427582749e-5
4.610e-04	-3.52413606831309077566691161356e-2	6.82845230499514067179707493285e-5
4.620e-04	-3.52539653559446132035596112507e-2	7.01841103500243072586597555957e-5
4.630e-04	-3.52665905533610518208628812258e-2	7.21210924645952403198077890152e-5
4.640e-04	-3.52792360758525826562666258903e-2	7.40957819297547589414220449329e-5
4.650e-04	-3.52919017196992022127229672015e-2	7.61084849588156084909698011568e-5
4.660e-04	-3.53045872771851124609972801582e-2	7.81595013334749955797550795633e-5
4.670e-04	-3.53172925366147791135116357140e-2	8.02491243174086565073308161642e-5
4.680e-04	-3.53300172825470549047564520546e-2	8.23776405557907349018861567917e-5
4.690e-04	-3.53427612953305988151470497907e-2	8.45453300497324939597481434467e-5
4.700e-04	-3.53555243519552262010774395649e-2	8.67524660091572528311253303198e-5
4.710e-04	-3.53683062255945363801798021581e-2	8.89993148396436539395133396656e-5
4.720e-04	-3.53811066857415112996952092752e-2	9.12861360794043227168627753431e-5
4.730e-04	-3.53939254984711281043302289344e-2	9.36131823281933027719894408875e-5
4.740e-04	-3.54067624265486614377402227886e-2	9.59806991975583285791102145268e-5
4.750e-04	-3.54196172293173646124230229079e-2	9.83889252924833174995325830145e-5
4.760e-04	-3.54324896627595074823361214748e-2	1.00838092181964057325684599194e-4
4.770e-04	-3.54453794799265336089416590035e-2	1.03328424332188310755121547713e-4
4.780e-04	-3.54582864305661779951710450724e-2	1.05860139138890413729801776410e-4
4.790e-04	-3.54712102616959006558750095995e-2	1.08433446854832586378668029395e-4
4.800e-04	-3.54841507171846941567774881069e-2	1.11048550642049377771377472944e-4
4.810e-04	-3.54971075383761941366978614720e-2	1.13705646502725119631807877387e-4
4.820e-04	-3.55100804637776028130404235321e-2	1.16404923331208564278206487148e-4
4.830e-04	-3.55230692291166084009725690246e-2	1.19146562928264096640618100194e-4
4.840e-04	-3.55360735679097039551425525932e-2	1.21930739951148198456087995772e-4
4.850e-04	-3.55490932110911437594413696724e-2	1.24757621993137925259864522728e-4
4.860e-04	-3.55621278870660802245919594430e-2	1.27627369615064069317356119049e-4
4.870e-04	-3.55751773221523302965056372631e-2	1.30540136326067095961733592555e-4
4.880e-04	-3.55882412409186002887231369149e-2	1.33496068578960195458392829410e-4
4.890e-04	-3.56013193650794323434166671116e-2	1.36495305984164066987243527461e-4
4.900e-04	-3.56144114149715719141825785706e-2	1.39537981151095489916683619929e-4
4.910e-04	-3.56275171086151903708558333386e-2	1.42624219889150273471416982372e-4
4.920e-04	-3.56406361629274859093196715212e-2	1.45754141087093246970022054605e-4
4.930e-04	-3.56537682921817670441457005279e-2	1.48927857024465987672632827019e-4
4.940e-04	-3.56669132094808784154954454127e-2	1.52145473217003495543644233826e-4
4.950e-04	-3.56800706269523523586326633772e-2	1.55407088456873299817678632602e-4
4.960e-04	-3.56932402542167042083901972483e-2	1.58712795149710689005528742912e-4
4.970e-04	-3.57064218003505261317661525735e-2	1.62062679075692781476124253807e-4
4.980e-04	-3.57196149725816069643552907054e-2	1.65456819698841971601417469075e-4
4.990e-04	-3.57328194778857611868654544576e-2	1.68895289982153603900733637475e-4
5.000e-04	-3.57460350208811958366052448856e-2	1.72378156855542274956326398632e-4
5.010e-04	-3.57592613061275549539588954123e-2	1.75905480907221344481593705836e-4
5.020e-04	-3.57724980365673224045457429330e-2	1.79477316766302725358620129083e-4
5.030e-04	-3.57857449153859772167015533535e-2	1.83093712861300399475307106262e-4
5.040e-04	-3.57990016435173327045898596909e-2	1.86754711997557839691143819605e-4
5.050e-04	-3.58122679223267308182809101276e-2	1.90460350958252088282045571207e-4
5.060e-04	-3.58255434521950275386894285107e-2	1.94210660883991472503849817168e-4
5.070e-04	-3.58388279329649869584806674510e-2	1.98005667301200950605741516946e-4
5.080e-04	-3.58521210640165986980393249857e-2	2.01845390222148526830277176011e-4
5.090e-04	-3.58654225438556700835667596760e-2	2.05729844348892146499475747218e-4
5.100e-04	-3.58787320721096588606614323759e-2	2.09659038772778927559388220362e-4
5.110e-04	-3.58920493462184751145874095339e-2	2.13632977789934029528508611152e-4
5.120e-04	-3.59053740649218729615680659881e-2	2.17651660285095587549327920394e-4
5.130e-04	-3.59187059263682283451522605326e-2	2.21715080252804853020755705388e-4
5.140e-04	-3.59320446286672718356650274063e-2	2.25823226802748703074844543828e-4
5.150e-04	-3.59453898699559727230596169852e-2	2.29976084268183896942794117052e-4
5.160e-04	-3.59587413478341652223551486412e-2	2.34173632461758429508392910795e-4
5.170e-04	-3.59720987619199418682240205236e-2	2.38415846205696065419380539635e-4
5.180e-04	-3.59854618095310276991037943093e-2	2.42702696462121657381010550386e-4
5.190e-04	-3.59988301908704135888821831225e-2	2.47034149238158859400917229499e-4
5.200e-04	-3.60122036037727186177730037287e-2	2.51410166963133609921832233046e-4
5.210e-04	-3.60255817485153217860114561013e-2	2.55830707456039452261756733441e-4
5.220e-04	-3.60389643251482903108424123902e-2	2.60295724692295059713056679553e-4
5.230e-04	-3.60523510350288872156924341986e-2	2.64805168545569545630130605329e-4
5.240e-04	-3.60657415776840804694725905173e-2	2.69358985713976097406096600909e-4
5.250e-04	-3.60791356556063043750742224228e-2	2.73957118620531050890485411858e-4
5.260e-04	-3.60925329711676130943884057590e-2	2.78599506319380646235044212152e-4
5.270e-04	-3.61059332274455814093001696654e-2	2.83286084407852792714064260310e-4
5.280e-04	-3.61193361282704427911898797362e-2	2.88016785134808473387779358105e-4
5.290e-04	-3.61327413782708042603114531879e-2	2.92791537508327360389716609031e-4
5.300e-04	-3.61461486829179475354481855330e-2	2.97610267402652504918255781880e-4
5.310e-04	-3.61595577485687270784248968124e-2	3.02472897664322704560789710927e-4
5.320e-04	-3.61729682825070766799336778243e-2	3.07379348217424842855602882782e-4
5.330e-04	-3.61863799929841372138682146836e-2	3.12329536167902136662784380312e-4
5.340e-04	-3.61997925892570191081943034750e-2	3.17323375906857811058459043917e-4
5.350e-04	-3.62132057816262139426165797936e-2	3.22360779212797244589216072773e-4
5.360e-04	-3.62266192814716703882995889921e-2	3.27441655352755085732615241930e-4
5.370e-04	-3.62400328012875504540844480752e-2	3.32565911182257230603415203282e-4
5.380e-04	-3.62534460560295785249580061895e-2	3.37733450839022613045809671659e-4
5.390e-04	-3.62668587579329969900766098103e-2	3.42944177443151735742235744673e-4
5.400e-04	-3.62802706243037507939555594035e-2	3.48197990814912791833799900383e-4
5.410e-04	-3.62936813738557252422866054956e-2	3.53494788679108489769513377343e-4
5.420e-04	-3.63070907222928455261466782369e-2	3.58834468188684422358259744136e-4
5.430e-04	-3.63204983923815406934868247974e-2	3.64216922818972716371023052448e-4
5.440e-04	-3.63339041022658525675134117430e-2	3.69642046213979507241777064106e-4
5.450e-04	-3.63473075775635015627003160719e-2	3.75109728361973741040798709487e-4
5.460e-04	-3.63607085406238523574991244732e-2	3.80619859196970140614220511488e-4
5.470e-04	-3.63741067167206288659360253101e-2	3.86172326669280379829935007105e-4
5.480e-04	-3.63875018325422245992319201957e-2	3.91767017329146142207920965750e-4
5.490e-04	-3.64008936162120718945065777845e-2	3.97403816409937350123845276154e-4
5.500e-04	-3.64142817973079445648734716537e-2	4.03082607909806356246541305216e-4
5.510e-04	-3.64276661088168951360467935995e-2	4.08803273985964892068986722347e-4
5.520e-04	-3.64410462794618796233400460566e-2	4.14565697749571077496243345074e-4
5.530e-04	-3.64544220472211573727549524524e-2	4.20369758567163642872569129325e-4
5.540e-04	-3.64677931457295042743715348756e-2	4.26215336964523957162907443860e-4
5.550e-04	-3.64811593120940674538206094538e-2	4.32102311931103914773154985133e-4
5.560e-04	-3.64945202849710427650184055878e-2	4.38030561678074169557555925510e-4
5.570e-04	-3.65078758045781166900048541234e-2	4.43999963708970134708437198739e-4
5.580e-04	-3.65212256150626789485148782515e-2	4.50010393995676570408889759093e-4
5.590e-04	-3.65345694551512413347608984461e-2	4.56061730584874169036038970071e-4
5.600e-04	-3.65479070745933165194139281010e-2	4.62153847443753149090089255701e-4
5.610e-04	-3.65612382176070589374104224818e-2	4.68286620810259339234272208830e-4
5.620e-04	-3.65745626323780961602945836363e-2	4.74459925651179794399089281603e-4
5.630e-04	-3.65878800687102645899950995583e-2	4.80673636616483952989352585430e-4
5.640e-04	-3.66011902808027905578642889441e-2	4.86927626990167047158319741636e-4
5.650e-04	-3.66144930162481648909030829172e-2	4.93221773144199799819059523385e-4
5.660e-04	-3.66277880353600202271624250183e-2	4.99555946870541472983468526923e-4
5.670e-04	-3.66410750917081514050430989192e-2	5.05930023239289849968965425563e-4
5.680e-04	-3.66543539463536079885710005564e-2	5.12343874903378499134517892619e-4
5.690e-04	-3.66676243528557080625467851571e-2	5.18797378314644396959513084821e-4
5.700e-04	-3.66808860787327779988097623686e-2	5.25290404892582312961261183877e-4
5.710e-04	-3.66941388838465143908484502118e-2	5.31822830043346236393624604100e-4
5.720e-04	-3.67073825327880271586771843984e-2	5.38394528064969869607376290635e-4
5.730e-04	-3.67206167952971861846320890665e-2	5.45005371958793563543415918151e-4
5.740e-04	-3.67338414323706511936793934593e-2	5.51655239463443685169632541839e-4
5.750e-04	-3.67470562206425242293784724754e-2	5.58344002577161945421747432382e-4
5.760e-04	-3.67602609278263663168933051991e-2	5.65071538222130664772344935607e-4
5.770e-04	-3.67734553306425964182337602303e-2	5.71837720474038574393127340931e-4
5.780e-04	-3.67866391959731242301921250777e-2	5.78642428943707958042638821909e-4
5.790e-04	-3.67998123077936184118267666182e-2	5.85485536814395595539752796511e-4
5.800e-04	-3.68129744400457627220145526949e-2	5.92366922991914724331373254512e-4
5.810e-04	-3.68261253764278005186314004561e-2	5.99286463239402340024639468550e-4
5.820e-04	-3.68392648896096636750891984140e-2	6.06244039701874092613678444539e-4
5.830e-04	-3.68523927709200608239376138336e-2	6.13239527296210664001133919189e-4
5.840e-04	-3.68655088050174994876784405927e-2	6.20272805360363374001196919582e-4
5.850e-04	-3.68786127688314972228428536905e-2	6.27343758327751061948794249409e-4
5.860e-04	-3.68917044591998263144825003413e-2	6.34452262725280621989823574480e-4
5.870e-04	-3.69047836607475462214552669207e-2	6.41598202325479042861162893014e-4
5.880e-04	-3.69178501692975358839789452384e-2	6.48781457075040959325278672134e-4
5.890e-04	-3.69309037673236844948920342277e-2	6.56001914922512124483221698641e-4
5.900e-04	-3.69439442589809695914201189671e-2	6.63259454896636504329010842686e-4
5.910e-04	-3.69569714402089752748962375738e-2	6.70553961565525697962182845163e-4
5.920e-04	-3.69699850975278526017902347467e-2	6.77885325823880104928411867786e-4
5.930e-04	-3.69829850405528110620254841538e-2	6.85253428801457503447937291903e-4
5.940e-04	-3.69959710641967619429662624433e-2	6.92658160588601978771799425401e-4
5.950e-04	-3.70089429761954602213741590151e-2	7.00099406545879882383502440319e-4
5.960e-04	-3.70219005743152778600919537220e-2	7.07577058784814307601257686746e-4
5.970e-04	-3.70348436634887661853766472890e-2	7.15091007556198521748373079706e-4
5.980e-04	-3.70477720564705501124194503629e-2	7.22641140828771217812850087809e-4
5.990e-04	-3.70606855552215696511563233943e-2	7.30227353904032339274117165439e-4
6.000e-04	-3.70735839692335526166074353198e-2	7.37849540017187979952518922821e-4
6.010e-04	-3.70864671162194003673474429905e-2	7.45507589882228984387578826956e-4
6.020e-04	-3.70993348022300831940632348380e-2	7.53201402157575144099565907134e-4
6.030e-04	-3.71121868412310322950061467357e-2	7.60930873204156454754793003523e-4
6.040e-04	-3.71250230558284111366945576461e-2	7.68695896595509819167768373011e-4
6.050e-04	-3.71378432560529603045423690957e-2	7.76496374493565271114341992938e-4
6.060e-04	-3.71506472602536535778149047409e-2	7.84332206505548011627401689159e-4
6.070e-04	-3.71634348958612766095761823588e-2	7.92203289157652819121948248539e-4
6.080e-04	-3.71762059767710899733780347213e-2	8.00109528243200337897625593430e-4
6.090e-04	-3.71889603256214927818206882731e-2	8.08050826717135857286460380435e-4
6.100e-04	-3.72016977745963596191836139101e-2	8.16027084131784160095958789744e-4
6.110e-04	-3.72144181413358988061284152374e-2	8.24038210022607409882486823836e-4
6.120e-04	-3.72271212611545737497172201664e-2	8.32084105988579708223877909634e-4
6.130e-04	-3.72398069541237655563574121920e-2	8.40164684111035346674684688038e-4
6.140e-04	-3.72524750498159907991137965873e-2	8.48279853099954200131656331633e-4
6.150e-04	-3.72651253881749880133409733814e-2	8.56429517663120887533100223014e-4
6.160e-04	-3.72777577928100475588755391765e-2	8.64613593774393959712793486003e-4
6.170e-04	-3.72903721067117422297343839002e-2	8.72831988227890466527769286381e-4
6.180e-04	-3.73029681557798635627146129301e-2	8.81084619630545301596816625717e-4
6.190e-04	-3.73155457762395776505502232798e-2	8.89371402607587060012534475240e-4
6.200e-04	-3.73281048155834801774382627872e-2	8.97692247100537838268753558953e-4
6.210e-04	-3.73406451030344088577686221297e-2	9.06047075722367114183841072047e-4
6.220e-04	-3.73531664890465788979429512967e-2	9.14435800513206299632484032171e-4
6.230e-04	-3.73656688049881748954586910318e-2	9.22858346783767579814490187410e-4
6.240e-04	-3.73781519042408837470989792755e-2	9.31314628670826945957052523329e-4
6.250e-04	-3.73906156092541237210108779437e-2	9.39804580866822307071609505913e-4
6.260e-04	-3.74030597980978467959300421992e-2	9.48328106437593297018307955769e-4
6.270e-04	-3.74154842954607353912436344893e-2	9.56885142649186029051834678701e-4
6.280e-04	-3.74278889488157286911919793608e-2	9.65475614980913623683437034532e-4
6.290e-04	-3.74402736068223532708821632181e-2	9.74099450128916383998960207166e-4
6.300e-04	-3.74526381314312037294707414755e-2	9.82756568483361237209210867904e-4
6.310e-04	-3.74649823743364612749062188017e-2	9.91446898628402753281587692059e-4
6.320e-04	-3.74773061758196790714791396812e-2	1.00017037823373136067903275635e-3
6.330e-04	-3.74896093891892540302483228629e-2	1.00892693883963576660799961770e-3
6.340e-04	-3.75018918819475697182454949950e-2	1.01771650492921066219129942043e-3
6.350e-04	-3.75141534970726921916773118410e-2	1.02653901834854487778562854065e-3
6.360e-04	-3.75263941047938836662202873748e-2	1.03539440559785246928683135012e-3
6.370e-04	-3.75386135498144418416399841705e-2	1.04428261131300627501599380185e-3
6.380e-04	-3.75508117050584217619290621276e-2	1.05320356398846815309734239240e-3
6.390e-04	-3.75629884168935584249000573782e-2	1.06215721105512506002803631720e-3
6.400e-04	-3.75751435609071442623257992999e-2	1.07114348297652252214254345494e-3
6.410e-04	-3.75872769850704790909086131021e-2	1.08016232998236338803345696369e-3
6.420e-04	-3.75993885524626596811240844015e-2	1.08921369442107899421562285295e-3
6.430e-04	-3.76114781426022094143144105544e-2	1.09829750966391646724712244690e-3
6.440e-04	-3.76235456214426225264620926711e-2	1.10741371974932949819135690687e-3
6.450e-04	-3.76355908399793546829949488608e-2	1.11656228051129247615957306304e-3
6.460e-04	-3.76476136653366756499784338846e-2	1.12574313902202889794925767800e-3
6.470e-04	-3.76596139821775885464169586457e-2	1.13495623241513803763274716630e-3
6.480e-04	-3.76715916435995692322263313819e-2	1.14420152073580484987260016380e-3
6.490e-04	-3.76835465367946309191337925028e-2	1.15347894294895948680927297871e-3
6.500e-04	-3.76954785336530363258341012838e-2	1.16278845003178333096297142118e-3
6.510e-04	-3.77073874892495719709424421366e-2	1.17213000622629577495574103411e-3
6.520e-04	-3.77192732764382389988148007874e-2	1.18150356556663458381295344117e-3
6.530e-04	-3.77311357873860988207044669695e-2	1.19090907057294037333678278163e-3
6.540e-04	-3.77429748789959132075106800768e-2	1.20034648969346014583617748585e-3
6.550e-04	-3.77547904458825195824723161483e-2	1.20981576716929884763210959735e-3
6.560e-04	-3.77665823460956576273177048094e-2	1.21931687424566846741261058695e-3
6.570e-04	-3.77783504766725047611266570645e-2	1.22884975684516587740282948039e-3
6.580e-04	-3.77900947168070759423339888783e-2	1.23841437492608628471160448896e-3
6.590e-04	-3.78018149261631442016851965001e-2	1.24801070391664503109971016355e-3
6.600e-04	-3.78135109846210846457881401108e-2	1.25763870685920446451488942665e-3
6.610e-04	-3.78251827939897411558246678193e-2	1.26729833291634923990587945852e-3
6.620e-04	-3.78368302153974249791044665971e-2	1.27698956170727113750711978542e-3
6.630e-04	-3.78484531530042657935880319409e-2	1.28671234395081543861527512727e-3
6.640e-04	-3.78600514910396933759326851757e-2	1.29646664610902144783232983389e-3
6.650e-04	-3.78716250919754184597973323487e-2	1.30625245197021462656608590864e-3
6.660e-04	-3.78831738634650008783404726739e-2	1.31606971449747513616927527167e-3
6.670e-04	-3.78946976687962662289280454829e-2	1.32591842025981241497348787252e-3
6.680e-04	-3.79061963942034719967723088753e-2	1.33579854095300280153027400238e-3
6.690e-04	-3.79176699507728113723085763167e-2	1.34571003169880796480041841063e-3
6.700e-04	-3.79291182274056241981391913720e-2	1.35565286524781330804739735349e-3
6.710e-04	-3.79405410888423665322895866235e-2	1.36562703372286263800059289372e-3
6.720e-04	-3.79519384495743776314043287952e-2	1.37563249428385709551322522623e-3
6.730e-04	-3.79633102007150285913973215116e-2	1.38566922273374043445867696559e-3
6.740e-04	-3.79746561817910054619647611183e-2	1.39573723481785596294754358655e-3
6.750e-04	-3.79859763625453725372416818836e-2	1.40583645106797805441388507098e-3
6.760e-04	-3.79972705834724616082741826860e-2	1.41596688962200233230827442358e-3
6.770e-04	-3.80085387372014921086914398223e-2	1.42612853144661640615081890129e-3
6.780e-04	-3.80197807449035263501027024548e-2	1.43632133747302619287353003146e-3
6.790e-04	-3.80309965018472066461753735512e-2	1.44654528945558313737538739102e-3
6.800e-04	-3.80421858751817542113582533646e-2	1.45680039197803385154878380587e-3
6.810e-04	-3.80533487893759870522419728396e-2	1.46708660768284160107050460584e-3
6.820e-04	-3.80644851119502396866601790876e-2	1.47740394392321990052591445658e-3
6.830e-04	-3.80755947695497776112939949575e-2	1.48775236442624396492160177630e-3
6.840e-04	-3.80866776606653263861410392651e-2	1.49813185572280073511307067615e-3
6.850e-04	-3.80977336532725892288408979855e-2	1.50854242931205993727968142692e-3
6.860e-04	-3.81087626456395192710791411532e-2	1.51898407493731067449639894652e-3
6.870e-04	-3.81197646008527297474820037236e-2	1.52945673338827777521232935567e-3
6.880e-04	-3.81307393234471335882742650619e-2	1.53996046977609507281424334099e-3
6.890e-04	-3.81416868112894451188808798676e-2	1.55049520038614365813302290939e-3
6.900e-04	-3.81526068670480012981500666737e-2	1.56106099497731454767055236045e-3
6.910e-04	-3.81634994927526427176920975705e-2	1.57165776881608333042257575337e-3
6.920e-04	-3.81743645237861766694822472548e-2	1.58228556900543910515967560732e-3
6.930e-04	-3.81852018975368856200357916730e-2	1.59294436390831264731167305784e-3
6.940e-04	-3.81960114825382793292898402311e-2	1.60363417751554906636064250428e-3
6.950e-04	-3.82067932182993217366885735307e-2	1.61435497896508092301962677029e-3
6.960e-04	-3.82175469733144995635971122468e-2	1.62510679503859873675700854504e-3
6.970e-04	-3.82282726892079376510785696759e-2	1.63588959559602400074845249136e-3
6.980e-04	-3.82389702723621425143652266056e-2	1.64670337972207942773239700095e-3
6.990e-04	-3.82496395911136786507472792192e-2	1.65754817838588481506460483981e-3
7.000e-04	-3.82602805902615650913664453107e-2	1.66842396241863217680168269400e-3
7.010e-04	-3.82708931379573342252010574555e-2	1.67933076559839717734170323234e-3
7.020e-04	-3.82814771811059686616253711846e-2	1.69026855934422155939280690092e-3
7.030e-04	-3.82920326285367240816470103945e-2	1.70123734693601800863291413711e-3
7.040e-04	-3.83025593480245866835998437894e-2	1.71223716637058940563811621781e-3
7.050e-04	-3.83130572896412617327678702189e-2	1.72326798983472903903853120640e-3
7.060e-04	-3.83235263208304491396733625632e-2	1.73432985815879782218294009228e-3
7.070e-04	-3.83339663937674285037699341063e-2	1.74542274398111048205462968552e-3
7.080e-04	-3.83443774195447464370709137996e-2	1.75654665463422485661217610876e-3
7.090e-04	-3.83547592650103736135863111140e-2	1.76770163520860255315706414165e-3
7.100e-04	-3.83651118855084322428148418464e-2	1.77888765890351240157409823240e-3
7.110e-04	-3.83754351474088104488680921181e-2	1.79010477367455081742040421176e-3
7.120e-04	-3.83857290081636923978287883397e-2	1.80135295303402496030690755206e-3
7.130e-04	-3.83959933809534981320929393835e-2	1.81263220823046773148978505699e-3
7.140e-04	-3.84062281313321833146135783636e-2	1.82394259153171525306764135898e-3
7.150e-04	-3.84164332199332909840211229208e-2	1.83528407680095163954524338291e-3
7.160e-04	-3.84266085611137834212689301696e-2	1.84665667756783189681194850142e-3
7.170e-04	-3.84367540194794076418130541474e-2	1.85806045044861553586855615744e-3
7.180e-04	-3.84468695588574620128820451093e-2	1.86949536952975930352041747084e-3
7.190e-04	-3.84569550431391893253364524960e-2	1.88096149435839724212295840020e-3
7.200e-04	-3.84670104382815001846175705200e-2	1.89245879910791289599504351208e-3
7.210e-04	-3.84770356604648405790702968164e-2	1.90398730101830275565171603919e-3
7.220e-04	-3.84870305724094383935783928963e-2	1.91554706405572474377554023391e-3
7.230e-04	-3.84969951432952974313207370276e-2	1.92713806240132041038016818455e-3
7.240e-04	-3.85069292903268273778808420687e-2	1.93876031545756829145317018953e-3
7.250e-04	-3.85168328749190620739774377152e-2	1.95041389165729768341624314155e-3
7.260e-04	-3.85267058694976497109279669281e-2	1.96209876505842400469454114829e-3
7.270e-04	-3.85365481922366835328105064260e-2	1.97381495718404668781553015586e-3
7.280e-04	-3.85463597031109233828767153104e-2	1.98556254098580446352223894041e-3
7.290e-04	-3.85561403778180531692246590110e-2	1.99734149026605430283269147097e-3
7.300e-04	-3.85658900752874993667552512932e-2	2.00915188103121970461891274022e-3
7.310e-04	-3.85756087734056069004534178961e-2	2.02099368684982790085318186464e-3
7.320e-04	-3.85852963918365815649233856078e-2	2.03286693270145198384447361096e-3
7.330e-04	-3.85949528505367983458849274552e-2	2.04477164423119865100656105716e-3
7.340e-04	-3.86045780061901852080242690026e-2	2.05670790360404653187959127915e-3
7.350e-04	-3.86141717766999459245755043462e-2	2.06867574045954243179047240449e-3
7.360e-04	-3.86237342108221115509817506707e-2	2.08067506984761631891136121517e-3
7.370e-04	-3.86332650998275458830511285571e-2	2.09270603449678976049006887502e-3
7.380e-04	-3.86427643623120360565859090895e-2	2.10476866613173479632510698997e-3
7.390e-04	-3.86522320531331090232196684155e-2	2.11686287631274188949293470831e-3
7.400e-04	-3.86616679589162037764968949715e-2	2.12898881525578664081729442273e-3
7.410e-04	-3.86710719988991242783806787481e-2	2.14114651673960093986917008385e-3
7.420e-04	-3.86804442341779500884741421822e-2	2.15333588858720675446998860290e-3
7.430e-04	-3.86897844464994127830247529713e-2	2.16555708868470031746283137269e-3
7.440e-04	-3.86990925556939375931174064645e-2	2.17781015283553715652795546269e-3
7.450e-04	-3.87083686292401031478782758347e-2	2.19009498487256208974979815974e-3
7.460e-04	-3.87176124437681729294910249617e-2	2.20241175054326622090401303207e-3
7.470e-04	-3.87268239196529199073038901583e-2	2.21476048764823228794582057809e-3
7.480e-04	-3.87360031309063923689013633745e-2	2.22714109577173104172428027010e-3
7.490e-04	-3.87451498487999189490855082711e-2	2.23955374872275311585244264188e-3
7.500e-04	-3.87542639942054198651435394045e-2	2.25199848627316070839208716989e-3
7.510e-04	-3.87633456478265488192281686312e-2	2.26447520349454701640154426527e-3
7.520e-04	-3.87723945753282922439656966865e-2	2.27698408246656650749743202564e-3
7.530e-04	-3.87814107800118404567554399685e-2	2.28952508999185121021815080776e-3
7.540e-04	-3.87903941035030036815971608740e-2	2.30209834110853308145718499214e-3
7.550e-04	-3.87993445515427347637218628897e-2	2.31470380163613638392280829797e-3
7.560e-04	-3.88082620491429130951343921571e-2	2.32734151177262688084958830415e-3
7.570e-04	-3.88171464351096642241059957891e-2	2.34001159183504157510717330536e-3
7.580e-04	-3.88259977189166467105199142015e-2	2.35271400602219847687020807208e-3
7.590e-04	-3.88348158260483767630803918951e-2	2.36544879630639778778424998570e-3
7.600e-04	-3.88436006821503110849396189903e-2	2.37821600523168825125679572625e-3
7.610e-04	-3.88523521220443398468444431975e-2	2.39101576030577511925289671843e-3
7.620e-04	-3.88610701603025714532536107605e-2	2.40384802331491767773710393203e-3
7.630e-04	-3.88697546296318832898635898020e-2	2.41671292546041097077497405975e-3
7.640e-04	-3.88784056417514613351982622044e-2	2.42961033904522141413168912255e-3
7.650e-04	-3.88870228392695106378642012647e-2	2.44254057411251290028276753504e-3
7.660e-04	-3.88956064323355382730814807487e-2	2.45550341208302003646114386744e-3
7.670e-04	-3.89041561546864586197586549130e-2	2.46849907985650750257374985178e-3
7.680e-04	-3.89126720287784209079070214548e-2	2.48152753510210922365189013272e-3
7.690e-04	-3.89211539814017167570725676925e-2	2.49458882553368375752151208509e-3
7.700e-04	-3.89296019394665108353018155384e-2	2.50768299941286267082341490196e-3
7.710e-04	-3.89380157265902867510568891430e-2	2.52081020316797588529930378960e-3
7.720e-04	-3.89463953706835453927991875699e-2	2.53397039135172869549110904062e-3
7.730e-04	-3.89547406928890512986140106136e-2	2.54716371436939645965653447355e-3
7.740e-04	-3.89630517238826537041520738017e-2	2.56039012513133477151856229291e-3
7.750e-04	-3.89713283910317209946903965314e-2	2.57364967470740109049044800774e-3
7.760e-04	-3.89795706218003104067050585453e-2	2.58694241470379156651149055904e-3
7.770e-04	-3.89877782322001770130428547464e-2	2.60026850361741076715171399116e-3
7.780e-04	-3.89959512586079636493434290173e-2	2.61362789079888185308149652891e-3
7.790e-04	-3.90040896287116189222955988377e-2	2.62702062950524428967959206607e-3
7.800e-04	-3.90121932702810854247416963922e-2	2.64044677352320642009350744676e-3
7.810e-04	-3.90202619938938977083339338491e-2	2.65390648970244152602580941423e-3
7.820e-04	-3.90282958418048205727371842499e-2	2.66739972352949174844777487133e-3
7.830e-04	-3.90362946217332670197730637640e-2	2.68092664616235819394766461976e-3
7.840e-04	-3.90442585006521362616665708467e-2	2.69448708370044918076557936534e-3
7.850e-04	-3.90521871646485888197400331418e-2	2.70808132575233973067778912232e-3
7.860e-04	-3.90600805372582471773361138155e-2	2.72170943430936349051856455752e-3
7.870e-04	-3.90679387946550974013377858267e-2	2.73537122725929833945829576749e-3
7.880e-04	-3.90757616138833961518367630441e-2	2.74906700577970497709348554820e-3
7.890e-04	-3.90835490479363170219215117819e-2	2.76279670785003152730461584784e-3
7.900e-04	-3.90913010250665010449358341412e-2	2.77656039264971458348698599623e-3
7.910e-04	-3.90990173408516200617139906976e-2	2.79035824919563945295602888911e-3
7.920e-04	-3.91066980530718395784602591766e-2	2.80419021195471896934879045086e-3
7.930e-04	-3.91143430900494582604326969225e-2	2.81805634171355582173409143089e-3
7.940e-04	-3.91219523801402614262953860576e-2	2.83195669977278061274452316135e-3
7.950e-04	-3.91295257123526131049566051643e-2	2.84589148455039968422241255206e-3
7.960e-04	-3.91370631510594190087584341293e-2	2.85986062551522422757245479208e-3
7.970e-04	-3.91445644818269696822963388573e-2	2.87386432594500509490866483161e-3
7.980e-04	-3.91520299169488841824241829031e-2	2.88790237041774755442094930969e-3
7.990e-04	-3.91594590974272671942689908757e-2	2.90197510557267301444934498269e-3
8.000e-04	-3.91668520944607462995901601016e-2	2.91608245553384899870679148626e-3
8.010e-04	-3.91742088364410953053726302721e-2	2.93022448531210764494510128335e-3
8.020e-04	-3.91815291000255243870781599138e-2	2.94440141062113768653201805408e-3
8.030e-04	-3.91888129616762862136555801653e-2	2.95861315136166500952529814705e-3
8.040e-04	-3.91960603497420914330349073526e-2	2.97285977414218324440347984829e-3
8.050e-04	-3.92032711925699613674303720156e-2	2.98714134608090964327485428610e-3
8.060e-04	-3.92104452592684737856743101594e-2	3.00145809326939567791424408599e-3
8.070e-04	-3.92175826335614602307027856097e-2	3.01580992963450073742639718188e-3
8.080e-04	-3.92246832437134600123428360405e-2	3.03019692389395793886841262846e-3
8.090e-04	-3.92317468529081690635519686158e-2	3.04461931019745053332895989340e-3
8.100e-04	-3.92387737175289534187208687073e-2	3.05907683063883583036051917249e-3
8.110e-04	-3.92457634336284924183020015308e-2	3.07356988756168935682396721821e-3
8.120e-04	-3.92527159233144315933077480823e-2	3.08809855848080610095417151682e-3
8.130e-04	-3.92596314548181121086708701815e-2	3.10266257380704620639879011729e-3
8.140e-04	-3.92665096119430227771063710068e-2	3.11726235093532786062788340731e-3
8.150e-04	-3.92733504937562762129986672004e-2	3.13189779070350397007685377888e-3
8.160e-04	-3.92801540282013647671116575610e-2	3.14656896606702896609234328682e-3
8.170e-04	-3.92869199616229335503062559788e-2	3.16127613375739395549395563884e-3
8.180e-04	-3.92936485828480600548003013970e-2	3.17601900364088397037785919504e-3
8.190e-04	-3.93003394543691555877546121928e-2	3.19079801920580638510585166731e-3
8.200e-04	-3.93069924973388998669448038399e-2	3.20561326286308429006903341879e-3
8.210e-04	-3.93136080134182352410886364915e-2	3.22046443155052059850898795897e-3
8.220e-04	-3.93201855517012877478955249126e-2	3.23535198510929725448483746586e-3
8.230e-04	-3.93267252277860703314490099109e-2	3.25027580968343590614667333178e-3
8.240e-04	-3.93332269690957389150883718907e-2	3.26523598251846442400744870994e-3
8.250e-04	-3.93396905034762368998226271547e-2	3.28023278472674492187783133507e-3
8.260e-04	-3.93461161549070669935524136484e-2	3.29526589054026085763511100915e-3
8.270e-04	-3.93525034491853742713993482605e-2	3.31033578816075469736163500209e-3
8.280e-04	-3.93588525129167593235388005669e-2	3.32544235366200610091601841977e-3
8.290e-04	-3.93651630640388527656310308595e-2	3.34058588107795342569257159539e-3
8.300e-04	-3.93714352336640626867064025211e-2	3.35576624231544142441596300533e-3
8.310e-04	-3.93776689485802940663234477527e-2	3.37098351846570606224620347565e-3
8.320e-04	-3.93838641354941526809235379668e-2	3.38623779115007624941556127558e-3
8.330e-04	-3.93900207210283444728347439456e-2	3.40152914252130485355525838622e-3
8.340e-04	-3.93961384101014309557011874077e-2	3.41685788347915552848219589868e-3
8.350e-04	-3.94022173456043853377011078279e-2	3.43222387486975518460690237127e-3
8.360e-04	-3.94082574538124701300702455312e-2	3.44762720054512906517951689234e-3
8.370e-04	-3.94142586609056721055775686023e-2	3.46306794489593728799468285575e-3
8.380e-04	-3.94202206608302356880977712324e-2	3.47854643295200341477847293740e-3
8.390e-04	-3.94261436063064744804621402548e-2	3.49406251619561769727507039848e-3
8.400e-04	-3.94320274231294523915387579508e-2	3.50961628074409621378024722721e-3
8.410e-04	-3.94378720369875770798113400218e-2	3.52520781326169783600365319052e-3
8.420e-04	-3.94436773734600268565630633368e-2	3.54083720096153470522841782009e-3
8.430e-04	-3.94494431120921983076699397881e-2	3.55650478732778532206444458535e-3
8.440e-04	-3.94551694184706191583369674100e-2	3.57221041141474300885035268363e-3
8.450e-04	-3.94608562177432854230738861742e-2	3.58795416220026101115099606201e-3
8.460e-04	-3.94665031803860680228846633758e-2	3.60373639474292779974763304033e-3
8.470e-04	-3.94721107374710428630629887159e-2	3.61955667143355151526634238051e-3
8.480e-04	-3.94776783016745615103764689062e-2	3.63541561739142473643570472899e-3
8.490e-04	-3.94832060521061868266068126014e-2	3.65131305843093005684673749173e-3
8.500e-04	-3.94886936467032848238343144172e-2	3.66724936556757944158220206367e-3
8.510e-04	-3.94941415396724852599238251311e-2	3.68322407655047086981807062333e-3
8.520e-04	-3.94995491190619933561088079130e-2	3.69923784622142167831702564663e-3
8.530e-04	-3.95049165752785016831008062271e-2	3.71529048921624467173414695246e-3
8.540e-04	-3.95102438320963676174103725358e-2	3.73138209986177676381004893387e-3
8.550e-04	-3.95155305310084598014047009811e-2	3.74751307003484673606069640172e-3
8.560e-04	-3.95207771565371093855660075458e-2	3.76368290499148641305616633909e-3
8.570e-04	-3.95259830644421250505561545673e-2	3.77989229852513441267430627552e-3
8.580e-04	-3.95311484599308189573756403991e-2	3.79614105047381344856865975112e-3
8.590e-04	-3.95362729706574605091252147774e-2	3.81242957022086336868324379339e-3
8.600e-04	-3.95413571065284601133348543726e-2	3.82875733566251092170806057343e-3
8.610e-04	-3.95464001961741942252589996153e-2	3.84512507331454961657862051520e-3
8.620e-04	-3.95514024571726476904674058546e-2	3.86153257053757010151626307465e-3
8.630e-04	-3.95563638116718854657130102388e-2	3.87797992728671961458356107008e-3
8.640e-04	-3.95612841816471316798981221759e-2	3.89446724413348791207837209228e-3
8.650e-04	-3.95661631728864797598108526864e-2	3.91099495805875187096364066554e-3
8.660e-04	-3.95710010158491367591722490828e-2	3.92756284333374273458648431973e-3
8.670e-04	-3.95757976318644589095610871575e-2	3.94417100253529727134607321424e-3
8.680e-04	-3.95805529420766751620900456447e-2	3.96081953887318344740758466731e-3
8.690e-04	-3.95852668674421498926258721465e-2	3.97750855619399601546559713785e-3
8.700e-04	-3.95899389943900573935622702007e-2	3.99423851585950721136155532675e-3
8.710e-04	-3.95945695702676758121790838417e-2	4.01100917484183981264188037146e-3
8.720e-04	-3.95991585153339597914123713625e-2	4.02782063906438180951005433326e-3
8.730e-04	-3.96037057496473608299008854318e-2	4.04467301510569023036506035592e-3
8.740e-04	-3.96082108433526222296361148771e-2	4.06156678480850314780719576948e-3
8.750e-04	-3.96126744115773111308183438230e-2	4.07850131141784952404798478921e-3
8.760e-04	-3.96170956703120213088725323282e-2	4.09547745737015592247978321644e-3
8.770e-04	-3.96214748883715940887743787783e-2	4.11249495745412846778763141340e-3
8.780e-04	-3.96258116188985278427999802354e-2	4.12955431487823931182062113592e-3
8.790e-04	-3.96301065079396346624229037653e-2	4.14665485888854630229680865840e-3
8.800e-04	-3.96343587382469243332837653831e-2	4.16379749207103670494300327785e-3
8.810e-04	-3.96385685936581787370107653512e-2	4.18098193358837768906061189631e-3
8.820e-04	-3.96427359920357651385649369911e-2	4.19820829644006950617824702433e-3
8.830e-04	-3.96468608510092243846642413875e-2	4.21547669433218320769860017970e-3
8.840e-04	-3.96509426968678271906008489481e-2	4.23278766419652888606042303958e-3
8.850e-04	-3.96549822245940848895474052100e-2	4.25014048122474653830515929398e-3
8.860e-04	-3.96589785644144904161829541189e-2	4.26753611150336952024699571006e-3
8.870e-04	-3.96629320239635608851389817756e-2	4.28497424927180304556200575890e-3
8.880e-04	-3.96668421105950942272288746638e-2	4.30245545523039421859410945965e-3
8.890e-04	-3.96707095536170358612609568240e-2	4.31997896650401933477168950842e-3
8.900e-04	-3.96745334462750232687074372420e-2	4.33754579393116900940286808521e-3
8.910e-04	-3.96783141128626512554535591499e-2	4.35515561420848347849793997313e-3
8.920e-04	-3.96820514684825794904858104931e-2	4.37280854800556186544622031828e-3
8.930e-04	-3.96857454279696159245316012211e-2	4.39050471676009387396721659269e-3
8.940e-04	-3.96893959058874438032796995159e-2	4.40824424268410006779540420182e-3
8.950e-04	-3.96930023745389589938722546391e-2	4.42602773047656629482893833301e-3
8.960e-04	-3.96965651800728796353741277677e-2	4.44385483370105556016126616050e-3
8.970e-04	-3.97000842360657380646629709741e-2	4.46172567711892172396115323080e-3
8.980e-04	-3.97035594558074383758333016835e-2	4.47964038629454706345392893852e-3
8.990e-04	-3.97069907522978199303647684283e-2	4.49759908760213835382970020451e-3
9.000e-04	-3.97103775710927365957865367145e-2	4.51560241932251050088949672635e-3
9.010e-04	-3.97137202813651696464361131267e-2	4.53365001052587523770329264954e-3
9.020e-04	-3.97170187950612137180480044167e-2	4.55174199025667835943402521131e-3
9.030e-04	-3.97202730238205639672347794398e-2	4.56987848840035889594629617361e-3
9.040e-04	-3.97234828789728939451456665723e-2	4.58805963569073731173313114880e-3
9.050e-04	-3.97266477778447049904553778290e-2	4.60628610586831023563424088722e-3
9.060e-04	-3.97297686130395788790291527657e-2	4.62455695350053171691181271260e-3
9.070e-04	-3.97328443019604592516546655869e-2	4.64287340277743765810129311973e-3
9.080e-04	-3.97358752481757494289339900600e-2	4.66123504596477161883011858453e-3
9.090e-04	-3.97388608452726528342524664426e-2	4.67964258663977205072961100756e-3
9.100e-04	-3.97418020286707949992402947610e-2	4.69809503117617763237946168059e-3
9.110e-04	-3.97446976694813085021431608049e-2	4.71659366009167741947787892269e-3
9.120e-04	-3.97475481920139935824187904416e-2	4.73513804336570148424304159340e-3
9.130e-04	-3.97503540434715259175507724139e-2	4.75372772459591542770550542032e-3
9.140e-04	-3.97531135138915236890665293261e-2	4.77236463063189040950539571773e-3
9.150e-04	-3.97558281281713504223354525550e-2	4.79104711579297752310268618235e-3
9.160e-04	-3.97584966967380320609954874820e-2	4.80977653454096499523900749128e-3
9.170e-04	-3.97611202345905606906890270809e-2	4.82855180335415515338654032260e-3
9.180e-04	-3.97636975270320666918799597419e-2	4.84737430734192414354298602788e-3
9.190e-04	-3.97662290369792463923976495675e-2	4.86624357479855790495900128447e-3
9.200e-04	-3.97687146696701186215319008732e-2	4.88515975188522778371802388967e-3
9.210e-04	-3.97711537411829643856445013150e-2	4.90412363974999038790403880893e-3
9.220e-04	-3.97735473270306125921410957647e-2	4.92313408627453651016016893170e-3
9.230e-04	-3.97758941470905073096552620129e-2	4.94219255647516285870835323389e-3
9.240e-04	-3.97781946935947324326884020565e-2	4.96129854686185042710052759745e-3
9.250e-04	-3.97804488695943852025764182916e-2	4.98045220897563286443737156623e-3
9.260e-04	-3.97826565777284915760913179195e-2	4.99965369541606195334068763931e-3
9.270e-04	-3.97848170913731812365455459508e-2	5.01890386124798098496774356105e-3
9.280e-04	-3.97869309273093091288469333239e-2	5.03820217618810049790126438029e-3
9.290e-04	-3.97889986294846767096146312052e-2	5.05754807853731781788695235544e-3
9.300e-04	-3.97910188201143865549076564263e-2	5.07694315284195197665739472271e-3
9.310e-04	-3.97929920352613605599510614450e-2	5.09638684787893151781614556902e-3
9.320e-04	-3.97949175104828673593553184078e-2	5.11588006644060491584405875325e-3
9.330e-04	-3.97967964664039614991198847788e-2	5.13542149115407799957455735555e-3
9.340e-04	-3.97986274659200314919162106854e-2	5.15501277931518251535717810405e-3
9.350e-04	-3.98004110715400324975241200892e-2	5.17465335081157360559195375765e-3
9.360e-04	-3.98021471810259995245650171420e-2	5.19434337004048507616216360473e-3
9.370e-04	-3.98038356916647285267853990671e-2	5.21408300259320296852673098746e-3
9.380e-04	-3.98054765002621805207169569781e-2	5.23387241526773091586538515718e-3
9.390e-04	-3.98070687859286716309408531763e-2	5.25371258230189230370978455347e-3
9.400e-04	-3.98086138710218449846673393628e-2	5.27360206989498766216509713300e-3
9.410e-04	-3.98101102083854238669114633180e-2	5.29354267059506695034727369598e-3
9.420e-04	-3.98115584097976621235500407159e-2	5.31353375025581403181894043697e-3
9.430e-04	-3.98129583693139038653508937837e-2	5.33357548222905473818140951798e-3
9.440e-04	-3.98143092229132755263462918026e-2	5.35366889545109633118621493098e-3
9.450e-04	-3.98156123703870633322029653830e-2	5.37381246722605918189594417657e-3
9.460e-04	-3.98168661805786405983442507802e-2	5.39400809358507941828228671057e-3
9.470e-04	-3.98180720855518886624070117220e-2	5.41425421470413923712325990031e-3
9.480e-04	-3.98192284193562611259424205459e-2	5.43455276953906882370304752440e-3
9.490e-04	-3.98203358468728924676012273771e-2	5.45490306545965470933918408269e-3
9.500e-04	-3.98213934491393955420043328569e-2	5.47530620121836824358481644236e-3
9.510e-04	-3.98224027246153252445997865391e-2	5.49576054051132018704605700798e-3
9.520e-04	-3.98233619351306818713894217292e-2	5.51626811150669172819516307377e-3
9.530e-04	-3.98242717776270230098028629786e-2	5.53682818617092714429459225594e-3
9.540e-04	-3.98251329846509402514590655322e-2	5.55743999457932998759028050631e-3
9.550e-04	-3.98259429074985187222283766654e-2	5.57810660446199243118474865029e-3
9.560e-04	-3.98267039678290610766308231478e-2	5.59882533076113233820789513588e-3
9.570e-04	-3.98274152060365230332300278605e-2	5.61959732610758671067358891534e-3
9.580e-04	-3.98280756240711589599003820455e-2	5.64042379002708746667226579201e-3
9.590e-04	-3.98286868624855494297490874344e-2	5.66130292199219475996934046517e-3
9.600e-04	-3.98292470290424902125571549172e-2	5.68223694098871894731075466303e-3
9.610e-04	-3.98297568894141052832963470685e-2	5.70322504278115717876764567604e-3
9.620e-04	-3.98302163256302804838565834872e-2	5.72426742915325332513814831735e-3
9.630e-04	-3.98306242863857707774286467482e-2	5.74536536766708389874920142647e-3
9.640e-04	-3.98309825074313121105775652012e-2	5.76651694740636268427617040401e-3
9.650e-04	-3.98312889929290912824858016532e-2	5.78772451604816044919872465109e-3
9.660e-04	-3.98315445545067337069739439062e-2	5.80898721823986768147504259872e-3
9.670e-04	-3.98317500448630661613262083592e-2	5.83030414998436924630270896710e-3
9.680e-04	-3.98319024181956666015352047412e-2	5.85167886704047895445531588729e-3
9.690e-04	-3.98320044746506503510169747337e-2	5.87310823986530536922035715979e-3
9.700e-04	-3.98320551158545239679693013953e-2	5.89459359871349941142308510288e-3
9.710e-04	-3.98320531990145322779535526919e-2	5.91613632836623709643395620258e-3
9.720e-04	-3.98320006237255582762382620666e-2	5.93773432723584631696346958184e-3
9.730e-04	-3.98318952160760026341826435867e-2	5.95939016488492045936377887181e-3
9.740e-04	-3.98317378668426742984821550474e-2	5.98110289757119593927842334351e-3
9.750e-04	-3.98315284478921943917384384662e-2	6.00287275068326828042829068687e-3
9.760e-04	-3.98312657547555442725416702003e-2	6.02470118825919697236196886837e-3
9.770e-04	-3.98309517968903727144870247237e-2	6.04658598042742948587214194334e-3
9.780e-04	-3.98305842805130226460533962910e-2	6.06852984659465375291919936036e-3
9.790e-04	-3.98301652609248418099865909378e-2	6.09053050324073681131657819131e-3
9.800e-04	-3.98296923946285968327226154378e-2	6.11259073202391568114950688602e-3
9.810e-04	-3.98291666475326058869334316297e-2	6.13470950495718136865305597254e-3
9.820e-04	-3.98285878852556499069621877638e-2	6.15688706181904839642613747926e-3
9.830e-04	-3.98279548110031402225319159348e-2	6.17912498564328493935208397036e-3
9.840e-04	-3.98272695988315324026675094792e-2	6.20142085370618444654592837116e-3
9.850e-04	-3.98265297754666136482667916320e-2	6.22377761048118701103784735347e-3
9.860e-04	-3.98257375645350258915297498491e-2	6.24619277500746475147726164691e-3
9.870e-04	-3.98248904389232010295222574400e-2	6.26866935942679207306673168792e-3
9.880e-04	-3.98239894456897810302012368884e-2	6.29120624440268911522262177764e-3
9.890e-04	-3.98230344435547001264078485999e-2	6.31380368548869607860861936324e-3
9.900e-04	-3.98220240356474989750192900920e-2	6.33646339516895171931147948258e-3
9.910e-04	-3.98209605740379373174830142283e-2	6.35918274132490049138398310820e-3
9.920e-04	-3.98198413910077962540973907835e-2	6.38196491316995313246544365324e-3
9.930e-04	-3.98186688922594969847575864784e-2	6.40480721532116776124966798009e-3
9.940e-04	-3.98174403517223371955837131867e-2	6.42771291061846761153685246250e-3
9.950e-04	-3.98161569041510338315995269291e-2	6.45068078061602812328938788183e-3
9.960e-04	-3.98148184006309462484463709770e-2	6.47371109819970910029311801475e-3
9.970e-04	-3.98134233357224365527443117281e-2	6.49680571682603811687998573298e-3
9.980e-04	-3.98119742541380799859697710764e-2	6.51996177684851148722944207993e-3
9.990e-04	-3.98104696631196914197955012814e-2	6.54318111860367591672273548993e-3
1.000e-03	-3.98089080081340648144045074558e-2	6.56646565947753549503505429599e-3
1.001e-03	-3.98072905046679221846132598326e-2	6.58981408945634219399867490526e-3
1.002e-03	-3.98056169965269483542785398581e-2	6.61322669776964282646571958520e-3
1.003e-03	-3.98038873263277897365983717067e-2	6.63670377639110504659281724037e-3
1.004e-03	-3.98021013354810343655549025535e-2	6.66024562007575482400511875938e-3
1.005e-03	-3.98002573830891580554587165252e-2	6.68385425893100343109187837251e-3
1.006e-03	-3.97983582537372086041433680193e-2	6.70752654870441265037978676576e-3
1.007e-03	-3.97964008060069049236580108616e-2	6.73126627869853318188338284217e-3
1.008e-03	-3.97943878881127869963819489003e-2	6.75507022891669934256063584218e-3
1.009e-03	-3.97923162891144150411720611278e-2	6.77894227717583237431435203063e-3
1.010e-03	-3.97901873565742286062600889209e-2	6.80288096294448862228380666853e-3
1.011e-03	-3.97879993390449463778783604774e-2	6.82688846111065357621167537523e-3
1.012e-03	-3.97857552158894073076892995867e-2	6.85096139532632020057374212317e-3
1.013e-03	-3.97834532504442961862020245955e-2	6.87510192507275534730027913302e-3
1.014e-03	-3.97810916332392621132886842380e-2	6.89931230144638399327147419479e-3
1.015e-03	-3.97786734465240354377730917947e-2	6.92358902510928538921447953803e-3
1.016e-03	-3.97761952219593730365636063404e-2	6.94793630257400138021717439191e-3
1.017e-03	-3.97736584194207851064288691169e-2	6.97235254471319637681473818788e-3
1.018e-03	-3.97710628601097844217870159712e-2	6.99683809129727749055306465126e-3
1.019e-03	-3.97684066323756461874473729084e-2	7.02139532797914297128265477728e-3
1.020e-03	-3.97656929974978898603417288398e-2	7.04602054091443963153390884958e-3
1.021e-03	-3.97629200599750444858840812707e-2	7.07071609885691185405821982709e-3
1.022e-03	-3.97600858442098159336951251978e-2	7.09548447189885817437734441017e-3
1.023e-03	-3.97571919136559493175823242661e-2	7.12032395185328875419702630684e-3
1.024e-03	-3.97542399105349172111133310400e-2	7.14523273399957328156323569048e-3
1.025e-03	-3.97512260023355726304990335049e-2	7.17021549242167338467303694427e-3
1.026e-03	-3.97481518074154706920435503673e-2	7.19527045557794731445429661793e-3
1.027e-03	-3.97450152374684262127248458009e-2	7.22040024280644367251529884931e-3
1.028e-03	-3.97418198633858148532710222287e-2	7.24560076758424526137914437968e-3
1.029e-03	-3.97385616771480210365425357575e-2	7.27087693038528894623716629837e-3
1.030e-03	-3.97352443319514634593488606882e-2	7.29622454524640236271467374118e-3
1.031e-03	-3.97318637291259897959965433966e-2	7.32164862981623719161948342666e-3
1.032e-03	-3.97284216019525510199535268292e-2	7.34714727967579497232852659385e-3
1.033e-03	-3.97249177444232882623392559703e-2	7.37272089437732162991396228052e-3
1.034e-03	-3.97213519485740480969806333773e-2	7.39836987782864425145909751165e-3
1.035e-03	-3.97177240044526695362436951197e-2	7.42409463836004909363443104139e-3
1.036e-03	-3.97140337000866270691992681103e-2	7.44989558879246247659436257082e-3
1.037e-03	-3.97102787003216697217750158744e-2	7.47577567716985490857292669014e-3
1.038e-03	-3.97064630070581347224233052252e-2	7.50173029475713131111592062685e-3
1.039e-03	-3.97025821349324891235617493349e-2	7.52776496101543051085844937961e-3
1.040e-03	-3.96986379837795935668228488890e-2	7.55387757798958433983382134881e-3
1.041e-03	-3.96946303300965210286788646597e-2	7.58006858326437447654263077841e-3
1.042e-03	-3.96905589481339616595580476911e-2	7.60633841937891420289833782946e-3
1.043e-03	-3.96864236098585087280198547572e-2	7.63268753390547803774130669824e-3
1.044e-03	-3.96822240849141500819987493173e-2	7.65911637952992936871514576971e-3
1.045e-03	-3.96779578166576380118238428860e-2	7.68562820131659031678549056925e-3
1.046e-03	-3.96736291910410624713875722029e-2	7.71221792205788353105438727997e-3
1.047e-03	-3.96692332951655439457606609889e-2	7.73889161959592549208707302277e-3
1.048e-03	-3.96647722118934644733287377849e-2	7.76564698210473586475638260358e-3
1.049e-03	-3.96602456976143858583753883835e-2	7.79248449051128708371347492364e-3
1.050e-03	-3.96556535061261904944085018912e-2	7.81940463140430367804777121197e-3
1.051e-03	-3.96509953885899530320296342034e-2	7.84640789712779193552771719273e-3
1.052e-03	-3.96462710934838241343983066337e-2	7.87349478587654625405061063672e-3
1.053e-03	-3.96414803665558999838338755609e-2	7.90066580179368413091989100027e-3
1.054e-03	-3.96366203730392640907121947519e-2	7.92792456560359111294620555939e-3
1.055e-03	-3.96316959785430013150868033494e-2	7.95526541097452428909534983917e-3
1.056e-03	-3.96267017340431214593158813548e-2	7.98269512106379208866537548054e-3
1.057e-03	-3.96216399504498272840887972460e-2	8.01021111588816127665498003207e-3
1.058e-03	-3.96165103579313175335326538570e-2	8.03781393250079987147240794588e-3
1.059e-03	-3.96113126835962119984437019134e-2	8.06550411456971312233399523464e-3
1.060e-03	-3.96060466514379513840117871075e-2	8.09328221249197450874323170610e-3
1.061e-03	-3.96007119822779238045144560181e-2	8.12114878351049182957701649712e-3
1.062e-03	-3.95953055645197809318249620135e-2	8.14910782513730657097903549261e-3
1.063e-03	-3.95898327375629271081663569855e-2	8.17715308495286392618957763489e-3
1.064e-03	-3.95842875197919546206095516637e-2	8.20529205222427826169521191681e-3
1.065e-03	-3.95786753770397725682518034040e-2	8.23351831740518853604162665208e-3
1.066e-03	-3.95729901858223506640378493386e-2	8.26183955872577201354677268233e-3
1.067e-03	-3.95672345415187567680541585365e-2	8.29025285925388183522875041548e-3
1.068e-03	-3.95614081396462845006607629714e-2	8.31875882959185916376774498985e-3
1.069e-03	-3.95555106720156771301287195186e-2	8.34735808826623884271952768573e-3
