0.000e+00	-2.00000000000000000000000000000e-2	0
1.000e-06	-2.00075168796111700011290098027e-2	0
2.000e-06	-2.00150675372167461164723140781e-2	0
3.000e-06	-2.00226520017132686294166410760e-2	0
4.000e-06	-2.00302703029852173033143442934e-2	0
5.000e-06	-2.00379224719093761204650357052e-2	0
6.000e-06	-2.00456085403594106559383804524e-2	0
7.000e-06	-2.00533285412106604645969596819e-2	0
8.000e-06	-2.00610825083451489978936127955e-2	0
9.000e-06	-2.00688704766568137081742633033e-2	0
1.000e-05	-2.00766924820569591425266042383e-2	0
1.100e-05	-2.00845485614799359759147847335e-2	0
1.200e-05	-2.00924387528890490844106933632e-2	0
1.300e-05	-2.01003630952826979149314760637e-2	0
1.400e-05	-2.01083216287007525658199648051e-2	0
1.500e-05	-2.01163143942311691573225674186e-2	0
1.600e-05	-2.01243414340168482375488099992e-2	0
1.700e-05	-2.01324027912627401430234296758e-2	0
1.800e-05	-2.01404985102432014098040627569e-2	0
1.900e-05	-2.01486286363096065141808259442e-2	0
2.000e-05	-2.01567932158982194111162215902e-2	0
2.100e-05	-2.01649922965383295318632170033e-2	0
2.200e-05	-2.01732259268606571033215387754e-2	0
2.300e-05	-2.01814941566060328593997460817e-2	0
2.400e-05	-2.01897970366343574274652099230e-2	0
2.500e-05	-2.01981346189338458953933808448e-2	0
2.600e-05	-2.02065069566305632931658677563e-2	0
2.700e-05	-2.02149141039982569601987943494e-2	0
2.800e-05	-2.02233561164684920151203848676e-2	0
2.900e-05	-2.02318330506410963994084992350e-2	0
3.000e-05	-2.02403449642949222297191973609e-2	0
3.100e-05	-2.02488919163989304687438770069e-2	0
3.200e-05	-2.02574739671236062074174872850e-2	0
3.300e-05	-2.02660911778527121479553507326e-2	0
3.400e-05	-2.02747436111953881831382866616e-2	0
3.500e-05	-2.02834313309986052878559353735e-2	0
3.600e-05	-2.02921544023599822694657967686e-2	0
3.700e-05	-2.03009128916409742708582168716e-2	0
3.800e-05	-2.03097068664804422793707661089e-2	0
3.900e-05	-2.03185363958086132702327539253e-2	0
4.000e-05	-2.03274015498614410046972870971e-2	0
4.100e-05	-2.03363024001953779108262596235e-2	0
4.200e-05	-2.03452390197025689012393793225e-2	0
4.300e-05	-2.03542114826264784266417568702e-2	0
4.400e-05	-2.03632198645779625289061684085e-2	0
4.500e-05	-2.03722642425517981425866170834e-2	0
4.600e-05	-2.03813446949436824027519496878e-2	0
4.700e-05	-2.03904613015677152472348007007e-2	0
4.800e-05	-2.03996141436743791582753587489e-2	0
4.900e-05	-2.04088033039690304717607160172e-2	0
5.000e-05	-2.04180288666309172916579839230e-2	0
5.100e-05	-2.04272909173327396885156586111e-2	0
5.200e-05	-2.04365895432607685319589160301e-2	0
5.300e-05	-2.04459248331355400121689660647e-2	0
5.400e-05	-2.04552968772331436455886604378e-2	0
5.500e-05	-2.04647057674071223379440664270e-2	0
5.600e-05	-2.04741515971110038954547917078e-2	0
5.700e-05	-2.04836344614214842353705404017e-2	0
5.800e-05	-2.04931544570622834524496744378e-2	0
5.900e-05	-2.05027116824286968516294449165e-2	0
6.000e-05	-2.05123062376128640620958393386e-2	0
6.100e-05	-2.05219382244297804076604911626e-2	0
6.200e-05	-2.05316077464440758264809080678e-2	0
6.300e-05	-2.05413149089975878137034653695e-2	0
6.400e-05	-2.05510598192377561078768971057e-2	0
6.500e-05	-2.05608425861468681606457268419e-2	0
6.600e-05	-2.05706633205721858243498798071e-2	0
6.700e-05	-2.05805221352569851692236415975e-2	0
6.800e-05	-2.05904191448725429068775398280e-2	0
6.900e-05	-2.06003544660511045561629628885e-2	0
7.000e-05	-2.06103282174198712484499340356e-2	0
7.100e-05	-2.06203405196360439395330468881e-2	0
7.200e-05	-2.06303914954229657832836609932e-2	0
7.300e-05	-2.06404812696074055370618249633e-2	0
7.400e-05	-2.06506099691580271209688461579e-2	0
7.500e-05	-2.06607777232250928534583618009e-2	0
7.600e-05	-2.06709846631814504469743735889e-2	1.95012272591274449875305441770e-20
7.700e-05	-2.06812309226648565827902457407e-2	4.41345795158794847182893274907e-20
7.800e-05	-2.06915166376216928091970429430e-2	9.76723831030905761719167430065e-20
7.900e-05	-2.07018419463521326384252310427e-2	2.11550638272785109842308735502e-19
8.000e-05	-2.07122069895568220738937182158e-2	4.48809286808414907258068136314e-19
8.100e-05	-2.07226119103851394014832612554e-2	9.33365536960109569867768999700e-19
8.200e-05	-2.07330568544851039499878642700e-2	1.90416690580950586173549069117e-18
8.300e-05	-2.07435419700550076931053353144e-2	3.81352755574841242380477989500e-18
8.400e-05	-2.07540674078968480580844493044e-2	7.50253492105283691505243400663e-18
8.500e-05	-2.07646333214716451581901962014e-2	1.45085918404991134617662293730e-17
8.600e-05	-2.07752398669567319157868522050e-2	2.75957658454175709348636369429e-17
8.700e-05	-2.07858872033051112336634352166e-2	5.16548611254641148328006580314e-17
8.800e-05	-2.07965754923069805539297732260e-2	9.52075897021928809578114189227e-17
8.900e-05	-2.08073048986535308730949896457e-2	1.72883180430861366296403148955e-16
9.000e-05	-2.08180755900031346235097329828e-2	3.09437973786725361055443933832e-16
9.100e-05	-2.08288877370500448589874778890e-2	5.46189494198071564199124605590e-16
9.200e-05	-2.08397415135957369800815553121e-2	9.51178303097943049361699092860e-16
9.300e-05	-2.08506370966230338974461823828e-2	1.63501103630392364550061810373e-15
9.400e-05	-2.08615746663731661675782568223e-2	2.77525362232946362938580644184e-15
9.500e-05	-2.08725544064259303649496271621e-2	4.65353719989397555235121228725e-15
9.600e-05	-2.08835765037831219130430904022e-2	7.71134487726803742504480224507e-15
9.700e-05	-2.08946411489554329334481707847e-2	1.26329387498611978629768618543e-14
9.800e-05	-2.09057485360530215506219857834e-2	2.04672852162498509779330733761e-14
9.900e-05	-2.09168988628799766874564151122e-2	3.28054224888400256457039348317e-14
1.000e-04	-2.09280923310329218928113872391e-2	5.20358362267908850959553231106e-14
1.010e-04	-2.09393291460040233557155855127e-2	8.17084978247416833549104077994e-14
1.020e-04	-2.09506095172886911870488391419e-2	1.27048799236414797523097726287e-13
1.030e-04	-2.09619336584982894942727167654e-2	1.95676319924456868479608505213e-13
1.040e-04	-2.09733017874781999387318621769e-2	2.98600937905551975080351115966e-13
1.050e-04	-2.09847141264316155350529328304e-2	4.51591133589717575184591797859e-13
1.060e-04	-2.09961709020494765913044188383e-2	6.77037462634495338779173460080e-13
1.070e-04	-2.10076723456469990242194729644e-2	1.00646928325853166154320344101e-12
1.080e-04	-2.10192186933072868936838956323e-2	1.48392625339820173537666682619e-12
1.090e-04	-2.10308101860325658971884279865e-2	2.17043940115728832933305936264e-12
1.100e-04	-2.10424470699036226773357132373e-2	3.14994138039686133628480385005e-12
1.110e-04	-2.10541295962480859508099395238e-2	4.53700372014404292778728152999e-12
1.120e-04	-2.10658580218182393696774363936e-2	6.48689245088936480351373812375e-12
1.130e-04	-2.10776326089791122353951521130e-2	9.20854458108636924596797997821e-12
1.140e-04	-2.10894536259076520960759741854e-2	1.29811987445045395253065564422e-11
1.150e-04	-2.11013213468038420740978293237e-2	1.81755662597369701617260050653e-11
1.160e-04	-2.11132360521146844895930139074e-2	2.52806061841583867945721549229e-11
1.170e-04	-2.11251980287720297349889975976e-2	3.49371720315884937797042013404e-11
1.180e-04	-2.11372075704452839353515881113e-2	4.79800308983652179732167936163e-11
1.190e-04	-2.11492649778100789626362717726e-2	6.54900198949734035361439939073e-11
1.200e-04	-2.11613705588340318480884686155e-2	8.88584018645426072108017437562e-11
1.210e-04	-2.11735246290807552718058105344e-2	1.19865813918527406066986831498e-10
1.220e-04	-2.11857275120333040415392918305e-2	1.60778569450206840153789346600e-10
1.230e-04	-2.11979795394382514756972885476e-2	2.14465477597352426689355923659e-10
1.240e-04	-2.12102810516715812955173330771e-2	2.84538783593086843653241815709e-10
1.250e-04	-2.12226323981275516935967111774e-2	3.75523308315165688844280945774e-10
1.260e-04	-2.12350339376316351635405697512e-2	4.93058374027389332683268584585e-10
1.270e-04	-2.12474860388785567685482238779e-2	6.44137643267506205167742079815e-10
1.280e-04	-2.12599890808963410005928048017e-2	8.37392565493262689326290076464e-10
1.290e-04	-2.12725434535371293830605554154e-2	1.08342571673139352950193033887e-9
1.300e-04	-2.12851495579953436523469696175e-2	1.39520092513692574997850360146e-9
1.310e-04	-2.12978078073535389544573399239e-2	1.78849769281688407321499300128e-9
1.320e-04	-2.13105186271560144079525952656e-2	2.28243804290051548256044749161e-9
1.330e-04	-2.13232824560099212684185559441e-2	2.90009453064577204509793264334e-9
1.340e-04	-2.13360997462132287840992670956e-2	3.66918874693671319110790420192e-9
1.350e-04	-2.13489709644084721002649009539e-2	4.62289019900630004544653140928e-9
1.360e-04	-2.13618965922607132726238915095e-2	5.80072596237608990720524134272e-9
1.370e-04	-2.13748771271575942547588563739e-2	7.24961194425718017349292311318e-9
1.380e-04	-2.13879130829287490687618282292e-2	9.02501696516050459592657667505e-9
1.390e-04	-2.14010049905811716308539676605e-2	1.11922711342220316578430628656e-8
1.400e-04	-2.14141533990464071834003956914e-2	1.38280301457541091626529470787e-8
1.410e-04	-2.14273588759346514947501471399e-2	1.70219071399535861116132468747e-8
1.420e-04	-2.14406220082900064782164457936e-2	2.08782836290830227590628220200e-8
1.430e-04	-2.14539434033402589259233374409e-2	2.55183106709885268320953777469e-8
1.440e-04	-2.14673236892336265250026146445e-2	3.10821109536614543212394247184e-8
1.450e-04	-2.14807635157539607337393024028e-2	3.77311917171064096954281362328e-8
1.460e-04	-2.14942635550049186422277693810e-2	4.56510774621259660700001052863e-8
1.470e-04	-2.15078245020526259704775820803e-2	5.50541701609544137023498482173e-8
1.480e-04	-2.15214470755153650482619089849e-2	6.61828431747313660863191344211e-8
1.490e-04	-2.15351320180878486681835066867e-2	7.93127732824773080879416394874e-8
1.500e-04	-2.15488800969866965860558431974e-2	9.47565131230875837645227733025e-8
1.510e-04	-2.15626921043028413679419459367e-2	1.12867303936788103029749075731e-7
1.520e-04	-2.15765688572457601546746240137e-2	1.34043125760380833567814136549e-7
1.530e-04	-2.15905111982636971940397416286e-2	1.58730979181027922867773531846e-7
1.540e-04	-2.16045199950234102067997631781e-2	1.87431389391303821999932317424e-7
1.550e-04	-2.16185961402324845417515214877e-2	2.20703119624984421797152510598e-7
1.560e-04	-2.16327405512869208289383945280e-2	2.59168077106688386608917811913e-7
1.570e-04	-2.16469541697265415652535049498e-2	3.03516390444848756303874333213e-7
1.580e-04	-2.16612379604808219860029577951e-2	3.54511632970709482005581048851e-7
1.590e-04	-2.16755929108880139613500258480e-2	4.12996161919235360846496397881e-7
1.600e-04	-2.16900200294709613117709537240e-2	4.79896538613493659930298279235e-7
1.610e-04	-2.17045203444538384662536562108e-2	5.56228990014432800629574161929e-7
1.620e-04	-2.17190949020050678320500970253e-2	6.43104867205369508749325226380e-7
1.630e-04	-2.17337447641931547349886659237e-2	7.41736051676460288060242497021e-7
1.640e-04	-2.17484710066438057952849217665e-2	8.53440255750633158531824874326e-7
1.650e-04	-2.17632747158888509758954510653e-2	9.79646159248048561760700093896e-7
1.660e-04	-2.17781569863996973326251546026e-2	1.12189832062923030178900124690e-6
1.670e-04	-2.17931189173010322683085874825e-2	1.28186179749878886233638044143e-6
1.680e-04	-2.18081616087631340507447335694e-2	1.46132640861177385399088280251e-6
1.690e-04	-2.18232861580746502663675854199e-2	1.66221056751828242911326078946e-6
1.700e-04	-2.18384936554016774837511617358e-2	1.88656461682489527536582424945e-6
1.710e-04	-2.18537851792415149975782333105e-2	2.13657359186498051683485311230e-6
1.720e-04	-2.18691617915858296535852899828e-2	2.41455934343155470157426410410e-6
1.730e-04	-2.18846245328089350011760921570e-2	2.72298195127134478816019586122e-6
1.740e-04	-2.19001744163042040826621029714e-2	3.06444036328095998111635856614e-6
1.750e-04	-2.19158124228941874546857765934e-2	3.44167219989378791802842080896e-6
1.760e-04	-2.19315394950436605814221996997e-2	3.85755266900405687503544252632e-6
1.770e-04	-2.19473565309116130537340175320e-2	4.31509254390958437019140808381e-6
1.780e-04	-2.19632643782793960264895351597e-2	4.81743516520957514559339678397e-6
1.790e-04	-2.19792638283939452592223151148e-2	5.36785243727486213080144180763e-6
1.800e-04	-2.19953556097766873519945289218e-2	5.96973980055972380651882681918e-6
1.810e-04	-2.20115403820381449235761608618e-2	6.62661017292272366368771370374e-6
1.820e-04	-2.20278187297559611347785169512e-2	7.34208686544576734997552522011e-6
1.830e-04	-2.20441911564598476362192207403e-2	8.11989549159940382443859638442e-6
1.840e-04	-2.20606580787763102280183567318e-2	8.96385490200753869992468142787e-6
1.850e-04	-2.20772198207923568328483769330e-2	9.87786719050722346316711365616e-6
1.860e-04	-2.20938766086826929068519174429e-2	1.08659068309128416378767459725e-5
1.870e-04	-2.21106285656472846588837623666e-2	1.19320090168926024309258517744e-5
1.880e-04	-2.21274757072155687397652547586e-2	1.30802572893183959514369280115e-5
1.890e-04	-2.21444179369601886850654306551e-2	1.43147705469130075990453113825e-5
1.900e-04	-2.21614550426453914325717537115e-2	1.56396895465870011517953586454e-5
1.910e-04	-2.21785866928785788526029554107e-2	1.70591630067081087825442508752e-5
1.920e-04	-2.21958124342796597402514606887e-2	1.85773334347630215025324462833e-5
1.930e-04	-2.22131316891510079755841281639e-2	2.01983228074709194587167298818e-5
1.940e-04	-2.22305437537903905578966295741e-2	2.19262182267826444727503958661e-5
1.950e-04	-2.22480477972914929439228107139e-2	2.37650576890948262567819866488e-5
1.960e-04	-2.22656428610015264535026579161e-2	2.57188160886070358728044203612e-5
1.970e-04	-2.22833278585494815431618161140e-2	2.77913915837281922045400066072e-5
1.980e-04	-2.23011015764148997172995242543e-2	2.99865924485890288168200509995e-5
1.990e-04	-2.23189626751777495526846580118e-2	3.23081245123329620190468620044e-5
2.000e-04	-2.23369096911687507812722047331e-2	3.47595793077107717156583318255e-5
2.010e-04	-2.23549410387770852100447267872e-2	3.73444230041496206723897533558e-5
2.020e-04	-2.23730550133172935980845342712e-2	4.00659862097552644522348491876e-5
2.030e-04	-2.23912497941905753821339561576e-2	4.29274547325945329065288535400e-5
2.040e-04	-2.24095234485958253741129618971e-2	4.59318613353979374000735910984e-5
2.050e-04	-2.24278739357062520843465707369e-2	4.90820785284786711754408597078e-5
2.060e-04	-2.24462991112251548475523962836e-2	5.23808124304187303331918990128e-5
2.070e-04	-2.24647967319325298607568384481e-2	5.58305977613500065231640676334e-5
2.080e-04	-2.24833644611379878987070370544e-2	5.94337938549516190155178183409e-5
2.090e-04	-2.25019998735943816952573137878e-2	6.31925818476702140806652925383e-5
2.100e-04	-2.25207004614835667590079314857e-2	6.71089628232957666609224481336e-5
2.110e-04	-2.25394636396428922427262473703e-2	7.11847571064340957467650486937e-5
2.120e-04	-2.25582867516906224129869857466e-2	7.54216044429601201578837525926e-5
2.130e-04	-2.25771670756389422939345447340e-2	7.98209652033884148893613611931e-5
2.140e-04	-2.25961018297030806691874760818e-2	8.43841224546148315430066690077e-5
2.150e-04	-2.26150881784966161949672787125e-2	8.91121847889228623051450113043e-5
2.160e-04	-2.26341232383648208209654608353e-2	9.40060900499209707237955381523e-5
2.170e-04	-2.26532040838104682038320132337e-2	9.90666095421950871799904257469e-5
2.180e-04	-2.26723277522419030562853023567e-2	1.04294353146636669067701183958e-4
2.190e-04	-2.26914912500294709643531419678e-2	1.09689774718831338154714366520e-4
2.200e-04	-2.27106915577008852363845658509e-2	1.15253178089069646042895125363e-4
2.210e-04	-2.27299256353548875188381632361e-2	1.20984723380893682082182212061e-4
2.220e-04	-2.27491904269117539016390509782e-2	1.26884433880155613082284848230e-4
2.230e-04	-2.27684828658510032372891159988e-2	1.32952202787248346100717775317e-4
2.240e-04	-2.27877998786747386119378674081e-2	1.39187800645274238968647059023e-4
2.250e-04	-2.28071383904069192728196830375e-2	1.45590882364636929796590840873e-4
2.260e-04	-2.28264953277787427632661619917e-2	1.52160994837434560926800644408e-4
2.270e-04	-2.28458676233530059363041576997e-2	1.58897584296269178107563820733e-4
2.280e-04	-2.28652522191270747104102773519e-2	1.65800003721553888015249758416e-4
2.290e-04	-2.28846460693681801321585083475e-2	1.72867520345611533509351871500e-4
2.300e-04	-2.29040461458000468993319999204e-2	1.80099322276949850579914150904e-4
2.310e-04	-2.29234494374617309140435725537e-2	1.87494526506213629136766944849e-4
2.320e-04	-2.29428529553401133498154332893e-2	1.95052185260474872130514942882e-4
2.330e-04	-2.29622537350459641839937073117e-2	2.02771292640004906111662151194e-4
2.340e-04	-2.29816488369475536198820742447e-2	2.10650791835235886821570421998e-4
2.350e-04	-2.30010353501324945329873809879e-2	2.18689580776199494038583538861e-4
2.360e-04	-2.30204103944971524485671484521e-2	2.26886518033988875117721310747e-4
2.370e-04	-2.30397711197149736115139545617e-2	2.35240429547371079178649144460e-4
2.380e-04	-2.30591147102040751250499714312e-2	2.43750112832364082214939072276e-4
2.390e-04	-2.30784383836610476864813798418e-2	2.52414343193446846703450772195e-4
2.400e-04	-2.30977393929710424308621136373e-2	2.61231878367745706071025278500e-4
2.410e-04	-2.31170150257742645917262760367e-2	2.70201463746611938596704718354e-4
2.420e-04	-2.31362626089983631296461747710e-2	2.79321835218403282948481915178e-4
2.430e-04	-2.31554795058414750373873779813e-2	2.88591724736484024240123525575e-4
2.440e-04	-2.31746631190186951491795556552e-2	2.98009862981455876545629232018e-4
2.450e-04	-2.31938108846913793307656013568e-2	3.07574985762399663129078058648e-4
2.460e-04	-2.32129202821422349373305104026e-2	3.17285833187798444697227946530e-4
2.470e-04	-2.32319888296788588169495195540e-2	3.27141154497241049984695877832e-4
2.480e-04	-2.32510140783584332594765140398e-2	3.37139713881603389923272774260e-4
2.490e-04	-2.32699936256948358485424493689e-2	3.47280286591172022772369142360e-4
2.500e-04	-2.32889251038551697946297339722e-2	3.57561666736850228104557635154e-4
2.510e-04	-2.33078061780387157423792638808e-2	3.67982670304859517990874652586e-4
2.520e-04	-2.33266345608432499678929437486e-2	3.78542129751935100743478125695e-4
2.530e-04	-2.33454079978062445563374045787e-2	3.89238902718978409994749396502e-4
2.540e-04	-2.33641242684265586794842880880e-2	4.00071873018477275653161754166e-4
2.550e-04	-2.33827811912369577389134883346e-2	4.11039949143897254474703901447e-4
2.560e-04	-2.34013766241466431982267179635e-2	4.22142064905324868001276131265e-4
2.570e-04	-2.34199084576020281719478256290e-2	4.33377183861985108077515624482e-4
2.580e-04	-2.34383746130072336478006831516e-2	4.44744300924760159903925024256e-4
2.590e-04	-2.34567730572338670999088588184e-2	4.56242434585942852668869202760e-4
2.600e-04	-2.34751017752316197637158359285e-2	4.67870642725028866282620123436e-4
2.610e-04	-2.34933587919305786201105457794e-2	4.79628010413429379054068569874e-4
2.620e-04	-2.35115421738193382625518415013e-2	4.91513648686085894713543249832e-4
2.630e-04	-2.35296500005221950018524004673e-2	5.03526711348183290914691230275e-4
2.640e-04	-2.35476803960522113713556646331e-2	5.15666376237743900598950998734e-4
2.650e-04	-2.35656315152609233302800209902e-2	5.27931852827465865310854688403e-4
2.660e-04	-2.35835015254552519020708149740e-2	5.40322393403159067181641408904e-4
2.670e-04	-2.36012886383739504397106147666e-2	5.52837272786530919717788676760e-4
2.680e-04	-2.36189910943612918942557202385e-2	5.65475797402131686820098033486e-4
2.690e-04	-2.36366071410726063690654542451e-2	5.78237318549624907967268052602e-4
2.700e-04	-2.36541350781224301181724655853e-2	5.91121202918170877855280404350e-4
2.710e-04	-2.36715732025802090271164354703e-2	6.04126867339266089093096428356e-4
2.720e-04	-2.36889198646043768865559255607e-2	6.17253741423115158267408127351e-4
2.730e-04	-2.37061734156997448608591853365e-2	6.30501301035258044936273933283e-4
2.740e-04	-2.37233322459236827786343063643e-2	6.43869042572034285473092492793e-4
2.750e-04	-2.37403947504117975231572515359e-2	6.57356504835540535168241836222e-4
2.760e-04	-2.37573593532352308285899511753e-2	6.70963251926312320609952538268e-4
2.770e-04	-2.37742244986460965839741406290e-2	6.84688878256284609943892470130e-4
2.780e-04	-2.37909886608632410603097383868e-2	6.98533000596453531301106118247e-4
2.790e-04	-2.38076503125757090492284589358e-2	7.12495279531112856624887286177e-4
2.800e-04	-2.38242079655356372400062393549e-2	7.26575389551880261100865390563e-4
2.810e-04	-2.38406601264934231621140981170e-2	7.40773049793559640876868652894e-4
2.820e-04	-2.38570053417657742632956795223e-2	7.55087990710125319098902336990e-4
2.830e-04	-2.38732421490750683808801724393e-2	7.69519988354807004651027618799e-4
2.840e-04	-2.38893691263987920705212231444e-2	7.84068827340101890941471403470e-4
2.850e-04	-2.39053848393984923131989025731e-2	7.98734338988069534930071267490e-4
2.860e-04	-2.39212878948760060078313437050e-2	8.13516360254034172477858887793e-4
2.870e-04	-2.39370768834565963855487870592e-2	8.28414776093552103072565656648e-4
2.880e-04	-2.39527504544342075734582734862e-2	8.43429461259571965176956824865e-4
2.890e-04	-2.39683072054654961062518490282e-2	8.58560364204559615030178822597e-4
2.900e-04	-2.39837457749538061448754060364e-2	8.73807435198191923953577638997e-4
2.910e-04	-2.39990648484832853764181511624e-2	8.89170619479540027812382612408e-4
2.920e-04	-2.40142630494098401046941973416e-2	9.04649942527184923737184319848e-4
2.930e-04	-2.40293390641765555468897177733e-2	9.20245410524198707272760761979e-4
2.940e-04	-2.40442915693765549312492032497e-2	9.35957066906865041027229560063e-4
2.950e-04	-2.40591192269997247084419629235e-2	9.51784995784643464329912244866e-4
2.960e-04	-2.40738207708097203858776654426e-2	9.67729251097454387705759296246e-4
2.970e-04	-2.40883948526598245382668828596e-2	9.83789980366581219073784224524e-4
2.980e-04	-2.41028401966769266943300659734e-2	9.99967298650720185812133621353e-4
2.990e-04	-2.41171555098144567155699584399e-2	1.01626136041355363728052527500e-3
3.000e-04	-2.41313395032049249472340496096e-2	1.03267234140987444537660317652e-3
3.010e-04	-2.41453909194655688951108136003e-2	1.04920041500511036017428981816e-3
3.020e-04	-2.41593084214545586377260688101e-2	1.06584584456184436228920220871e-3
3.030e-04	-2.41730907559409716617555284947e-2	1.08260884582326026216436555024e-3
3.040e-04	-2.41867366445196654270428553799e-2	1.09948967730112063729708260335e-3
3.050e-04	-2.42002448098455378713880760707e-2	1.11648861769170498582323059200e-3
3.060e-04	-2.42136139750125507148459260332e-2	1.13360596571456412155477296747e-3
3.070e-04	-2.42268428629321021927043814248e-2	1.15084203997270506636490271545e-3
3.080e-04	-2.42399302323019599873140806494e-2	1.16819714714580248490647425693e-3
3.090e-04	-2.42528747320249104845522205567e-2	1.18567170729207426632474203466e-3
3.100e-04	-2.42656751554081395723862845949e-2	1.20326603321529412239682745670e-3
3.110e-04	-2.42783301819335423846312195396e-2	1.22098055364228333181616779516e-3
3.120e-04	-2.42908385243538943397184999682e-2	1.23881568513186636092598571289e-3
3.130e-04	-2.43031988914589156534583694324e-2	1.25677186376553565016270597710e-3
3.140e-04	-2.43154100332375949934090241412e-2	1.27484950457160637262769320323e-3
3.150e-04	-2.43274705587024460411752459726e-2	1.29304916231815854946972796141e-3
3.160e-04	-2.43393792542930675561998683982e-2	1.31137124892872874856455980416e-3
3.170e-04	-2.43511347607509073318540849822e-2	1.32981631954425132642790463959e-3
3.180e-04	-2.43627358104053403420152191048e-2	1.34838486096734586323567307208e-3
3.190e-04	-2.43741810254196147457410787808e-2	1.36707747158146138128509081265e-3
3.200e-04	-2.43854690685913834359950285908e-2	1.38589472604687035493947100518e-3
3.210e-04	-2.43965985933127676909651027585e-2	1.40483721954495682408233535797e-3
3.220e-04	-2.44075683041675457536249288666e-2	1.42390551228772392503739613138e-3
3.230e-04	-2.44183767766559423441322119468e-2	1.44310029268193500834879229086e-3
3.240e-04	-2.44290226975758929596138288801e-2	1.46242215874161251296442198384e-3
3.250e-04	-2.44395046142525755076395749431e-2	1.48187184601760379941608439232e-3
3.260e-04	-2.44498211220768456225481178747e-2	1.50145005648640701201674015467e-3
3.270e-04	-2.44599708756757310905221101332e-2	1.52115744721614499708018767242e-3
3.280e-04	-2.44699523733021847561972162525e-2	1.54099482826220860409198064758e-3
3.290e-04	-2.44797642443906827682769604226e-2	1.56096289790073440370662901640e-3
3.300e-04	-2.44894049497790431518028976546e-2	1.58106251872464440708210922680e-3
3.310e-04	-2.44988730059266254858531068673e-2	1.60129451061748067326232233344e-3
3.320e-04	-2.45081669981052673279575036637e-2	1.62165963748695552045324778982e-3
3.330e-04	-2.45172854137097434046291301946e-2	1.64215876170164838313469178424e-3
3.340e-04	-2.45262266260736684171312244017e-2	1.66279285973547251894310576838e-3
3.350e-04	-2.45349891683903534638632544558e-2	1.68356276633410062252554083117e-3
3.360e-04	-2.45435713632629066918070472086e-2	1.70446952017927763539608880024e-3
3.370e-04	-2.45519717040189217065306359827e-2	1.72551400706634201054844430639e-3
3.380e-04	-2.45601884573693857741212645266e-2	1.74669733204622150802154220549e-3
3.390e-04	-2.45682200723272593440291788813e-2	1.76802043547926878951263780868e-3
3.400e-04	-2.45760648698684160802823542082e-2	1.78948438424679658358591988953e-3
3.410e-04	-2.45837210223942806453013851383e-2	1.81109039177015486482487133248e-3
3.420e-04	-2.45911869034033856109662442864e-2	1.83283948777389443536447925217e-3
3.430e-04	-2.45984607429037517640274929538e-2	1.85473284321447013429819175045e-3
3.440e-04	-2.46055406046213910886456622315e-2	1.87677179253892747014039731179e-3
3.450e-04	-2.46124247740001499974606337349e-2	1.89895746582595624130465203637e-3
3.460e-04	-2.46191112331225547475120418182e-2	1.92129128658820568878408262513e-3
3.470e-04	-2.46255983482072363205422165044e-2	1.94377431870645306535668335050e-3
3.480e-04	-2.46318837215903417975152212831e-2	1.96640835821812586691698012988e-3
3.490e-04	-2.46379657986331247945581994356e-2	1.98919440407665002149045966480e-3
3.500e-04	-2.46438423896416564817301567830e-2	2.01213406517042301128459260245e-3
3.510e-04	-2.46495112360282697020147356547e-2	2.03522902200183358346224914115e-3
3.520e-04	-2.46549703569687468847780308425e-2	2.05848069521901609517186693668e-3
3.530e-04	-2.46602173798280079959352067533e-2	2.08189088516413952903111805106e-3
3.540e-04	-2.46652504161061655358210170848e-2	2.10546093426164013356615113068e-3
3.550e-04	-2.46700667925404995759096106594e-2	2.12919294130038418338186274864e-3
3.560e-04	-2.46746643267313249179343219078e-2	2.15308854058468660615553477801e-3
3.570e-04	-2.46790405908844851678971325093e-2	2.17714960675690702816324971261e-3
3.580e-04	-2.46831928738995356150886939186e-2	2.20137829183073015373618042614e-3
3.590e-04	-2.46871190350168813330655394455e-2	2.22577620588175093683054257071e-3
3.600e-04	-2.46908159934531725756757862976e-2	2.25034586703956483661362060391e-3
3.610e-04	-2.46942812458817158311379871215e-2	2.27508924469704760702775140423e-3
3.620e-04	-2.46975119897307384417083038784e-2	2.30000860141815276253262965589e-3
3.630e-04	-2.47005053347666281375281708762e-2	2.32510628997355695007543535144e-3
3.640e-04	-2.47032582981278804432712097064e-2	2.35038475828325244803926852144e-3
3.650e-04	-2.47057677990163871568530637698e-2	2.37584655470314584137787541560e-3
3.660e-04	-2.47080303666189281320313689023e-2	2.40149460943700691756658275042e-3
3.670e-04	-2.47100432692686000894400929625e-2	2.42733114760755905594167821683e-3
3.680e-04	-2.47118025126659474448930187252e-2	2.45335961678244618508987629737e-3
3.690e-04	-2.47133048483547181532025987911e-2	2.47958275333056390229634522024e-3
3.700e-04	-2.47145469409226150703620117557e-2	2.50600338437891939066928710411e-3
3.710e-04	-2.47155243372182064353540974732e-2	2.53262542132780733172222376982e-3
3.720e-04	-2.47162334035793932108703898532e-2	2.55945199380702706149806836633e-3
3.730e-04	-2.47166700305544624722804177746e-2	2.58648669780686959039637273038e-3
3.740e-04	-2.47168303230422904161377658376e-2	2.61373293104922644701378848892e-3
3.750e-04	-2.47167090768566644166567614332e-2	2.64119536134719921632683822258e-3
3.760e-04	-2.47163020147397211326935734020e-2	2.66887777227571476444024287271e-3
3.770e-04	-2.47156042882214565939664129796e-2	2.69678450719355295496208570113e-3
3.780e-04	-2.47146112737023407356844090598e-2	2.72491970260868502211598209933e-3
3.790e-04	-2.47133168054848209893810102375e-2	2.75328899100506662342610779593e-3
3.800e-04	-2.47117157621954683683417560207e-2	2.78189700933887294818329839572e-3
3.810e-04	-2.47098028236905436587655275631e-2	2.81074859744414131300190389514e-3
3.820e-04	-2.47075709176480612499111541027e-2	2.83985029452050891114241172875e-3
3.830e-04	-2.47050146430375181677188547501e-2	2.86920704255344498083440028125e-3
3.840e-04	-2.47021262091313800600097411998e-2	2.89882609764392729030763883818e-3
3.850e-04	-2.46988996027498466451550283780e-2	2.92871301825890242504901754340e-3
3.860e-04	-2.46953268014607092019141215103e-2	2.95887531167358396351065371997e-3
3.870e-04	-2.46913998964696830962423121683e-2	2.98932039094568452525490179816e-3
3.880e-04	-2.46871105234602053700534047678e-2	3.02005612371379981102059881134e-3
3.890e-04	-2.46824498232830468384708861749e-2	3.05109087093791393325961642651e-3
3.900e-04	-2.46774091009758524901559260924e-2	3.08243285438464234815028909342e-3
3.910e-04	-2.46719769951986157463851289116e-2	3.11409287909101595283318326491e-3
3.920e-04	-2.46661443167775733100903890604e-2	3.14607968293011681368753616368e-3
3.930e-04	-2.46598990379456617844040864938e-2	3.17840475488480771038280511669e-3
3.940e-04	-2.46532290623207442902036806133e-2	3.21107967378549780535930648834e-3
3.950e-04	-2.46461223096336142259056921779e-2	3.24411602954125535209159680176e-3
3.960e-04	-2.46385632055825848623930121032e-2	3.27752879566570924984671016097e-3
3.970e-04	-2.46305386038565059109132865636e-2	3.31133064510937049647298788627e-3
3.980e-04	-2.46220315769872234084596291081e-2	3.34553791436911774989446625887e-3
3.990e-04	-2.46130258134067909080995451193e-2	3.38016638545406367919906600877e-3
4.000e-04	-2.46035005257060589795186737858e-2	3.41523617455075630885630441979e-3
4.010e-04	-2.45934374535849572123312827821e-2	3.45076501785093826107204518703e-3
4.020e-04	-2.45828145788778250317811110331e-2	3.48677430533160221666400152246e-3
4.030e-04	-2.45716053797473245206642936075e-2	3.52328979882403044291984281945e-3
4.040e-04	-2.45597857671396231735442306504e-2	3.56033498854179063596211421751e-3
4.050e-04	-2.45473267768614806458982768832e-2	3.59793810641278281149433282913e-3
4.060e-04	-2.45341935607533052849997199417e-2	3.63613309926750075702475583894e-3
4.070e-04	-2.45203548022636085715884726022e-2	3.67495061738515562917238316323e-3
4.080e-04	-2.45057664803307918877087297287e-2	3.71443358263435960709686126564e-3
4.090e-04	-2.44903890160756870945446366702e-2	3.75462077558852903179080014774e-3
4.100e-04	-2.44741676545924634071109626788e-2	3.79556564668970868193662946443e-3
4.110e-04	-2.44570493775285006236353672835e-2	3.83732013728923481007585217869e-3
4.120e-04	-2.44389701422996229005017637689e-2	3.87994693010585838884842183043e-3
4.130e-04	-2.44198564673416673907703383841e-2	3.92351796468897674706453781472e-3
4.140e-04	-2.43996210546257435856395045381e-2	3.96811867460362896297621806988e-3
4.150e-04	-2.43781666241604621504937408390e-2	4.01384436995820798541091342964e-3
4.160e-04	-2.43553733794143730738445051250e-2	4.06081232057245782620256201253e-3
4.170e-04	-2.43311064615979752671366625146e-2	4.10915470940358785962403987802e-3
4.180e-04	-2.43051939832204369650850627296e-2	4.15903981922951152588646450391e-3
4.190e-04	-2.42774240697530075393374085237e-2	4.21067506116636006543681485672e-3
4.200e-04	-2.42475414015771943623715674868e-2	4.26431054905709629833646248618e-3
4.210e-04	-2.42152068146078888998214421750e-2	4.32027825048916717105992967019e-3
4.220e-04	-2.41799805632850940357407161672e-2	4.37900865449962755289616051257e-3
4.230e-04	-2.41412556144342310250645803399e-2	4.44109579771991388491686932177e-3
4.240e-04	-2.40981660710668600827832491801e-2	4.50738692265008624757887405508e-3
4.250e-04	-2.40493739525054350491910291240e-2	4.57919064438890090495359342393e-3
4.260e-04	-2.39926658353808552813472510300e-2	4.65867164557400432619784233361e-3
4.270e-04	-2.39237356892121902693727816241e-2	4.75003968862130257620978717692e-3
4.280e-04	-2.38316086697528999628706598086e-2	4.86402130900915965273579700923e-3
4.290e-04	-2.36304323559552701976462647559e-2	5.08449540350418543215190290150e-3
