0.000e+00	-2.00000000000000000000000000000e-2	0
1.000e-06	-1.99775159240094822911368869550e-2	0
2.000e-06	-1.99550636424314434171065440794e-2	0
3.000e-06	-1.99326430756511407188078891940e-2	0
4.000e-06	-1.99102541451049223697366316226e-2	0
5.000e-06	-1.98878967732693320615770082012e-2	0
6.000e-06	-1.98655708836504702383915562980e-2	0
7.000e-06	-1.98432764007736065030713317905e-2	0
8.000e-06	-1.98210132501730380022402890493e-2	0
9.000e-06	-1.97987813583821887723601794061e-2	0
1.000e-05	-1.97765806529239452006246091937e-2	0
1.100e-05	-1.97544110623012229196187893340e-2	0
1.200e-05	-1.97322725159877606148996667393e-2	0
1.300e-05	-1.97101649444191363798534150587e-2	0
1.400e-05	-1.96880882789840024026372649934e-2	0
1.500e-05	-1.96660424520155339159247368376e-2	0
1.600e-05	-1.96440273967830884817523216087e-2	0
1.700e-05	-1.96220430474840718212084364669e-2	0
1.800e-05	-1.96000893392360065321997617679e-2	0
1.900e-05	-1.95781662080688001682586892702e-2	0
2.000e-05	-1.95562735909172092774888220689e-2	0
2.100e-05	-1.95344114256134961234551398633e-2	0
2.200e-05	-1.95125796508802749292667298527e-2	0
2.300e-05	-1.94907782063235446024324497945e-2	0
2.400e-05	-1.94690070324259050114393044010e-2	0
2.500e-05	-1.94472660705399539955544291825e-2	0
2.600e-05	-1.94255552628818623972234068437e-2	0
2.700e-05	-1.94038745525251245117636919868e-2	0
2.800e-05	-1.93822238833944814519619251683e-2	0
2.900e-05	-1.93606032002600150258035090705e-2	0
3.000e-05	-1.93390124487314098240135157536e-2	0
3.100e-05	-1.93174515752523813104880477145e-2	0
3.200e-05	-1.92959205270952678031590630038e-2	0
3.300e-05	-1.92744192523557843254747833686e-2	0
3.400e-05	-1.92529476999479363996028022418e-2	0
3.500e-05	-1.92315058195990919417604997909e-2	0
3.600e-05	-1.92100935618452095080151086752e-2	0
3.700e-05	-1.91887108780262212248381174433e-2	0
3.800e-05	-1.91673577202815688247823948129e-2	0
3.900e-05	-1.91460340415458912901388905933e-2	0
4.000e-05	-1.91247397955448626916340220828e-2	0
4.100e-05	-1.91034749367911788900340994418e-2	0
4.200e-05	-1.90822394205806918494652076980e-2	0
4.300e-05	-1.90610332029886903921900649404e-2	0
4.400e-05	-1.90398562408663263021297173902e-2	0
4.500e-05	-1.90187084918371847650680129642e-2	0
4.600e-05	-1.89975899142939982097743223572e-2	0
4.700e-05	-1.89765004673955026930335379987e-2	0
4.800e-05	-1.89554401110634360482771802264e-2	0
4.900e-05	-1.89344088059796770945920858022e-2	0
5.000e-05	-1.89134065135835252795992795627e-2	0
5.100e-05	-1.88924331960691202063456143755e-2	0
5.200e-05	-1.88714888163830005709660817751e-2	0
5.300e-05	-1.88505733382218021145859324118e-2	0
5.400e-05	-1.88296867260300942698106446118e-2	0
5.500e-05	-1.88088289449983552593029480558e-2	0
5.600e-05	-1.87879999610610854814645041611e-2	0
5.700e-05	-1.87671997408950590962247184956e-2	0
5.800e-05	-1.87464282519177138024919371609e-2	0
5.900e-05	-1.87256854622856788780465790017e-2	0
6.000e-05	-1.87049713408934416326579937410e-2	0
6.100e-05	-1.86842858573721525060964270567e-2	0
6.200e-05	-1.86636289820885691246011557758e-2	0
6.300e-05	-1.86430006861441397123720292457e-2	0
6.400e-05	-1.86224009413742263388947318316e-2	0
6.500e-05	-1.86018297203474685685148758963e-2	0
6.600e-05	-1.85812869963652881657721519127e-2	0
6.700e-05	-1.85607727434615355987280394768e-2	0
6.800e-05	-1.85402869364022791730095490058e-2	0
6.900e-05	-1.85198295506857377216938369109e-2	0
7.000e-05	-1.84994005625423578706277588867e-2	0
7.100e-05	-1.84789999489350369954732391570e-2	0
7.200e-05	-1.84586276875594930858624046372e-2	0
7.300e-05	-1.84382837568447828337130281265e-2	0
7.400e-05	-1.84179681359539693671815425840e-2	0
7.500e-05	-1.83976808047849411591144583993e-2	0
7.600e-05	-1.83774217439713837494071666793e-2	0
7.700e-05	-1.83571909348839060346115242604e-2	0
7.800e-05	-1.83369883596313229956829636833e-2	0
7.900e-05	-1.83168140010620968561709645638e-2	0
8.000e-05	-1.82966678427659387886957712362e-2	0
8.100e-05	-1.82765498690755734174982469499e-2	0
8.200e-05	-1.82564600650686684994960553806e-2	0
8.300e-05	-1.82363984165699323059453470769e-2	0
8.400e-05	-1.82163649101533813718321608384e-2	0
8.500e-05	-1.81963595331447814308652969826e-2	0
8.600e-05	-1.81763822736242645108024639737e-2	0
8.700e-05	-1.81564331204291253272332443324e-2	0
8.800e-05	-1.81365120631568002843173446572e-2	1.23710580012837854545729876657e-20
8.900e-05	-1.81166190921680325688218863186e-2	2.35734347666244363330015003319e-20
9.000e-05	-1.80967541985902270096439889195e-2	4.42562565686963798328759624699e-20
9.100e-05	-1.80769173743209985694154915874e-2	8.18985936317802243468971936391e-20
9.200e-05	-1.80571086120319185383853249418e-2	1.49462760617227971677373681610e-19
9.300e-05	-1.80373279051724627142365361611e-2	2.69116505317599110579332555349e-19
9.400e-05	-1.80175752479741660755552247442e-2	4.78284243762812758599215215794e-19
9.500e-05	-1.79978506354549886921320518666e-2	8.39363185580392673603102994029e-19
9.600e-05	-1.79781540634238978630244996698e-2	1.45513755879477354749436607088e-18
9.700e-05	-1.79584855284856717343062934760e-2	2.49294981604444717351661368383e-18
9.800e-05	-1.79388450280459299237417144208e-2	4.22217933190181955257342412866e-18
9.900e-05	-1.79192325603163969704161229546e-2	7.07172480435364601043846814484e-18
1.000e-04	-1.78996481243204047349180572396e-2	1.17172406909378906408799576690e-17
1.010e-04	-1.78800917198986402014230080046e-2	1.92121807955941961598242899948e-17
1.020e-04	-1.78605633477151454785406965496e-2	3.11827041620171882398384968128e-17
1.030e-04	-1.78410630092635771627834418464e-2	5.01147904776373535100200846887e-17
1.040e-04	-1.78215907068737326188959944691e-2	7.97732614015096690356036122547e-17
1.050e-04	-1.78021464437183511471513745293e-2	1.25807797360212775949921718040e-16
1.060e-04	-1.77827302238201984513636177354e-2	1.96621734256843136513788921750e-16
1.070e-04	-1.77633420520594432953186991266e-2	3.04607010152432833463842485029e-16
1.080e-04	-1.77439819341813357423351218583e-2	4.67885098136491449905694356686e-16
1.090e-04	-1.77246498768041969157366964628e-2	7.12741579358903022162083035330e-16
1.100e-04	-1.77053458874277308004061262358e-2	1.07700422182633237989106439885e-15
1.110e-04	-1.76860699744416692308009506284e-2	1.61469475289140047969021170543e-15
1.120e-04	-1.76668221471347618826219257719e-2	2.40238744949612019006022634832e-15
1.130e-04	-1.76476024157041238077470677372e-2	3.54783863410714623376279244762e-15
1.140e-04	-1.76284107912649538293377111902e-2	5.20161661666956568735189892699e-15
1.150e-04	-1.76092472858606379506552273099e-2	7.57266921324306313305657333592e-15
1.160e-04	-1.75901119124732528317491282996e-2	1.09490246905737399543482189117e-14
1.170e-04	-1.75710046850344853575776894137e-2	1.57251423276969727830692144003e-14
1.180e-04	-1.75519256184369853641713997300e-2	2.24378228988354300112641373436e-14
1.190e-04	-1.75328747285461697110303212227e-2	3.18130712686690645062165249864e-14
1.200e-04	-1.75138520322124970928697294064e-2	4.48268888679794047077099655849e-14
1.210e-04	-1.74948575472842342767335274149e-2	6.27836812803826206128832941469e-14
1.220e-04	-1.74758912926207358357335669691e-2	8.74168158261509988262499394685e-14
1.230e-04	-1.74569532881062609321767064966e-2	1.21016878770628660141398617223e-13
1.240e-04	-1.74380435546643522839722935866e-2	1.66594386868265688222325913183e-13
1.250e-04	-1.74191621142728041315977460746e-2	2.28085131464822714252851597386e-13
1.260e-04	-1.74003089899792478102493374484e-2	3.10608005745745064827239084096e-13
1.270e-04	-1.73814842059173854237165351615e-2	4.20787120406015867301690925153e-13
1.280e-04	-1.73626877873239041122661313971e-2	5.67152285847421815474004757258e-13
1.290e-04	-1.73439197605561055041382984356e-2	7.60634568541704475721656325399e-13
1.300e-04	-1.73251801531102871350985173232e-2	1.01517665637455174260020739984e-12
1.310e-04	-1.73064689936409149068054380403e-2	1.34848123581650422266317266442e-12
1.320e-04	-1.72877863119806280242448909070e-2	1.78292453786724303006740479268e-12
1.330e-04	-1.72691321391611202943572952445e-2	2.34666669679257313639211521018e-12
1.340e-04	-1.72505065074349441687418458062e-2	3.07499563392481952263039887237e-12
1.350e-04	-1.72319094502982864565032008068e-2	4.01194687727989810146405588721e-12
1.360e-04	-1.72133410025147671993059139856e-2	5.21224810582910129201809967597e-12
1.370e-04	-1.71948012001403157665608066722e-2	6.74364431404109611743058905998e-12
1.380e-04	-1.71762900805491807679099721024e-2	8.68966737592085644985791729791e-12
1.390e-04	-1.71578076824611328626679411615e-2	1.11529224946735537104162270311e-11
1.400e-04	-1.71393540459699219377127624225e-2	1.42589735982864171843317807974e-11
1.410e-04	-1.71209292125730523887612059961e-2	1.81609202233861560538002912421e-11
1.420e-04	-1.71025332252029423333988407483e-2	2.30447698560866398759988934299e-11
1.430e-04	-1.70841661282595344622112230220e-2	2.91357221003935163696312710365e-11
1.440e-04	-1.70658279676444278476380582394e-2	3.67054944471103278477827018344e-11
1.450e-04	-1.70475187907966013258490149246e-2	4.60808338369504622909505640856e-11
1.460e-04	-1.70292386467297999886337408875e-2	5.76533736603664214835104792019e-11
1.470e-04	-1.70109875860716568103784397754e-2	7.18910123139220807277566847585e-11
1.480e-04	-1.69927656611046214270789518227e-2	8.93510069291062380782867342949e-11
1.490e-04	-1.69745729258087675148246488078e-2	1.10694994383383329396421148802e-10
1.500e-04	-1.69564094359065490169043167269e-2	1.36706171161944113161398060312e-10
1.510e-04	-1.69382752489095735725407746903e-2	1.68308884015993213767890984617e-10
1.520e-04	-1.69201704241674588359720644903e-2	2.06590904599604641670715975356e-10
1.530e-04	-1.69020950229188338712928257634e-2	2.52828683287740077841395431014e-10
1.540e-04	-1.68840491083445433952943893713e-2	3.08515900093296577632865319934e-10
1.550e-04	-1.68660327456231072473510874305e-2	3.75395653905615845113462958822e-10
1.560e-04	-1.68480460019884810235722184671e-2	4.55496655045150921851249751681e-10
1.570e-04	-1.68300889467901562553580762144e-2	5.51173810230869714012310240246e-10
1.580e-04	-1.68121616515556297768632309736e-2	6.65153613333749697834774541560e-10
1.590e-04	-1.67942641900552619517992489086e-2	8.00584779569980888919453328772e-10
1.600e-04	-1.67763966383695321628297082645e-2	9.61094584883290839304654585712e-10
1.610e-04	-1.67585590749586873564305313265e-2	1.15085139597291099979328870962e-9
1.620e-04	-1.67407515807347654403020948671e-2	1.37463389952205991413273108822e-9
1.630e-04	-1.67229742391359599122921641681e-2	1.63790756143613289965020632271e-9
1.640e-04	-1.67052271362032752322216072211e-2	1.94690886806029507898572577128e-9
1.650e-04	-1.66875103606594041118623571530e-2	2.30873792114956149530153238479e-9
1.660e-04	-1.66698240039897380830631094857e-2	2.73145997653493841660082870699e-9
1.670e-04	-1.66521681605254014147522501815e-2	3.22421653267979941523940421248e-9
1.680e-04	-1.66345429275281756918763970840e-2	3.79734658935456628235002289531e-9
1.690e-04	-1.66169484052771581739594017678e-2	4.46251870816988037218065104226e-9
1.700e-04	-1.65993846971569714524573632044e-2	5.23287451538713998929203408172e-9
1.710e-04	-1.65818519097473149686392540984e-2	6.12318429295417334978565517823e-9
1.720e-04	-1.65643501529136207166523183060e-2	7.15001530577379396669001875839e-9
1.730e-04	-1.65468795398985459875752321676e-2	8.33191351148428317627195542441e-9
1.740e-04	-1.65294401874140054415962386087e-2	9.68959929319528630247211480789e-9
1.750e-04	-1.65120322157334131958781554185e-2	1.12461778453659550736131956517e-8
1.760e-04	-1.64946557487837731197668733331e-2	1.30273648280265755462495014237e-8
1.770e-04	-1.64773109142372222968772858545e-2	1.50617278845315065463466787184e-8
1.780e-04	-1.64599978436015987419205236966e-2	1.73809445927027709593161915652e-8
1.790e-04	-1.64427166723095702156863941773e-2	2.00200773883072323512515786773e-8
1.800e-04	-1.64254675398058262854133585680e-2	2.30178659630503603577565590121e-8
1.810e-04	-1.64082505896318014167983513808e-2	2.64170375964306915177167385231e-8
1.820e-04	-1.63910659695073621829489553082e-2	3.02646358316690642720706534370e-8
1.830e-04	-1.63739138314088575907635750796e-2	3.46123678503196115841731439845e-8
1.840e-04	-1.63567943316428982932429791879e-2	3.95169708379288695554361967027e-8
1.850e-04	-1.63397076309151975359856938710e-2	4.50405975641115231877381811971e-8
1.860e-04	-1.63226538943937751961840278386e-2	5.12512213245684189358857010954e-8
1.870e-04	-1.63056332917657965929952078305e-2	5.82230603098359650917645622193e-8
1.880e-04	-1.62886459972872886203238674512e-2	6.60370213759202548531216784403e-8
1.890e-04	-1.62716921898249495718801155408e-2	7.47811630954740650931133246101e-8
1.900e-04	-1.62547720528892459363399728243e-2	8.45511778649096145949778150730e-8
1.910e-04	-1.62378857746579651272550340496e-2	9.54508927329477814164444107087e-8
1.920e-04	-1.62210335479893773267982748509e-2	1.07592788499781612964060454322e-7
1.930e-04	-1.62042155704241430967891663688e-2	1.21098536513537325322636094648e-7
1.940e-04	-1.61874320441750893578147483984e-2	1.36099552462369067041996156380e-7
1.950e-04	-1.61706831761039732343750496559e-2	1.52737566326706048329242577897e-7
1.960e-04	-1.61539691776843409406572652024e-2	1.71165207517341527630430859908e-7
1.970e-04	-1.61372902649496006158217793979e-2	1.91546604081723302699740810811e-7
1.980e-04	-1.61206466584254200412958628001e-2	2.14057994713586564161434690712e-7
1.990e-04	-1.61040385830455837892885656951e-2	2.38888352150609902859440109746e-7
2.000e-04	-1.60874662680504494857632542036e-2	2.66240016391839901106725255940e-7
2.010e-04	-1.60709299468671658573445450200e-2	2.96329336012024133168863257893e-7
2.020e-04	-1.60544298569708483672358297159e-2	3.29387315694611796017340052985e-7
2.030e-04	-1.60379662397259336652657134901e-2	3.65660267950010474678200496768e-7
2.040e-04	-1.60215393402069792418750062265e-2	4.05410466831752531814745076769e-7
2.050e-04	-1.60051494069982010621614790452e-2	4.48916801311676986054404879883e-7
2.060e-04	-1.59887966919711511079727636109e-2	4.96475425827144932359794414396e-7
2.070e-04	-1.59724814500398863902854034452e-2	5.48400405370199474681214621931e-7
2.080e-04	-1.59562039388931879324124988781e-2	6.05024352351281408317999607752e-7
2.090e-04	-1.59399644187033196747817035065e-2	6.66699052340605607916874232656e-7
2.100e-04	-1.59237631518110028590763656773e-2	7.33796075669339124959748795494e-7
2.110e-04	-1.59076004023862950620201608902e-2	8.06707371762284081584998490758e-7
2.120e-04	-1.58914764360652334017021054085e-2	8.85845842974818430387952248679e-7
2.130e-04	-1.58753915195620727770027183964e-2	9.71645894621501572063522943382e-7
2.140e-04	-1.58593459202571213460790106288e-2	1.06456395781275662814509307103e-6
2.150e-04	-1.58433399057604837609953212282e-2	1.16507898166063393869064830524e-6
2.160e-04	-1.58273737434515988905933318487e-2	1.27369289137880240352094296764e-6
2.170e-04	-1.58114476999951528479941702588e-2	1.39093100878211069135158318746e-6
2.180e-04	-1.57955620408339829071923171329e-2	1.51734243169269987246700074493e-6
2.190e-04	-1.57797170296590627679563272403e-2	1.65350036878522666499340190049e-6
2.200e-04	-1.57639129278577797380076115291e-2	1.80000242644603260049595114190e-6
2.210e-04	-1.57481499939410627865080239092e-2	1.95747084429285548386571335280e-6
2.220e-04	-1.57324284829506625933918943857e-2	2.12655267609247475409807505463e-6
2.230e-04	-1.57167486458471750052386852637e-2	2.30791991293592253905022410473e-6
2.240e-04	-1.57011107288804385267053244947e-2	2.50226954567045444912106785627e-6
2.250e-04	-1.56855149729440140425028898886e-2	2.71032356375578365733117983037e-6
2.260e-04	-1.56699616129139111674245894196e-2	2.93282888791809738969126389142e-6
2.270e-04	-1.56544508769751226285854100398e-2	3.17055723417499831074678342653e-6
2.280e-04	-1.56389829859354990102574176028e-2	3.42430490707753151454479498469e-6
2.290e-04	-1.56235581525317306084040144225e-2	3.69489252024766519244893012599e-6
2.300e-04	-1.56081765807254829961055497716e-2	3.98316464263655859749873993197e-6
2.310e-04	-1.55928384649959488250097712087e-2	4.28998936917745009012320721010e-6
2.320e-04	-1.55775439896271083623113256603e-2	4.61625781491240809902418522960e-6
2.330e-04	-1.55622933279953502508092823692e-2	4.96288353195931561816518309486e-6
2.340e-04	-1.55470866418581272407999638873e-2	5.33080184910202516066040448952e-6
2.350e-04	-1.55319240806430761087056135034e-2	5.72096913420022280431370078321e-6
2.360e-04	-1.55168057807474109895140870290e-2	6.13436197987916570900946452049e-6
2.370e-04	-1.55017318648441353439359413502e-2	6.57197631352416324918652201134e-6
2.380e-04	-1.54867024411948430016653871052e-2	7.03482643300538615248043430953e-6
2.390e-04	-1.54717176029841541041287491356e-2	7.52394396972063083642361386510e-6
2.400e-04	-1.54567774276593564411840490700e-2	8.04037678145830384702552074729e-6
2.410e-04	-1.54418819762990602387093021092e-2	8.58518777733391015717844031220e-6
2.420e-04	-1.54270312929952884080179612736e-2	9.15945367811689315289612619681e-6
2.430e-04	-1.54122254042562039849650129375e-2	9.76426371530079687666785742621e-6
2.440e-04	-1.53974643184466471124939806650e-2	1.04007182723573949545036861434e-5
2.450e-04	-1.53827480252386155374931420231e-2	1.10699274729799583884227598058e-5
2.460e-04	-1.53680764951052364114752807419e-2	1.17730097201039752345097458332e-5
2.470e-04	-1.53534496788398823848341434786e-2	1.25110901909536753247168942567e-5
2.480e-04	-1.53388675071124946947119703764e-2	1.32852992929512378309244936643e-5
2.490e-04	-1.53243298900542614875283061787e-2	1.40967710861324321975448252390e-5
2.500e-04	-1.53098367168785685391153098134e-2	1.49466416775001348297634544319e-5
2.510e-04	-1.52953878555664230633390984531e-2	1.58360475921133646627723246527e-5
2.520e-04	-1.52809831525349498437723328159e-2	1.67661241296380266534533354501e-5
2.530e-04	-1.52666224324228813792638440737e-2	1.77380037077977704490480815049e-5
2.540e-04	-1.52523054978345210169904251222e-2	1.87528142045242234657880213386e-5
2.550e-04	-1.52380321291997622274158891165e-2	1.98116772991526723654351912178e-5
2.560e-04	-1.52238020846216659873885078205e-2	2.09157068237499533558525001534e-5
2.570e-04	-1.52096150998118394225686432273e-2	2.20660071266070912524768102579e-5
2.580e-04	-1.51954708880314024998041130727e-2	2.32636714576769523987243731630e-5
2.590e-04	-1.51813691400967303349647433115e-2	2.45097803778869482497800613400e-5
2.600e-04	-1.51673095244233481125160791688e-2	2.58054002026251612810163462069e-5
2.610e-04	-1.51532916871021699538215823641e-2	2.71515814808108893976999478582e-5
2.620e-04	-1.51393152520695000720061712274e-2	2.85493575145856187808862744695e-5
2.630e-04	-1.51253798212049766117799949928e-2	2.99997429330480734776563841750e-5
2.640e-04	-1.51114849746316962539887473807e-2	3.15037323086018028064730230827e-5
2.650e-04	-1.50976302708691591018302036350e-2	3.30622988417622896389004962709e-5
2.660e-04	-1.50838152472305378827992830193e-2	3.46763930933903849736421281344e-5
2.670e-04	-1.50700394200490010677731705885e-2	3.63469417956017709363729851877e-5
2.680e-04	-1.50563022850973543923456841092e-2	3.80748467199073113555659191778e-5
2.690e-04	-1.50426033179699784351052786493e-2	3.98609836212551298955559532240e-5
2.700e-04	-1.50289419745111614365135909003e-2	4.17062012547145894375876482738e-5
2.710e-04	-1.50153176913006878051132827768e-2	4.36113204655290386296515916557e-5
2.720e-04	-1.50017298860659919747391165150e-2	4.55771333657679615483769912665e-5
2.730e-04	-1.49881779582674080928168437738e-2	4.76044025772491220261211226151e-5
2.740e-04	-1.49746612896492923698004917823e-2	4.96938605588254857006818689313e-5
2.750e-04	-1.49611792447038639349549147287e-2	5.18462090254499898866721817799e-5
2.760e-04	-1.49477311713457456791108691651e-2	5.40621184294427151242817387974e-5
2.770e-04	-1.49343164015278267206707022804e-2	5.63422275288904081722777618993e-5
2.780e-04	-1.49209342517808477917931592390e-2	5.86871430464949585395964655241e-5
2.790e-04	-1.49075840237754342920491765849e-2	6.10974394084165926062156490722e-5
2.800e-04	-1.48942650053174587159631073457e-2	6.35736585099389358580595197888e-5
2.810e-04	-1.48809764705013444619590551934e-2	6.61163096592458320971690963738e-5
2.820e-04	-1.48677176807196903763913259784e-2	6.87258694947800931576732008483e-5
2.830e-04	-1.48544878853061924204075149356e-2	7.14027820178530536890812428773e-5
2.840e-04	-1.48412863220828196416830963496e-2	7.41474587103796445395623672515e-5
2.850e-04	-1.48281122180088442005020472921e-2	7.69602787090024091381569421636e-5
2.860e-04	-1.48149647901792091993415621923e-2	7.98415889918401222203124095272e-5
2.870e-04	-1.48018432458335145360915223865e-2	8.27917047736171340615655866773e-5
2.880e-04	-1.47887467839834121517328723495e-2	8.58109097162238943516770270532e-5
2.890e-04	-1.47756745950854299085538817626e-2	8.88994564931561335422934299738e-5
2.900e-04	-1.47626258624577507735285607056e-2	9.20575671350251591394536004697e-5
2.910e-04	-1.47495997625473115830261583186e-2	9.52854336042642989315731492784e-5
2.920e-04	-1.47365954656704521731227545110e-2	9.85832183397214864237960044149e-5
2.930e-04	-1.47236121366486435812973507551e-2	1.01951054858897774220488363477e-4
2.940e-04	-1.47106489352794287301272355613e-2	1.05389048429037213224739589047e-4
2.950e-04	-1.46977050173898796967932811824e-2	1.08897276661628606918234057439e-4
2.960e-04	-1.46847795351900237963969218029e-2	1.12475790264815352877012889674e-4
2.970e-04	-1.46718716373041875985275630772e-2	1.16124613896781826000483525799e-4
2.980e-04	-1.46589804703595208498801034556e-2	1.19843746727640642637707828134e-4
2.990e-04	-1.46461051788746951254830370133e-2	1.23633163359812016678764621705e-4
3.000e-04	-1.46332449061894800118810159550e-2	1.27492814552596148562256261046e-4
3.010e-04	-1.46203987941016894181653333320e-2	1.31422628243810862590248643996e-4
3.020e-04	-1.46075659846835014800620223513e-2	1.35422510097611288544934361171e-4
3.030e-04	-1.45947456201809742263221624784e-2	1.39492344477230112395374699853e-4
3.040e-04	-1.45819368426346843381707355013e-2	1.43631995509937875022643435319e-4
3.050e-04	-1.45691387962078951991400421710e-2	1.47841307498794153233088988439e-4
3.060e-04	-1.45563506253953532566296515282e-2	1.52120106332088504642164835320e-4
3.070e-04	-1.45435714778027117949618573263e-2	1.56468199759133330026396471052e-4
3.080e-04	-1.45308005024041348535134853157e-2	1.60885378797616712290295394583e-4
3.090e-04	-1.45180368515349502046497672598e-2	1.65371418177712249188031777325e-4
3.100e-04	-1.45052796794518058684415140336e-2	1.69926077685351218158958900213e-4
3.110e-04	-1.44925281453214493402839887982e-2	1.74549102284176370892701478104e-4
3.120e-04	-1.44797814108633370297213382853e-2	1.79240223697617767292160291708e-4
3.130e-04	-1.44670386422019046309660336468e-2	1.83999160811001058732997410468e-4
3.140e-04	-1.44542990097788434877109507989e-2	1.88825620593695122168984818333e-4
3.150e-04	-1.44415616891530424295187475216e-2	1.93719298740136416812709071694e-4
3.160e-04	-1.44288258597413116773512753237e-2	1.98679880925451935463450273439e-4
3.170e-04	-1.44160907065262924975117696354e-2	2.03707043136172841788402492120e-4
3.180e-04	-1.44033554204210229646569621315e-2	2.08800452368742917093189847699e-4
3.190e-04	-1.43906191967081285360768107462e-2	2.13959767946126852209880260643e-4
3.200e-04	-1.43778812376210112097048417350e-2	2.19184641461701785968851676218e-4
3.210e-04	-1.43651407493053772891874210500e-2	2.24474718565387471670025326414e-4
3.220e-04	-1.43523969474203239212586925327e-2	2.29829637788311587014795660402e-4
3.230e-04	-1.43396490495911788200232423884e-2	2.35249033873621931360700655672e-4
3.240e-04	-1.43268962834503161394198794961e-2	2.40732535662158239779663936941e-4
3.250e-04	-1.43141378816986542005290663055e-2	2.46279768490983578706464269186e-4
3.260e-04	-1.43013730827351720760143728003e-2	2.51890354647569807766973650056e-4
3.270e-04	-1.42886011324240666503835089475e-2	2.57563913342904681765874237825e-4
3.280e-04	-1.42758212843838576671135664728e-2	2.63300061175204436217972767282e-4
3.290e-04	-1.42630327982288174985353001605e-2	2.69098413373145608882824011654e-4
3.300e-04	-1.42502349394125330573946322585e-2	2.74958584436867523621497451117e-4
3.310e-04	-1.42374269812866449493773936916e-2	2.80880187857209375907680792960e-4
3.320e-04	-1.42246082065523032478956702915e-2	2.86862835988954344383658004913e-4
3.330e-04	-1.42117778992197773190357631061e-2	2.92906143844520860807329042282e-4
3.340e-04	-1.41989353561321851721637447148e-2	2.99009724804760087025214536168e-4
3.350e-04	-1.41860798789570098758570733510e-2	3.05173194346269941868353199178e-4
3.360e-04	-1.41732107764401052453367515491e-2	3.11396169531989624586651852330e-4
3.370e-04	-1.41603273629472969841150499387e-2	3.17678270050814677108269000387e-4
3.380e-04	-1.41474289611756891680531426053e-2	3.24019117406148560486699680125e-4
3.390e-04	-1.41345149040095432395044424546e-2	3.30418334375391617053013833441e-4
3.400e-04	-1.41215845252814892815966109099e-2	3.36875549524892362863722289755e-4
3.410e-04	-1.41086371686996705159324830141e-2	3.43390393507640815461699300050e-4
3.420e-04	-1.40956721884616713292841055713e-2	3.49962498970746895669278286742e-4
3.430e-04	-1.40826889388054145001911693842e-2	3.56591505750748898690973615313e-4
3.440e-04	-1.40696867840834132009789518660e-2	3.63277056416141690861806248233e-4
3.450e-04	-1.40566650994232443816027015008e-2	3.70018796074817678755010802647e-4
3.460e-04	-1.40436232589545144582498295530e-2	3.76816378352911571509367539413e-4
3.470e-04	-1.40305606493116606826696894826e-2	3.83669458995449707722585385959e-4
3.480e-04	-1.40174766595287155847102131256e-2	3.90577701043971159180487125585e-4
3.490e-04	-1.40043706917926824360958271377e-2	3.97540769561891266841051286590e-4
3.500e-04	-1.39912421457102992641134351864e-2	4.04558339824805059446580053240e-4
3.510e-04	-1.39780904340425677250309050002e-2	4.11630089394663431020242829237e-4
3.520e-04	-1.39649149709343732435281747257e-2	4.18755704341661773162136262418e-4
3.530e-04	-1.39517151844010116346002068908e-2	4.25934872741411025778524142412e-4
3.540e-04	-1.39384904980719808263792715693e-2	4.33167294530336237765982095695e-4
3.550e-04	-1.39252403494411900423934357947e-2	4.40452671809157994421101389128e-4
3.560e-04	-1.39119641792415534863624545064e-2	4.47790714620297841048255814591e-4
3.570e-04	-1.38986614339469427002327889413e-2	4.55181139674740549912977345173e-4
3.580e-04	-1.38853315656643605889282037488e-2	4.62623670465685642951150783875e-4
3.590e-04	-1.38719740286801849964944272404e-2	4.70118039298458700623202479223e-4
3.600e-04	-1.38585882891439552596775279715e-2	4.77663981789506519520249774315e-4
3.610e-04	-1.38451738189637125965151228626e-2	4.85261240289418392452437599021e-4
3.620e-04	-1.38317300846067816668249750751e-2	4.92909570520782499829599288491e-4
3.630e-04	-1.38182565681010479855047502608e-2	5.00608729322481989885292444742e-4
3.640e-04	-1.38047527529545762558604097778e-2	5.08358482853892186265804815526e-4
3.650e-04	-1.37912181274948148525512102592e-2	5.16158604649022807971909181669e-4
3.660e-04	-1.37776521805119880040440318769e-2	5.24008878279079218652716051813e-4
3.670e-04	-1.37640544179277954321603890801e-2	5.31909087109273535437740182066e-4
3.680e-04	-1.37504243376876935281000996446e-2	5.39859029635013246312004129339e-4
3.690e-04	-1.37367614414847409965464174720e-2	5.47858512389270692879458171763e-4
3.700e-04	-1.37230652490536039230193461317e-2	5.55907340820345580624088094377e-4
3.710e-04	-1.37093352655122506469610939579e-2	5.64005339835210433333533084772e-4
3.720e-04	-1.36955710140611378212493810664e-2	5.72152333090557206259390414985e-4
3.730e-04	-1.36817720223334274481863594298e-2	5.80348151467112689066351017877e-4
3.740e-04	-1.36679378058970376294825533033e-2	5.88592643848646194385989066444e-4
3.750e-04	-1.36540679050647310707657545581e-2	5.96885653070461549980630729423e-4
3.760e-04	-1.36401618416667074307996305897e-2	6.05227044183783177052339044979e-4
3.770e-04	-1.36262191573738486394530162700e-2	6.13616679151855942165668489833e-4
3.780e-04	-1.36122393977041255513790481025e-2	6.22054427201237968804081022218e-4
3.790e-04	-1.35982220928043061921724856881e-2	6.30540177871766232636287671003e-4
3.800e-04	-1.35841668004287359359134111982e-2	6.39073811806742761400993198048e-4
3.810e-04	-1.35700730555396725719911383591e-2	6.47655235015729559157049639099e-4
3.820e-04	-1.35559404219722374176541201372e-2	6.56284343331373027127573546819e-4
3.830e-04	-1.35417684460966951788740675962e-2	6.64961054284443279906908913156e-4
3.840e-04	-1.35275566757566719870406950337e-2	6.73685294094854569780483555176e-4
3.850e-04	-1.35133046829342195106216556813e-2	6.82456981425814648197477463886e-4
3.860e-04	-1.34990120198677139081329327453e-2	6.91276058297701264269754994200e-4
3.870e-04	-1.34846782478568728124818436754e-2	7.00142469692329824714716525786e-4
3.880e-04	-1.34703029299349582761610346162e-2	7.09056168627575203734459130302e-4
3.890e-04	-1.34558856307245976415275887956e-2	7.18017116175198772951371060038e-4
3.900e-04	-1.34414259162926959223528573995e-2	7.27025281479547124318362904245e-4
3.910e-04	-1.34269233630558749850598010916e-2	7.36080635052757619926050908433e-4
3.920e-04	-1.34123775216864358484699907009e-2	7.45183175457511544330773769387e-4
3.930e-04	-1.33977879800777098170588574727e-2	7.54332882480677408647450508539e-4
3.940e-04	-1.33831542995702506791692853127e-2	7.63529764471528759543279371897e-4
3.950e-04	-1.33684760411367534789874742707e-2	7.72773838950249578584600591704e-4
3.960e-04	-1.33537528067965383666096603379e-2	7.82065100806302160919361888624e-4
3.970e-04	-1.33389841382277714520739815873e-2	7.91403599435604691866701677841e-4
3.980e-04	-1.33241696178482671250559870353e-2	8.00789361664902170529906132480e-4
3.990e-04	-1.33093088293407629216730695621e-2	8.10222421527999464240279839237e-4
4.000e-04	-1.32944013227367574822487497436e-2	8.19702847544587232173059919722e-4
4.010e-04	-1.32794466930495359899563879640e-2	8.29230681355652843090394125700e-4
4.020e-04	-1.32644445007079822633810448972e-2	8.38805999750465610230695810263e-4
4.030e-04	-1.32493943168915670879977517420e-2	8.48428879178247722605797625995e-4
4.040e-04	-1.32342957249928352524479645650e-2	8.58099394242372362536913950091e-4
4.050e-04	-1.32191482690995951826011108613e-2	8.67817658881169433292216447593e-4
4.060e-04	-1.32039515439689069957540453182e-2	8.77583754177953233115964036205e-4
4.070e-04	-1.31887051040271419702819886983e-2	8.87397801329373496249848278475e-4
4.080e-04	-1.31734085152369492941470117216e-2	8.97259919915701329196360199088e-4
4.090e-04	-1.31580613567419382219852564693e-2	9.07170226193530543275221504155e-4
4.100e-04	-1.31426631772323270046434928909e-2	9.17128868822810284879569883453e-4
4.110e-04	-1.31272135374690761681358160633e-2	9.27135994024213253039821721796e-4
4.120e-04	-1.31117119961078770250673632127e-2	9.37191757062812385567727162551e-4
4.130e-04	-1.30961581095125027926984966563e-2	9.47296322333463042795633179200e-4
4.140e-04	-1.30805514483445247391141404141e-2	9.57449849289142932733264708305e-4
4.150e-04	-1.30648915479010174649792787973e-2	9.67652534149765378364196422542e-4
4.160e-04	-1.30491779565462475436059781473e-2	9.77904569228892673290510296946e-4
4.170e-04	-1.30334102195725498894781850691e-2	9.88206156362560680316964787286e-4
4.180e-04	-1.30175878975741335054958299327e-2	9.98557491045211360020849946309e-4
4.190e-04	-1.30017105114533618703085763228e-2	1.00895880951148805102069592242e-3
4.200e-04	-1.29857775960736942770437005517e-2	1.01941034282743150837127944232e-3
4.210e-04	-1.29697887024190686140401146714e-2	1.02991231460442712230252873392e-3
4.220e-04	-1.29537433382777996335879473739e-2	1.04046499248634883834544521877e-3
4.230e-04	-1.29376410261260196084028506458e-2	1.05106863794932986088922488754e-3
4.240e-04	-1.29214812838404246524965175342e-2	1.06172352291473490735892259361e-3
4.250e-04	-1.29052636465971724427812014026e-2	1.07242991027940295338267308549e-3
4.260e-04	-1.28889876013233039080063127046e-2	1.08318811182289327753075819177e-3
4.270e-04	-1.28726526739364905994404718428e-2	1.09399841095752635013740248342e-3
4.280e-04	-1.28562583155598655235912000890e-2	1.10486116402111124522255103800e-3
4.290e-04	-1.28398040645290872029357050340e-2	1.11577665545989352905115816760e-3
4.300e-04	-1.28232894077429305586134633794e-2	1.12674522157797246463157572663e-3
4.310e-04	-1.28067137744457335067821411905e-2	1.13776725696831730376218948092e-3
4.320e-04	-1.27900766873825371144736633253e-2	1.14884307751158288421043995868e-3
4.330e-04	-1.27733776135188111831729064463e-2	1.15997305525136413061512361539e-3
4.340e-04	-1.27566159849965234393187605387e-2	1.17115759996344641434865158790e-3
4.350e-04	-1.27397912520085800792938523269e-2	1.18239711081949185513806915108e-3
4.360e-04	-1.27229028568098126929216608300e-2	1.19369199997549641333215162193e-3
4.370e-04	-1.27059502630781472851580110000e-2	1.20504266525508326151005051281e-3
4.380e-04	-1.26889328679315071028662605818e-2	1.21644957169138032812405391365e-3
4.390e-04	-1.26718501189691704543418348980e-2	1.22791314291474837629730141358e-3
4.400e-04	-1.26547013936290087870008580303e-2	1.23943387347401755517315545875e-3
4.410e-04	-1.26374860893157392772625654278e-2	1.25101224485823519220430458330e-3
4.420e-04	-1.26202035933067604546494783867e-2	1.26264875345509200838015746641e-3
4.430e-04	-1.26028533509783703226455959897e-2	1.27434384577056116131736453254e-3
4.440e-04	-1.25854346276507556793237752493e-2	1.28609814414871188376854442638e-3
4.450e-04	-1.25679468472585501089913904268e-2	1.29791212581852694524842485962e-3
4.460e-04	-1.25503893181028480507633238956e-2	1.30978638312586849702361576904e-3
4.470e-04	-1.25327614082370981632470363880e-2	1.32172145645681417454065691484e-3
4.480e-04	-1.25150623991620439402380821487e-2	1.33371797429720916000876345220e-3
4.490e-04	-1.24972915950356689918917043521e-2	1.34577654864384294240718841857e-3
4.500e-04	-1.24794483267161543438374228385e-2	1.35789777051720173676539254350e-3
4.510e-04	-1.24615318314119118882779214424e-2	1.37008232659741873941456583277e-3
4.520e-04	-1.24435414125710857658648057509e-2	1.38233084417707299873279793923e-3
4.530e-04	-1.24254762749261317483376372968e-2	1.39464405163960828862060969327e-3
4.540e-04	-1.24073356921941414522033621818e-2	1.40702261482597393328656236776e-3
4.550e-04	-1.23891188340184022472864730292e-2	1.41946730644018777120108053064e-3
4.560e-04	-1.23708248950100626112212858892e-2	1.43197887971472438659242311137e-3
4.570e-04	-1.23524530994340713020552770134e-2	1.44455806315405310097325488005e-3
4.580e-04	-1.23340025588415698560559669246e-2	1.45720570148547849142392658978e-3
4.590e-04	-1.23154724609908307871764931077e-2	1.46992256855358265737002813259e-3
4.600e-04	-1.22968618747270102560541457297e-2	1.48270956117544193522411954755e-3
4.610e-04	-1.22781699481287749351724373615e-2	1.49556750177230604771084086096e-3
4.620e-04	-1.22593957037751121913006547644e-2	1.50849734293595745678786285917e-3
4.630e-04	-1.22405382465754428771351655553e-2	1.52149995925490736261007517415e-3
4.640e-04	-1.22215965489309655536405028336e-2	1.53457636317374949142267211216e-3
4.650e-04	-1.22025696106000446233134808929e-2	1.54772754438507355728267860049e-3
4.660e-04	-1.21834564643448525013093632437e-2	1.56095446341168267108042716414e-3
4.670e-04	-1.21642560600335400771321634614e-2	1.57425816899295270412608684740e-3
4.680e-04	-1.21449672563301651443246855990e-2	1.58763980734924444923262069710e-3
4.690e-04	-1.21255889398262495346997224024e-2	1.60110050098510329025418881138e-3
4.700e-04	-1.21061200311609079247414047558e-2	1.61464134169329230697304524509e-3
4.710e-04	-1.20865593572184932797483583250e-2	1.62826352134775472555235348559e-3
4.720e-04	-1.20669055728698586496354760194e-2	1.64196841349368992498040029382e-3
4.730e-04	-1.20471576364759970158464239362e-2	1.65575708320007029136171960426e-3
4.740e-04	-1.20273141276495269872481994905e-2	1.66963099035994627121841138134e-3
4.750e-04	-1.20073737208997775250283568667e-2	1.68359150164434290941609326180e-3
4.760e-04	-1.19873351252786337613605412061e-2	1.69763995178827159588089324644e-3
4.770e-04	-1.19671969360977298215023104835e-2	1.71177779757797818511760090759e-3
4.780e-04	-1.19469576235623384171725308804e-2	1.72600663065488062372677216695e-3
4.790e-04	-1.19266156841915873083210715182e-2	1.74032801969422145237940094316e-3
4.800e-04	-1.19061696482016657330103194501e-2	1.75474350183947737596699122677e-3
4.810e-04	-1.18856179154840854509787619744e-2	1.76925475459832670453568677591e-3
4.820e-04	-1.18649587425513059039996370675e-2	1.78386361058992852241375011731e-3
4.830e-04	-1.18441904093836928160604708053e-2	1.79857188209191135691023780766e-3
4.840e-04	-1.18233112273040906089076444608e-2	1.81338135184409501273780893432e-3
4.850e-04	-1.18023193572000449251450828825e-2	1.82829396521208885580820754434e-3
4.860e-04	-1.17812127943819814949055475638e-2	1.84331184732781251041469524121e-3
4.870e-04	-1.17599896528099154825795461728e-2	1.85843700105694374248085258726e-3
4.880e-04	-1.17386477750828703285741995554e-2	1.87367172184171501011218012599e-3
4.890e-04	-1.17171851241068617417992538436e-2	1.88901818045371207138861053985e-3
4.900e-04	-1.16955993720988978159329683241e-2	1.90447886190633351170883830316e-3
4.910e-04	-1.16738883125915638283607597742e-2	1.92005612480493894115492641056e-3
4.920e-04	-1.16520495412458951841644016254e-2	1.93575254299366931474776106497e-3
4.930e-04	-1.16300804356240373860237740103e-2	1.95157092849208115102081338430e-3
4.940e-04	-1.16079784944632839523488698836e-2	1.96751396602844268540417962762e-3
4.950e-04	-1.15857408676676064617019807939e-2	1.98358471975586193997930117673e-3
4.960e-04	-1.15633646975508289846536830653e-2	1.99978626546003978933954059986e-3
4.970e-04	-1.15408472580205547966163088995e-2	2.01612153829496221797916927253e-3
4.980e-04	-1.15181851763431138322828312931e-2	2.03259417739628596884346359425e-3
4.990e-04	-1.14953751794705672189994640684e-2	2.04920771701085684220383988242e-3
5.000e-04	-1.14724139782769259788184336369e-2	2.06596571064839093192076839336e-3
5.010e-04	-1.14492979844631055633935856869e-2	2.08287203947141314500792271831e-3
5.020e-04	-1.14260232787399022184883800220e-2	2.09993094832336045715657265013e-3
5.030e-04	-1.14025860397079931941266875345e-2	2.11714657644187670885124832048e-3
5.040e-04	-1.13789820952500959212518193787e-2	2.13452344787569341951765178641e-3
5.050e-04	-1.13552068844692316497381815814e-2	2.15206651452547972798479135487e-3
5.060e-04	-1.13312559221029278465933440244e-2	2.16978064553128789776948531400e-3
5.070e-04	-1.13071241319564820747436462574e-2	2.18767136027417364222891116416e-3
5.080e-04	-1.12828064914361746861258051523e-2	2.20574411841549646061094340214e-3
5.090e-04	-1.12582975059923655001197040389e-2	2.22400489874502093308599801647e-3
5.100e-04	-1.12335911555146669807963225041e-2	2.24246025960587736950347273313e-3
5.110e-04	-1.12086814248137673205363731299e-2	2.26111675120165859076383706951e-3
5.120e-04	-1.11835615179360478540682044075e-2	2.27998178556968740853837719381e-3
5.130e-04	-1.11582245967177613857407204241e-2	2.29906281701889092295691048727e-3
5.140e-04	-1.11326631544545008691645661762e-2	2.31836803650433967769045671482e-3
5.150e-04	-1.11068689348407165059453180783e-2	2.33790646262672165267773385089e-3
5.160e-04	-1.10808335356649737615492752983e-2	2.35768726798186072285882397851e-3
5.170e-04	-1.10545477042454521139732720290e-2	2.37772056292414945345894628936e-3
5.180e-04	-1.10280012288051796048051688500e-2	2.39801751717605385790553533483e-3
5.190e-04	-1.10011835865643264257352323292e-2	2.41858963349744485217418171692e-3
5.200e-04	-1.09740831400088512407949077754e-2	2.43944964434912276258463147959e-3
5.210e-04	-1.09466869850414067974632756571e-2	2.46061168141802684326315000303e-3
5.220e-04	-1.09189819262357140197195125398e-2	2.48209017815589324553458470237e-3
5.230e-04	-1.08909521003568341021324544140e-2	2.50390253533313622895958945799e-3
5.240e-04	-1.08625819458016092795967620476e-2	2.52606578063934746967106958857e-3
5.250e-04	-1.08338527963010524268292148016e-2	2.54860039352413686415887907324e-3
5.260e-04	-1.08047450293435306054320169176e-2	2.57152788296461960959815342681e-3
5.270e-04	-1.07752362179925406617886545604e-2	2.59487286159021431609904954280e-3
5.280e-04	-1.07453024831681714501033187204e-2	2.61866151151802096889104635221e-3
5.290e-04	-1.07149156149456678632817357906e-2	2.64292482213210659175726978628e-3
5.300e-04	-1.06840450477703671428579927355e-2	2.66769634669985923278609269786e-3
5.310e-04	-1.06526553685141751126326308408e-2	2.69301499983188526869733063133e-3
5.320e-04	-1.06207075493569253497503471634e-2	2.71892364040344079035881604659e-3
5.330e-04	-1.05881549707588719856196132132e-2	2.74547354254341210359245808656e-3
5.340e-04	-1.05549451165031835159803413560e-2	2.77272243982740157091862644630e-3
5.350e-04	-1.05210161431093214871799264669e-2	2.80073835916398986780086897163e-3
5.360e-04	-1.04862950354759468625310014256e-2	2.82960164388294916786794982963e-3
5.370e-04	-1.04506939305631161699082377012e-2	2.85940902913141870501487164493e-3
5.380e-04	-1.04141082112096754746921084389e-2	2.89027567505589882425886002696e-3
5.390e-04	-1.03764062697434971238453167203e-2	2.92234659228308078484141071727e-3
5.400e-04	-1.03374256054715258428291069363e-2	2.95580080297666312948236241724e-3
5.410e-04	-1.02969547294416092637495285858e-2	2.99087145977737145360184290675e-3
5.420e-04	-1.02547133342196083158678482483e-2	3.02786769914988246857627493948e-3
5.430e-04	-1.02103199354700396540155768795e-2	3.06721028458187949510337117220e-3
5.440e-04	-1.01632174292411795023249650320e-2	3.10951411749752565088477808472e-3
5.450e-04	-1.01125549118253394668376767794e-2	3.15571854351257903900322596015e-3
5.460e-04	-1.00568831435487054206196311913e-2	3.20742426973895683088752744818e-3
5.470e-04	-9.99333925914036469356300632798e-3	3.26779464784081869323897666945e-3
5.480e-04	-9.91427138454638206546391689365e-3	3.34528862762371140554284648580e-3
