0	7.5	7.5	0
1.e-6	7.5	7.5	0
2.e-6	7.5	7.5	0
3.e-6	7.5	7.5	0
4.e-6	7.5	7.5	0
5.e-6	7.5	7.5	0
6.e-6	7.5	7.5	0
7.e-6	7.5	7.5	0
8.e-6	7.5	7.5	0
9.e-6	7.5	7.5	0
1.e-5	7.5	7.5	0
0.000011	7.5	7.5	0
0.000012	7.5	7.5	0
0.000013	7.5	7.5	0
0.000014	7.5	7.5	0
0.000015	7.5	7.5	0
0.000016	7.5	7.5	0
0.000017	7.5	7.5	0
0.000018	7.5	7.5	0
0.000019	7.5	7.5	0
0.00002	7.5	7.5	0
0.000021	7.5	7.5	0
0.000022	7.5	7.5	0
0.000023	7.5	7.5	0
0.000024	7.5	7.5	0
0.000025	7.5	7.5	0
0.000026	7.5	7.5	0
0.000027	7.5	7.5	0
0.000028	7.5	7.5	0
0.000029	7.5	7.5	0
0.00003	7.5	7.5	0
0.000031	7.5	7.5	0
0.000032	7.5	7.5	0
0.000033	7.5	7.5	0
0.000034	7.5	7.5	0
0.000035	7.5	7.5	0
0.000036	7.5	7.5	0
0.000037	7.5	7.5	0
0.000038	7.5	7.5	0
0.000039	7.5	7.5	0
0.00004	7.5	7.5	0
0.000041	7.5	7.5	0
0.000042	7.5	7.5	0
0.000043	7.5	7.5	0
0.000044	7.5	7.5	0
0.000045	7.5	7.5	0
0.000046	7.5	7.5	0
0.000047	7.5	7.5	0
0.000048	7.5	7.5	0
0.000049	7.5	7.5	0
0.00005	7.5	7.5	0
0.000051	7.5	7.5	0
0.000052	7.5	7.5	0
0.000053	7.5	7.5	0
0.000054	7.5	7.5	0
0.000055	7.5	7.5	0
0.000056	7.5	7.5	0
0.000057	7.5	7.5	0
0.000058	7.5	7.5	0
0.000059	7.5	7.5	0
0.00006	7.5	7.5	0
0.000061	7.5	7.5	0
0.000062	7.5	7.5	0
0.000063	7.5	7.5	0
0.000064	7.5	7.5	0
0.000065	7.5	7.5	0
0.000066	7.5	7.5	0
0.000067	7.5	7.5	0
0.000068	7.5	7.5	0
0.000069	7.5	7.5	0
0.00007	7.5	7.5	0
0.000071	7.5	7.5	0
0.000072	7.5	7.5	0
0.000073	7.5	7.5	0
0.000074	7.5	7.5	0
0.000075	7.5	7.5	0
0.000076	7.5	7.5	0
0.000077	7.5	7.5	0
0.000078	7.5	7.5	0
0.000079	7.5	7.5	0
0.00008	7.5	7.5	0
0.000081	7.5	7.5	0
0.000082	7.5	7.5	0
0.000083	7.5	7.5	0
0.000084	7.5	7.5	0
0.000085	7.5	7.5	0
0.000086	7.5	7.5	0
0.000087	7.5	7.5	0
0.000088	7.5	7.5	0
0.000089	7.5	7.5	0
0.00009	7.5	7.5	0
0.000091	7.5	7.5	0
0.000092	7.5	7.5	0
0.000093	7.5	7.5	0
0.000094	7.5	7.5	0
0.000095	7.5	7.5	0
0.000096	7.5	7.5	0
0.000097	7.5	7.5	0
0.000098	7.5	7.5	0
0.000099	7.5	7.5	0
0.0001	7.5	7.5	0
0.000101	7.5	7.5	0
0.000102	7.5	7.5	0
0.000103	7.5	7.5	0
0.000104	7.5	7.5	0
0.000105	7.5	7.5	0
0.000106	7.5	7.5	0
0.000107	7.5	7.5	0
0.000108	7.5	7.5	0
0.000109	7.5	7.5	0
0.00011	7.5	7.5	0
0.000111	7.5	7.5	0
0.000112	7.5	7.5	0
0.000113	7.5	7.5	0
0.000114	7.5	7.5	0
0.000115	7.5	7.5	0
0.000116	7.5	7.5	0
0.000117	7.5	7.5	0
0.000118	7.5	7.5	0
0.000119	7.5	7.5	0
0.00012	7.5	7.5	0
0.000121	7.5	7.5	0
0.000122	7.5	7.5	0
0.000123	7.5	7.5	0
0.000124	7.5	7.5	0
0.000125	7.5	7.5	0
0.000126	7.5	7.5	0
0.000127	7.5	7.5	0
0.000128	7.5	7.5	0
0.000129	7.5	7.5	0
0.00013	7.5	7.5	0
0.000131	7.5	7.5	0
0.000132	7.5	7.5	0
0.000133	7.5	7.5	0
0.000134	7.5	7.5	0
0.000135	7.5	7.5	0
0.000136	7.5	7.5	0
0.000137	7.5	7.5	0
0.000138	7.5	7.5	0
0.000139	7.5	7.5	0
0.00014	7.5	7.5	0
0.000141	7.5	7.5	0
0.000142	7.5	7.5	0
0.000143	7.5	7.5	0
0.000144	7.5	7.5	0
0.000145	7.5	7.5	0
0.000146	7.5	7.5	0
0.000147	7.5	7.5	0
0.000148	7.5	7.5	0
0.000149	7.5	7.5	0
0.00015	7.5	7.5	0
0.000151	7.5	7.5	0
0.000152	7.5	7.5	0
0.000153	7.5	7.5	0
0.000154	7.5	7.5	0
0.000155	7.5	7.5	0
0.000156	7.5	7.5	0
0.000157	7.5	7.5	0
0.000158	7.5	7.5	0
0.000159	7.5	7.5	0
0.00016	7.5	7.5	0
0.000161	7.5	7.5	0
0.000162	7.5	7.5	0
0.000163	7.5	7.5	0
0.000164	7.5	7.5	0
0.000165	7.5	7.5	0
0.000166	7.5	7.5	0
0.000167	7.5	7.5	0
0.000168	7.5	7.5	0
0.000169	7.5	7.5	0
0.00017	7.5	7.5	0
0.000171	7.5	7.5	0
0.000172	7.5	7.5	0
0.000173	7.5	7.5	0
0.000174	7.5	7.5	0
0.000175	7.5	7.5	0
0.000176	7.5	7.5	0
0.000177	7.5	7.5	0
0.000178	7.5	7.5	0
0.000179	7.5	7.5	0
0.00018	7.5	7.5	0
0.000181	7.5	7.5	0
0.000182	7.5	7.5	0
0.000183	7.5	7.5	0
0.000184	7.5	7.5	0
0.000185	7.5	7.5	0
0.000186	7.5	7.5	0
0.000187	7.5	7.5	0
0.000188	7.5	7.5	0
0.000189	7.5	7.5	0
0.00019	7.5	7.5	0
0.000191	7.5	7.5	0
0.000192	7.5	7.5	0
0.000193	7.5	7.5	0
0.000194	7.5	7.5	0
0.000195	7.5	7.5	0
0.000196	7.5	7.5	0
0.000197	7.5	7.5	0
0.000198	7.5	7.5	0
0.000199	7.5	7.5	0
0.0002	7.5	7.5	0
0.000201	7.5	7.5	0
0.000202	7.5	7.5	0
0.000203	7.5	7.5	0
0.000204	7.5	7.5	0
0.000205	7.5	7.5	0
0.000206	7.5	7.5	0
0.000207	7.5	7.5	0
0.000208	7.5	7.5	0
0.000209	7.5	7.5	0
0.00021	7.5	7.5	0
0.000211	7.5	7.5	0
0.000212	7.5	7.5	0
0.000213	7.5	7.5	0
0.000214	7.5	7.5	0
0.000215	7.5	7.5	0
0.000216	7.5	7.5	0
0.000217	7.5	7.5	0
0.000218	7.5	7.5	0
0.000219	7.5	7.5	0
0.00022	7.5	7.5	0
0.000221	7.5	7.5	0
0.000222	7.5	7.5	0
0.000223	7.5	7.5	0
0.000224	7.5	7.5	0
0.000225	7.5	7.5	0
0.000226	7.5	7.5	0
0.000227	7.5	7.5	0
0.000228	7.5	7.5	0
0.000229	7.5	7.5	0
0.00023	7.5	7.5	0
0.000231	7.5	7.5	0
0.000232	7.5	7.5	0
0.000233	7.5	7.5	0
0.000234	7.5	7.5	0
0.000235	7.5	7.5	0
0.000236	7.5	7.5	0
0.000237	7.5	7.5	0
0.000238	7.5	7.5	0
0.000239	7.5	7.5	0
0.00024	7.5	7.5	0
0.000241	7.5	7.5	0
0.000242	7.5	7.5	0
0.000243	7.5	7.5	0
0.000244	7.5	7.5	0
0.000245	7.5	7.5	0
0.000246	7.5	7.5	0
0.000247	7.5	7.5	0
0.000248	7.5	7.5	0
0.000249	7.5	7.5	0
0.00025	7.5	7.5	0
0.000251	7.5	7.5	0
0.000252	7.5	7.5	0
0.000253	7.5	7.5	0
0.000254	7.5	7.5	0
0.000255	7.5	7.5	0
0.000256	7.5	7.5	0
0.000257	7.5	7.5	0
0.000258	7.5	7.5	0
0.000259	7.5	7.5	0
0.00026	7.5	7.5	0
0.000261	7.5	7.5	0
0.000262	7.5	7.5	0
0.000263	7.5	7.5	0
0.000264	7.5	7.5	0
0.000265	7.5	7.5	0
0.000266	7.5	7.5	0
0.000267	7.5	7.5	0
0.000268	7.5	7.5	0
0.000269	7.5	7.5	0
0.00027	7.5	7.5	0
0.000271	7.5	7.5	0
0.000272	7.5	7.5	0
0.000273	7.5	7.5	0
0.000274	7.5	7.5	0
0.000275	7.5	7.5	0
0.000276	7.5	7.5	0
0.000277	7.5	7.5	0
0.000278	7.5	7.5	0
0.000279	7.5	7.5	0
0.00028	7.5	7.5	0
0.000281	7.5	7.5	0
0.000282	7.5	7.5	0
0.000283	7.5	7.5	0
0.000284	7.5	7.5	0
0.000285	7.5	7.5	0
0.000286	7.5	7.5	0
0.000287	7.5	7.5	0
0.000288	7.5	7.5	0
0.000289	7.5	7.5	0
0.00029	7.5	7.5	0
0.000291	7.5	7.5	0
0.000292	7.5	7.5	0
0.000293	7.5	7.5	0
0.000294	7.5	7.5	0
0.000295	7.5	7.5	0
0.000296	7.5	7.5	0
0.000297	7.5	7.5	0
0.000298	7.5	7.5	0
0.000299	7.5	7.5	0
0.0003	7.5	7.5	0
0.000301	7.5	7.5	0
0.000302	7.5	7.5	0
0.000303	7.5	7.5	0
0.000304	7.5	7.5	0
0.000305	7.5	7.5	0
0.000306	7.5	7.5	0
0.000307	7.5	7.5	0
0.000308	7.5	7.5	0
0.000309	7.5	7.5	0
0.00031	7.5	7.5	0
0.000311	7.5	7.5	0
0.000312	7.5	7.5	0
0.000313	7.5	7.5	0
0.000314	7.5	7.5	0
0.000315	7.5	7.5	0
0.000316	7.5	7.5	0
0.000317	7.5	7.5	0
0.000318	7.5	7.5	0
0.000319	7.5	7.5	0
0.00032	7.5	7.5	0
0.000321	7.5	7.5	0
0.000322	7.5	7.5	0
0.000323	7.5	7.5	0
0.000324	7.5	7.5	0
0.000325	7.5	7.5	0
0.000326	7.5	7.5	0
0.000327	7.5	7.5	0
0.000328	7.5	7.5	0
0.000329	7.5	7.5	0
0.00033	7.5	7.5	0
0.000331	7.5	7.5	0
0.000332	7.5	7.5	0
0.000333	7.5	7.5	0
0.000334	7.5	7.5	0
0.000335	7.5	7.5	0
0.000336	7.5	7.5	0
0.000337	7.5	7.5	0
0.000338	7.5	7.5	0
0.000339	7.5	7.5	0
0.00034	7.5	7.5	0
0.000341	7.5	7.5	0
0.000342	7.5	7.5	0
0.000343	7.5	7.5	0
0.000344	7.5	7.5	0
0.000345	7.5	7.5	0
0.000346	7.5	7.5	0
0.000347	7.5	7.5	0
0.000348	7.5	7.5	0
0.000349	7.5	7.5	0
0.00035	7.5	7.5	0
0.000351	7.5	7.5	0
0.000352	7.5	7.5	0
0.000353	7.5	7.5	0
0.000354	7.5	7.5	0
0.000355	7.5	7.5	0
0.000356	7.5	7.5	0
0.000357	7.5	7.5	0
0.000358	7.5	7.5	0
0.000359	7.5	7.5	0
0.00036	7.5	7.5	0
0.000361	7.5	7.5	0
0.000362	7.5	7.5	0
0.000363	7.5	7.5	0
0.000364	7.5	7.5	0
0.000365	7.5	7.5	0
0.000366	7.5	7.5	0
0.000367	7.5	7.5	0
0.000368	7.5	7.5	0
0.000369	7.5	7.5	0
0.00037	7.5	7.5	0
0.000371	7.5	7.5	0
0.000372	7.5	7.5	0
0.000373	7.5	7.5	0
0.000374	7.5	7.5	0
0.000375	7.5	7.5	0
0.000376	7.5	7.5	0
0.000377	7.5	7.5	0
0.000378	7.5	7.5	0
0.000379	7.5	7.5	0
0.00038	7.5	7.5	0
0.000381	7.5	7.5	0
0.000382	7.5	7.5	0
0.000383	7.5	7.5	0
0.000384	7.5	7.5	0
0.000385	7.5	7.5	0
0.000386	7.5	7.5	0
0.000387	7.5	7.5	0
0.000388	7.5	7.5	0
0.000389	7.5	7.5	0
0.00039	7.5	7.5	0
0.000391	7.5	7.5	0
0.000392	7.5	7.5	0
0.000393	7.5	7.5	0
0.000394	7.5	7.5	0
0.000395	7.5	7.5	0
0.000396	7.5	7.5	0
0.000397	7.5	7.5	0
0.000398	7.5	7.5	0
0.000399	7.5	7.5	0
0.0004	7.5	7.5	0
0.000401	7.5	7.5	0
0.000402	7.5	7.5	0
0.000403	7.5	7.5	0
0.000404	7.5	7.5	0
0.000405	7.5	7.5	0
0.000406	7.5	7.5	0
0.000407	7.5	7.5	0
0.000408	7.5	7.5	0
0.000409	7.5	7.5	0
0.00041	7.5	7.5	0
0.000411	7.5	7.5	0
0.000412	7.5	7.5	0
0.000413	7.5	7.5	0
0.000414	7.5	7.5	0
0.000415	7.5	7.5	0
0.000416	7.5	7.5	0
0.000417	7.5	7.5	0
0.000418	7.5	7.5	0
0.000419	7.5	7.5	0
0.00042	7.5	7.5	0
0.000421	7.5	7.5	0
0.000422	7.5	7.5	0
0.000423	7.5	7.5	0
0.000424	7.5	7.5	0
0.000425	7.5	7.5	0
0.000426	7.5	7.5	0
0.000427	7.5	7.5	0
0.000428	7.5	7.5	0
0.000429	7.5	7.5	0
0.00043	7.5	7.5	0
0.000431	7.5	7.5	0
0.000432	7.5	7.5	0
0.000433	7.5	7.5	0
0.000434	7.5	7.5	0
0.000435	7.5	7.5	0
0.000436	7.5	7.5	0
0.000437	7.5	7.5	0
0.000438	7.5	7.5	0
0.000439	7.5	7.5	0
0.00044	7.5	7.5	0
0.000441	7.5	7.5	0
0.000442	7.5	7.5	0
0.000443	7.5	7.5	0
0.000444	7.5	7.5	0
0.000445	7.5	7.5	0
0.000446	7.5	7.5	0
0.000447	7.5	7.5	0
0.000448	7.5	7.5	0
0.000449	7.5	7.5	0
0.00045	7.5	7.5	0
0.000451	7.5	7.5	0
0.000452	7.5	7.5	0
0.000453	7.5	7.5	0
0.000454	7.5	7.5	0
0.000455	7.5	7.5	0
0.000456	7.5	7.5	0
0.000457	7.5	7.5	0
0.000458	7.5	7.5	0
0.000459	7.5	7.5	0
0.00046	7.5	7.5	0
0.000461	7.5	7.5	0
0.000462	7.5	7.5	0
0.000463	7.5	7.5	0
0.000464	7.5	7.5	0
0.000465	7.5	7.5	0
0.000466	7.5	7.5	0
0.000467	7.5	7.5	0
0.000468	7.5	7.5	0
0.000469	7.5	7.5	0
0.00047	7.5	7.5	0
0.000471	7.5	7.5	0
0.000472	7.5	7.5	0
0.000473	7.5	7.5	0
0.000474	7.5	7.5	0
0.000475	7.5	7.5	0
0.000476	7.5	7.5	0
0.000477	7.5	7.5	0
0.000478	7.5	7.5	0
0.000479	7.5	7.5	0
0.00048	7.5	7.5	0
0.000481	7.5	7.5	0
0.000482	7.5	7.5	0
0.000483	7.5	7.5	0
0.000484	7.5	7.5	0
0.000485	7.5	7.5	0
0.000486	7.5	7.5	0
0.000487	7.5	7.5	0
0.000488	7.5	7.5	0
0.000489	7.5	7.5	0
0.00049	7.5	7.5	0
0.000491	7.5	7.5	0
0.000492	7.5	7.5	0
0.000493	7.5	7.5	0
0.000494	7.5	7.5	0
0.000495	7.5	7.5	0
0.000496	7.5	7.5	0
0.000497	7.5	7.5	0
0.000498	7.5	7.5	0
0.000499	7.5	7.5	0
0.0005	7.5	7.5	0
0.000501	7.5	7.5	0
0.000502	7.5	7.5	0
0.000503	7.5	7.5	0
0.000504	7.5	7.5	0
0.000505	7.5	7.5	0
0.000506	7.5	7.5	0
0.000507	7.5	7.5	0
0.000508	7.5	7.5	0
0.000509	7.5	7.5	0
0.00051	7.5	7.5	0
0.000511	7.5	7.5	0
0.000512	7.5	7.5	0
0.000513	7.5	7.5	0
0.000514	7.5	7.5	0
0.000515	7.5	7.5	0
0.000516	7.5	7.5	0
0.000517	7.5	7.5	0
0.000518	7.5	7.5	0
0.000519	7.5	7.5	0
0.00052	7.5	7.5	0
0.000521	7.5	7.5	0
0.000522	7.5	7.5	0
0.000523	7.5	7.5	0
0.000524	7.5	7.5	0
0.000525	7.5	7.5	0
0.000526	7.5	7.5	0
0.000527	7.5	7.5	0
0.000528	7.5	7.5	0
0.000529	7.5	7.5	0
0.00053	7.5	7.5	0
0.000531	7.5	7.5	0
0.000532	7.5	7.5	0
0.000533	7.5	7.5	0
0.000534	7.5	7.5	0
0.000535	7.5	7.5	0
0.000536	7.5	7.5	0
0.000537	7.5	7.5	0
0.000538	7.5	7.5	0
0.000539	7.5	7.5	0
0.00054	7.5	7.5	0
0.000541	7.5	7.5	0
0.000542	7.5	7.5	0
0.000543	7.5	7.5	0
0.000544	7.5	7.5	0
0.000545	7.5	7.5	0
0.000546	7.5	7.5	0
0.000547	7.5	7.5	0
0.000548	7.5	7.5	0
0.000549	7.5	7.5	0
0.00055	7.5	7.5	0
0.000551	7.5	7.5	0
0.000552	7.5	7.5	0
0.000553	7.5	7.5	0
0.000554	7.5	7.5	0
0.000555	7.5	7.5	0
0.000556	7.5	7.5	0
0.000557	7.5	7.5	0
0.000558	7.5	7.5	0
0.000559	7.5	7.5	0
0.00056	7.5	7.5	0
0.000561	7.5	7.5	0
0.000562	7.5	7.5	0
0.000563	7.5	7.5	0
0.000564	7.5	7.5	0
0.000565	7.5	7.5	0
0.000566	7.5	7.5	0
0.000567	7.5	7.5	0
0.000568	7.5	7.5	0
0.000569	7.5	7.5	0
0.00057	7.5	7.5	0
0.000571	7.5	7.5	0
0.000572	7.5	7.5	0
0.000573	7.5	7.5	0
0.000574	7.5	7.5	0
0.000575	7.5	7.5	0
0.000576	7.5	7.5	0
0.000577	7.5	7.5	0
0.000578	7.5	7.5	0
0.000579	7.5	7.5	0
0.00058	7.5	7.5	0
0.000581	7.5	7.5	0
0.000582	7.5	7.5	0
0.000583	7.5	7.5	0
0.000584	7.5	7.5	0
0.000585	7.5	7.5	0
0.000586	7.5	7.5	0
0.000587	7.5	7.5	0
0.000588	7.5	7.5	0
0.000589	7.5	7.5	0
0.00059	7.5	7.5	0
0.000591	7.5	7.5	0
0.000592	7.5	7.5	0
0.000593	7.5	7.5	0
0.000594	7.5	7.5	0
0.000595	7.5	7.5	0
0.000596	7.5	7.5	0
0.000597	7.5	7.5	0
0.000598	7.5	7.5	0
0.000599	7.5	7.5	0
0.0006	7.5	7.5	0
0.000601	7.5	7.5	0
0.000602	7.5	7.5	0
0.000603	7.5	7.5	0
0.000604	7.5	7.5	0
0.000605	7.5	7.5	0
0.000606	7.5	7.5	0
0.000607	7.5	7.5	0
0.000608	7.5	7.5	0
0.000609	7.5	7.5	0
0.00061	7.5	7.5	0
0.000611	7.5	7.5	0
0.000612	7.5	7.5	0
0.000613	7.5	7.5	0
0.000614	7.5	7.5	0
0.000615	7.5	7.5	0
0.000616	7.5	7.5	0
0.000617	7.5	7.5	0
0.000618	7.5	7.5	0
0.000619	7.5	7.5	0
0.00062	7.5	7.5	0
0.000621	7.5	7.5	0
0.000622	7.5	7.5	0
0.000623	7.5	7.5	0
0.000624	7.5	7.5	0
0.000625	7.5	7.5	0
0.000626	7.5	7.5	0
0.000627	7.5	7.5	0
0.000628	7.5	7.5	0
0.000629	7.5	7.5	0
0.00063	7.5	7.5	0
0.000631	7.5	7.5	0
0.000632	7.5	7.5	0
0.000633	7.5	7.5	0
0.000634	7.5	7.5	0
0.000635	7.5	7.5	0
0.000636	7.5	7.5	0
0.000637	7.5	7.5	0
0.000638	7.5	7.5	0
0.000639	7.5	7.5	0
0.00064	7.5	7.5	0
0.000641	7.5	7.5	0
0.000642	7.5	7.5	0
0.000643	7.5	7.5	0
0.000644	7.5	7.5	0
0.000645	7.5	7.5	0
0.000646	7.5	7.5	0
0.000647	7.5	7.5	0
0.000648	7.5	7.5	0
0.000649	7.5	7.5	0
0.00065	7.5	7.5	0
0.000651	7.5	7.5	0
0.000652	7.5	7.5	0
0.000653	7.5	7.5	0
0.000654	7.5	7.5	0
0.000655	7.5	7.5	0
0.000656	7.5	7.5	0
0.000657	7.5	7.5	0
0.000658	7.5	7.5	0
0.000659	7.5	7.5	0
0.00066	7.5	7.5	0
0.000661	7.5	7.5	0
0.000662	7.5	7.5	0
0.000663	7.5	7.5	0
0.000664	7.5	7.5	0
0.000665	7.5	7.5	0
0.000666	7.5	7.5	0
0.000667	7.5	7.5	0
0.000668	7.5	7.5	0
0.000669	7.5	7.5	0
0.00067	7.5	7.5	0
0.000671	7.5	7.5	0
0.000672	7.5	7.5	0
0.000673	7.5	7.5	0
0.000674	7.5	7.5	0
0.000675	7.5	7.5	0
0.000676	7.5	7.5	0
0.000677	7.5	7.5	0
0.000678	7.5	7.5	0
0.000679	7.5	7.5	0
0.00068	7.5	7.5	0
0.000681	7.5	7.5	0
0.000682	7.5	7.5	0
0.000683	7.5	7.5	0
0.000684	7.5	7.5	0
0.000685	7.5	7.5	0
0.000686	7.5	7.5	0
0.000687	7.5	7.5	0
0.000688	7.5	7.5	0
0.000689	7.5	7.5	0
0.00069	7.5	7.5	0
0.000691	7.5	7.5	0
0.000692	7.5	7.5	0
0.000693	7.5	7.5	0
0.000694	7.5	7.5	0
0.000695	7.5	7.5	0
0.000696	7.5	7.5	0
0.000697	7.5	7.5	0
0.000698	7.5	7.5	0
0.000699	7.5	7.5	0
0.0007	7.5	7.5	0
0.000701	7.5	7.5	0
0.000702	7.5	7.5	0
0.000703	7.5	7.5	0
0.000704	7.5	7.5	0
0.000705	7.5	7.5	0
0.000706	7.5	7.5	0
0.000707	7.5	7.5	0
0.000708	7.5	7.5	0
0.000709	7.5	7.5	0
0.00071	7.5	7.5	0
0.000711	7.5	7.5	0
0.000712	7.5	7.5	0
0.000713	7.5	7.5	0
0.000714	7.5	7.5	0
0.000715	7.5	7.5	0
0.000716	7.5	7.5	0
0.000717	7.5	7.5	0
0.000718	7.5	7.5	0
0.000719	7.5	7.5	0
0.00072	7.5	7.5	0
0.000721	7.5	7.5	0
0.000722	7.5	7.5	0
0.000723	7.5	7.5	0
0.000724	7.5	7.5	0
0.000725	7.5	7.5	0
0.000726	7.5	7.5	0
0.000727	7.5	7.5	0
0.000728	7.5	7.5	0
0.000729	7.5	7.5	0
0.00073	7.5	7.5	0
0.000731	7.5	7.5	0
0.000732	7.5	7.5	0
0.000733	7.5	7.5	0
0.000734	7.5	7.5	0
0.000735	7.5	7.5	0
0.000736	7.5	7.5	0
0.000737	7.5	7.5	0
0.000738	7.5	7.5	0
0.000739	7.5	7.5	0
0.00074	7.5	7.5	0
0.000741	7.5	7.5	0
0.000742	7.5	7.5	0
0.000743	7.5	7.5	0
0.000744	7.5	7.5	0
0.000745	7.5	7.5	0
0.000746	7.5	7.5	0
0.000747	7.5	7.5	0
0.000748	7.5	7.5	0
0.000749	7.5	7.5	0
0.00075	7.5	7.5	0
0.000751	7.5	7.5	0
0.000752	7.5	7.5	0
0.000753	7.5	7.5	0
0.000754	7.5	7.5	0
0.000755	7.5	7.5	0
0.000756	7.5	7.5	0
0.000757	7.5	7.5	0
0.000758	7.5	7.5	0
0.000759	7.5	7.5	0
0.00076	7.5	7.5	0
0.000761	7.5	7.5	0
0.000762	7.5	7.5	0
0.000763	7.5	7.5	0
0.000764	7.5	7.5	0
0.000765	7.5	7.5	0
0.000766	7.5	7.5	0
0.000767	7.5	7.5	0
0.000768	7.5	7.5	0
0.000769	7.5	7.5	0
0.00077	7.5	7.5	0
0.000771	7.5	7.5	0
0.000772	7.5	7.5	0
0.000773	7.5	7.5	0
0.000774	7.5	7.5	0
0.000775	7.5	7.5	0
0.000776	7.5	7.5	0
0.000777	7.5	7.5	0
0.000778	7.5	7.5	0
0.000779	7.5	7.5	0
0.00078	7.5	7.5	0
0.000781	7.5	7.5	0
0.000782	7.5	7.5	0
0.000783	7.5	7.5	0
0.000784	7.5	7.5	0
0.000785	7.5	7.5	0
0.000786	7.5	7.5	0
0.000787	7.5	7.5	0
0.000788	7.5	7.5	0
0.000789	7.5	7.5	0
0.00079	7.5	7.5	0
0.000791	7.5	7.5	0
0.000792	7.5	7.5	0
0.000793	7.5	7.5	0
0.000794	7.5	7.5	0
0.000795	7.5	7.5	0
0.000796	7.5	7.5	0
0.000797	7.5	7.5	0
0.000798	7.5	7.5	0
0.000799	7.5	7.5	0
0.0008	7.5	7.5	0
0.000801	7.5	7.5	0
0.000802	7.5	7.5	0
0.000803	7.5	7.5	0
0.000804	7.5	7.5	0
0.000805	7.5	7.5	0
0.000806	7.5	7.5	0
0.000807	7.5	7.5	0
0.000808	7.5	7.5	0
0.000809	7.5	7.5	0
0.00081	7.5	7.5	0
0.000811	7.5	7.5	0
0.000812	7.5	7.5	0
0.000813	7.5	7.5	0
0.000814	7.5	7.5	0
0.000815	7.5	7.5	0
0.000816	7.5	7.5	0
0.000817	7.5	7.5	0
0.000818	7.5	7.5	0
0.000819	7.5	7.5	0
0.00082	7.5	7.5	0
0.000821	7.5	7.5	0
0.000822	7.5	7.5	0
0.000823	7.5	7.5	0
0.000824	7.5	7.5	0
0.000825	7.5	7.5	0
0.000826	7.5	7.5	0
0.000827	7.5	7.5	0
0.000828	7.5	7.5	0
0.000829	7.5	7.5	0
0.00083	7.5	7.5	0
0.000831	7.5	7.5	0
0.000832	7.5	7.5	0
0.000833	7.5	7.5	0
0.000834	7.5	7.5	0
0.000835	7.5	7.5	0
0.000836	7.5	7.5	0
0.000837	7.5	7.5	0
0.000838	7.5	7.5	0
0.000839	7.5	7.5	0
0.00084	7.5	7.5	0
0.000841	7.5	7.5	0
0.000842	7.5	7.5	0
0.000843	7.5	7.5	0
0.000844	7.5	7.5	0
0.000845	7.5	7.5	0
0.000846	7.5	7.5	0
0.000847	7.5	7.5	0
0.000848	7.5	7.5	0
0.000849	7.5	7.5	0
0.00085	7.5	7.5	0
0.000851	7.5	7.5	0
0.000852	7.5	7.5	0
0.000853	7.5	7.5	0
0.000854	7.5	7.5	0
0.000855	7.5	7.5	0
0.000856	7.5	7.5	0
0.000857	7.5	7.5	0
0.000858	7.5	7.5	0
0.000859	7.5	7.5	0
0.00086	7.5	7.5	0
0.000861	7.5	7.5	0
0.000862	7.5	7.5	0
0.000863	7.5	7.5	0
0.000864	7.5	7.5	0
0.000865	7.5	7.5	0
0.000866	7.5	7.5	0
0.000867	7.5	7.5	0
0.000868	7.5	7.5	0
0.000869	7.5	7.5	0
0.00087	7.5	7.5	0
0.000871	7.5	7.5	0
0.000872	7.5	7.5	0
0.000873	7.5	7.5	0
0.000874	7.5	7.5	0
0.000875	7.5	7.5	0
0.000876	7.5	7.5	0
0.000877	7.5	7.5	0
0.000878	7.5	7.5	0
0.000879	7.5	7.5	0
0.00088	7.5	7.5	0
0.000881	7.5	7.5	0
0.000882	7.5	7.5	0
0.000883	7.5	7.5	0
0.000884	7.5	7.5	0
0.000885	7.5	7.5	0
0.000886	7.5	7.5	0
0.000887	7.5	7.5	0
0.000888	7.5	7.5	0
0.000889	7.5	7.5	0
0.00089	7.5	7.5	0
0.000891	7.5	7.5	0
0.000892	7.5	7.5	0
0.000893	7.5	7.5	0
0.000894	7.5	7.5	0
0.000895	7.5	7.5	0
0.000896	7.5	7.5	0
0.000897	7.5	7.5	0
0.000898	7.5	7.5	0
0.000899	7.5	7.5	0
0.0009	7.5	7.5	0
0.000901	7.5	7.5	0
0.000902	7.5	7.5	0
0.000903	7.5	7.5	0
0.000904	7.5	7.5	0
0.000905	7.5	7.5	0
0.000906	7.5	7.5	0
0.000907	7.5	7.5	0
0.000908	7.5	7.5	0
0.000909	7.5	7.5	0
0.00091	7.5	7.5	0
0.000911	7.5	7.5	0
0.000912	7.5	7.5	0
0.000913	7.5	7.5	0
0.000914	7.5	7.5	0
0.000915	7.5	7.5	0
0.000916	7.5	7.5	0
0.000917	7.5	7.5	0
0.000918	7.5	7.5	0
0.000919	7.5	7.5	0
0.00092	7.5	7.5	0
0.000921	7.5	7.5	0
0.000922	7.5	7.5	0
0.000923	7.5	7.5	0
0.000924	7.5	7.5	0
0.000925	7.5	7.5	0
0.000926	7.5	7.5	0
0.000927	7.5	7.5	0
0.000928	7.5	7.5	0
0.000929	7.5	7.5	0
0.00093	7.5	7.5	0
0.000931	7.5	7.5	0
0.000932	7.5	7.5	0
0.000933	7.5	7.5	0
0.000934	7.5	7.5	0
0.000935	7.5	7.5	0
0.000936	7.5	7.5	0
0.000937	7.5	7.5	0
0.000938	7.5	7.5	0
0.000939	7.5	7.5	0
0.00094	7.5	7.5	0
0.000941	7.5	7.5	0
0.000942	7.5	7.5	0
0.000943	7.5	7.5	0
0.000944	7.5	7.5	0
0.000945	7.5	7.5	0
0.000946	7.5	7.5	0
0.000947	7.5	7.5	0
0.000948	7.5	7.5	0
0.000949	7.5	7.5	0
0.00095	7.5	7.5	0
0.000951	7.5	7.5	0
0.000952	7.5	7.5	0
0.000953	7.5	7.5	0
0.000954	7.5	7.5	0
0.000955	7.5	7.5	0
0.000956	7.5	7.5	0
0.000957	7.5	7.5	0
0.000958	7.5	7.5	0
0.000959	7.5	7.5	0
0.00096	7.5	7.5	0
0.000961	7.5	7.5	0
0.000962	7.5	7.5	0
0.000963	7.5	7.5	0
0.000964	7.5	7.5	0
0.000965	7.5	7.5	0
0.000966	7.5	7.5	0
0.000967	7.5	7.5	0
0.000968	7.5	7.5	0
0.000969	7.5	7.5	0
0.00097	7.5	7.5	0
0.000971	7.5	7.5	0
0.000972	7.5	7.5	0
0.000973	7.5	7.5	0
0.000974	7.5	7.5	0
0.000975	7.5	7.5	0
0.000976	7.5	7.5	0
0.000977	7.5	7.5	0
0.000978	7.5	7.5	0
0.000979	7.5	7.5	0
0.00098	7.5	7.5	0
0.000981	7.5	7.5	0
0.000982	7.5	7.5	0
0.000983	7.5	7.5	0
0.000984	7.5	7.5	0
0.000985	7.5	7.5	0
0.000986	7.5	7.5	0
0.000987	7.5	7.5	0
0.000988	7.5	7.5	0
0.000989	7.5	7.5	0
0.00099	7.5	7.5	0
0.000991	7.5	7.5	0
0.000992	7.5	7.5	0
0.000993	7.5	7.5	0
0.000994	7.5	7.5	0
0.000995	7.5	7.5	0
0.000996	7.5	7.5	0
0.000997	7.5	7.5	0
0.000998	7.5	7.5	0
0.000999	7.5	7.5	0
0.001	7.5	7.5	0
0.001001	7.5	7.5	0
0.001002	7.5	7.5	0
0.001003	7.5	7.5	0
0.001004	7.5	7.5	0
0.001005	7.5	7.5	0
0.001006	7.5	7.5	0
0.001007	7.5	7.5	0
0.001008	7.5	7.5	0
0.001009	7.5	7.5	0
0.00101	7.5	7.5	0
0.001011	7.5	7.5	0
0.001012	7.5	7.5	0
0.001013	7.5	7.5	0
0.001014	7.5	7.5	0
0.001015	7.5	7.5	0
0.001016	7.5	7.5	0
0.001017	7.5	7.5	0
0.001018	7.5	7.5	0
0.001019	7.5	7.5	0
0.00102	7.5	7.5	0
0.001021	7.5	7.5	0
0.001022	7.5	7.5	0
0.001023	7.5	7.5	0
0.001024	7.5	7.5	0
0.001025	7.5	7.5	0
0.001026	7.5	7.5	0
0.001027	7.5	7.5	0
0.001028	7.5	7.5	0
0.001029	7.5	7.5	0
0.00103	7.5	7.5	0
0.001031	7.5	7.5	0
0.001032	7.5	7.5	0
0.001033	7.5	7.5	0
0.001034	7.5	7.5	0
0.001035	7.5	7.5	0
0.001036	7.5	7.5	0
0.001037	7.5	7.5	0
0.001038	7.5	7.5	0
0.001039	7.5	7.5	0
0.00104	7.5	7.5	0
0.001041	7.5	7.5	0
0.001042	7.5	7.5	0
0.001043	7.5	7.5	0
0.001044	7.5	7.5	0
0.001045	7.5	7.5	0
0.001046	7.5	7.5	0
0.001047	7.5	7.5	0
0.001048	7.5	7.5	0
0.001049	7.5	7.5	0
0.00105	7.5	7.5	0
0.001051	7.5	7.5	0
0.001052	7.5	7.5	0
0.001053	7.5	7.5	0
0.001054	7.5	7.5	0
0.001055	7.5	7.5	0
0.001056	7.5	7.5	0
0.001057	7.5	7.5	0
0.001058	7.5	7.5	0
0.001059	7.5	7.5	0
0.00106	7.5	7.5	0
0.001061	7.5	7.5	0
0.001062	7.5	7.5	0
0.001063	7.5	7.5	0
0.001064	7.5	7.5	0
0.001065	7.5	7.5	0
0.001066	7.5	7.5	0
0.001067	7.5	7.5	0
0.001068	7.5	7.5	0
0.001069	7.5	7.5	0
0.00107	7.5	7.5	0
0.001071	7.5	7.5	0
0.001072	7.5	7.5	0
0.001073	7.5	7.5	0
0.001074	7.5	7.5	0
0.001075	7.5	7.5	0
0.001076	7.5	7.5	0
0.001077	7.5	7.5	0
0.001078	7.5	7.5	0
0.001079	7.5	7.5	0
0.00108	7.5	7.5	0
0.001081	7.5	7.5	0
0.001082	7.5	7.5	0
0.001083	7.5	7.5	0
0.001084	7.5	7.5	0
0.001085	7.5	7.5	0
0.001086	7.5	7.5	0
0.001087	7.5	7.5	0
0.001088	7.5	7.5	0
0.001089	7.5	7.5	0
0.00109	7.5	7.5	0
0.001091	7.5	7.5	0
0.001092	7.5	7.5	0
0.001093	7.5	7.5	0
0.001094	7.5	7.5	0
0.001095	7.5	7.5	0
0.001096	7.5	7.5	0
0.001097	7.5	7.5	0
0.001098	7.5	7.5	0
0.001099	7.5	7.5	0
0.0011	7.5	7.5	0
0.001101	7.5	7.5	0
0.001102	7.5	7.5	0
0.001103	7.5	7.5	0
0.001104	7.5	7.5	0
0.001105	7.5	7.5	0
0.001106	7.5	7.5	0
0.001107	7.5	7.5	0
0.001108	7.5	7.5	0
0.001109	7.5	7.5	0
0.00111	7.5	7.5	0
0.001111	7.5	7.5	0
0.001112	7.5	7.5	0
0.001113	7.5	7.5	0
0.001114	7.5	7.5	0
0.001115	7.5	7.5	0
0.001116	7.5	7.5	0
0.001117	7.5	7.5	0
0.001118	7.5	7.5	0
0.001119	7.5	7.5	0
0.00112	7.5	7.5	0
0.001121	7.5	7.5	0
0.001122	7.5	7.5	0
0.001123	7.5	7.5	0
0.001124	7.5	7.5	0
0.001125	7.5	7.5	0
0.001126	7.5	7.5	0
0.001127	7.5	7.5	0
0.001128	7.5	7.5	0
0.001129	7.5	7.5	0
0.00113	7.5	7.5	0
0.001131	7.5	7.5	0
0.001132	7.5	7.5	0
0.001133	7.5	7.5	0
0.001134	7.5	7.5	0
0.001135	7.5	7.5	0
0.001136	7.5	7.5	0
0.001137	7.5	7.5	0
0.001138	7.5	7.5	0
0.001139	7.5	7.5	0
0.00114	7.5	7.5	0
0.001141	7.5	7.5	0
0.001142	7.5	7.5	0
0.001143	7.5	7.5	0
0.001144	7.5	7.5	0
0.001145	7.5	7.5	0
0.001146	7.5	7.5	0
0.001147	7.5	7.5	0
0.001148	7.5	7.5	0
0.001149	7.5	7.5	0
0.00115	7.5	7.5	0
0.001151	7.5	7.5	0
0.001152	7.5	7.5	0
0.001153	7.5	7.5	0
0.001154	7.5	7.5	0
0.001155	7.5	7.5	0
0.001156	7.5	7.5	0
0.001157	7.5	7.5	0
0.001158	7.5	7.5	0
0.001159	7.5	7.5	0
0.00116	7.5	7.5	0
0.001161	7.5	7.5	0
0.001162	7.5	7.5	0
0.001163	7.5	7.5	0
0.001164	7.5	7.5	0
0.001165	7.5	7.5	0
0.001166	7.5	7.5	0
0.001167	7.5	7.5	0
0.001168	7.5	7.5	0
0.001169	7.5	7.5	0
0.00117	7.5	7.5	0
0.001171	7.5	7.5	0
0.001172	7.5	7.5	0
0.001173	7.5	7.5	0
0.001174	7.5	7.5	0
0.001175	7.5	7.5	0
0.001176	7.5	7.5	0
0.001177	7.5	7.5	0
0.001178	7.5	7.5	0
0.001179	7.5	7.5	0
0.00118	7.5	7.5	0
0.001181	7.5	7.5	0
0.001182	7.5	7.5	0
0.001183	7.5	7.5	0
0.001184	7.5	7.5	0
0.001185	7.5	7.5	0
0.001186	7.5	7.5	0
0.001187	7.5	7.5	0
0.001188	7.5	7.5	0
0.001189	7.5	7.5	0
0.00119	7.5	7.5	0
0.001191	7.5	7.5	0
0.001192	7.5	7.5	0
0.001193	7.5	7.5	0
0.001194	7.5	7.5	0
0.001195	7.5	7.5	0
0.001196	7.5	7.5	0
0.001197	7.5	7.5	0
0.001198	7.5	7.5	0
0.001199	7.5	7.5	0
0.0012	7.5	7.5	0
0.001201	7.5	7.5	0
0.001202	7.5	7.5	0
0.001203	7.5	7.5	0
0.001204	7.5	7.5	0
0.001205	7.5	7.5	0
0.001206	7.5	7.5	0
0.001207	7.5	7.5	0
0.001208	7.5	7.5	0
0.001209	7.5	7.5	0
0.00121	7.5	7.5	0
0.001211	7.5	7.5	0
0.001212	7.5	7.5	0
0.001213	7.5	7.5	0
0.001214	7.5	7.5	0
0.001215	7.5	7.5	0
0.001216	7.5	7.5	0
0.001217	7.5	7.5	0
0.001218	7.5	7.5	0
0.001219	7.5	7.5	0
0.00122	7.5	7.5	0
0.001221	7.5	7.5	0
0.001222	7.5	7.5	0
0.001223	7.5	7.5	0
0.001224	7.5	7.5	0
0.001225	7.5	7.5	0
0.001226	7.5	7.5	0
0.001227	7.5	7.5	0
0.001228	7.5	7.5	0
0.001229	7.5	7.5	0
0.00123	7.5	7.5	0
0.001231	7.5	7.5	0
0.001232	7.5	7.5	0
0.001233	7.5	7.5	0
0.001234	7.5	7.5	0
0.001235	7.5	7.5	0
0.001236	7.5	7.5	0
0.001237	7.5	7.5	0
0.001238	7.5	7.5	0
0.001239	7.5	7.5	0
0.00124	7.5	7.5	0
0.001241	7.5	7.5	0
0.001242	7.5	7.5	0
0.001243	7.5	7.5	0
0.001244	7.5	7.5	0
0.001245	7.5	7.5	0
0.001246	7.5	7.5	0
0.001247	7.5	7.5	0
0.001248	7.5	7.5	0
0.001249	7.5	7.5	0
0.00125	7.5	7.5	0
0.001251	7.5	7.5	0
0.001252	7.5	7.5	0
0.001253	7.5	7.5	0
0.001254	7.5	7.5	0
0.001255	7.5	7.5	0
0.001256	7.5	7.5	0
0.001257	7.5	7.5	0
0.001258	7.5	7.5	0
0.001259	7.5	7.5	0
0.00126	7.5	7.5	0
0.001261	7.5	7.5	0
0.001262	7.5	7.5	0
0.001263	7.5	7.5	0
0.001264	7.5	7.5	0
0.001265	7.5	7.5	0
0.001266	7.5	7.5	0
0.001267	7.5	7.5	0
0.001268	7.5	7.5	0
0.001269	7.5	7.5	0
0.00127	7.5	7.5	0
0.001271	7.5	7.5	0
0.001272	7.5	7.5	0
0.001273	7.5	7.5	0
0.001274	7.5	7.5	0
0.001275	7.5	7.5	0
0.001276	7.5	7.5	0
0.001277	7.5	7.5	0
0.001278	7.5	7.5	0
0.001279	7.5	7.5	0
0.00128	7.5	7.5	0
0.001281	7.5	7.5	0
0.001282	7.5	7.5	0
0.001283	7.5	7.5	0
0.001284	7.5	7.5	0
0.001285	7.5	7.5	0
0.001286	7.5	7.5	0
0.001287	7.5	7.5	0
0.001288	7.5	7.5	0
0.001289	7.5	7.5	0
0.00129	7.5	7.5	0
0.001291	7.5	7.5	0
0.001292	7.5	7.5	0
0.001293	7.5	7.5	0
0.001294	7.5	7.5	0
0.001295	7.5	7.5	0
0.001296	7.5	7.5	0
0.001297	7.5	7.5	0
0.001298	7.5	7.5	0
0.001299	7.5	7.5	0
0.0013	7.5	7.5	0
0.001301	7.5	7.5	0
0.001302	7.5	7.5	0
0.001303	7.5	7.5	0
0.001304	7.5	7.5	0
0.001305	7.5	7.5	0
0.001306	7.5	7.5	0
0.001307	7.5	7.5	0
0.001308	7.5	7.5	0
0.001309	7.5	7.5	0
0.00131	7.5	7.5	0
0.001311	7.5	7.5	0
0.001312	7.5	7.5	0
0.001313	7.5	7.5	0
0.001314	7.5	7.5	0
0.001315	7.5	7.5	0
0.001316	7.5	7.5	0
0.001317	7.5	7.5	0
0.001318	7.5	7.5	0
0.001319	7.5	7.5	0
0.00132	7.5	7.5	0
0.001321	7.5	7.5	0
0.001322	7.5	7.5	0
0.001323	7.5	7.5	0
0.001324	7.5	7.5	0
0.001325	7.5	7.5	0
0.001326	7.5	7.5	0
0.001327	7.5	7.5	0
0.001328	7.5	7.5	0
0.001329	7.5	7.5	0
0.00133	7.5	7.5	0
0.001331	7.5	7.5	0
0.001332	7.5	7.5	0
0.001333	7.5	7.5	0
0.001334	7.5	7.5	0
0.001335	7.5	7.5	0
0.001336	7.5	7.5	0
0.001337	7.5	7.5	0
0.001338	7.5	7.5	0
0.001339	7.5	7.5	0
0.00134	7.5	7.5	0
0.001341	7.5	7.5	0
0.001342	7.5	7.5	0
0.001343	7.5	7.5	0
0.001344	7.5	7.5	0
0.001345	7.5	7.5	0
0.001346	7.5	7.5	0
0.001347	7.5	7.5	0
0.001348	7.5	7.5	0
0.001349	7.5	7.5	0
0.00135	7.5	7.5	0
0.001351	7.5	7.5	0
0.001352	7.5	7.5	0
0.001353	7.5	7.5	0
0.001354	7.5	7.5	0
0.001355	7.5	7.5	0
0.001356	7.5	7.5	0
0.001357	7.5	7.5	0
0.001358	7.5	7.5	0
0.001359	7.5	7.5	0
0.00136	7.5	7.5	0
0.001361	7.5	7.5	0
0.001362	7.5	7.5	0
0.001363	7.5	7.5	0
0.001364	7.5	7.5	0
0.001365	7.5	7.5	0
0.001366	7.5	7.5	0
0.001367	7.5	7.5	0
0.001368	7.5	7.5	0
0.001369	7.5	7.5	0
0.00137	7.5	7.5	0
0.001371	7.5	7.5	0
0.001372	7.5	7.5	0
0.001373	7.5	7.5	0
0.001374	7.5	7.5	0
0.001375	7.5	7.5	0
0.001376	7.5	7.5	0
0.001377	7.5	7.5	0
0.001378	7.5	7.5	0
0.001379	7.5	7.5	0
0.00138	7.5	7.5	0
0.001381	7.5	7.5	0
0.001382	7.5	7.5	0
0.001383	7.5	7.5	0
0.001384	7.5	7.5	0
0.001385	7.5	7.5	0
0.001386	7.5	7.5	0
0.001387	7.5	7.5	0
0.001388	7.5	7.5	0
0.001389	7.5	7.5	0
0.00139	7.5	7.5	0
0.001391	7.5	7.5	0
0.001392	7.5	7.5	0
0.001393	7.5	7.5	0
0.001394	7.5	7.5	0
0.001395	7.5	7.5	0
0.001396	7.5	7.5	0
0.001397	7.5	7.5	0
0.001398	7.5	7.5	0
0.001399	7.5	7.5	0
0.0014	7.5	7.5	0
0.001401	7.5	7.5	0
0.001402	7.5	7.5	0
0.001403	7.5	7.5	0
0.001404	7.5	7.5	0
0.001405	7.5	7.5	0
0.001406	7.5	7.5	0
0.001407	7.5	7.5	0
0.001408	7.5	7.5	0
0.001409	7.5	7.5	0
0.00141	7.5	7.5	0
0.001411	7.5	7.5	0
0.001412	7.5	7.5	0
0.001413	7.5	7.5	0
0.001414	7.5	7.5	0
0.001415	7.5	7.5	0
0.001416	7.5	7.5	0
0.001417	7.5	7.5	0
0.001418	7.5	7.5	0
0.001419	7.5	7.5	0
0.00142	7.5	7.5	0
0.001421	7.5	7.5	0
0.001422	7.5	7.5	0
0.001423	7.5	7.5	0
0.001424	7.5	7.5	0
0.001425	7.5	7.5	0
0.001426	7.5	7.5	0
0.001427	7.5	7.5	0
0.001428	7.5	7.5	0
0.001429	7.5	7.5	0
0.00143	7.5	7.5	0
0.001431	7.5	7.5	0
0.001432	7.5	7.5	0
0.001433	7.5	7.5	0
0.001434	7.5	7.5	0
0.001435	7.5	7.5	0
0.001436	7.5	7.5	0
0.001437	7.5	7.5	0
0.001438	7.5	7.5	0
0.001439	7.5	7.5	0
0.00144	7.5	7.5	0
0.001441	7.5	7.5	0
0.001442	7.5	7.5	0
0.001443	7.5	7.5	0
0.001444	7.5	7.5	0
0.001445	7.5	7.5	0
0.001446	7.5	7.5	0
0.001447	7.5	7.5	0
0.001448	7.5	7.5	0
0.001449	7.5	7.5	0
0.00145	7.5	7.5	0
0.001451	7.5	7.5	0
0.001452	7.5	7.5	0
0.001453	7.5	7.5	0
0.001454	7.5	7.5	0
0.001455	7.5	7.5	0
0.001456	7.5	7.5	0
0.001457	7.5	7.5	0
0.001458	7.5	7.5	0
0.001459	7.5	7.5	0
0.00146	7.5	7.5	0
0.001461	7.5	7.5	0
0.001462	7.5	7.5	0
0.001463	7.5	7.5	0
0.001464	7.5	7.5	0
0.001465	7.5	7.5	0
0.001466	7.5	7.5	0
0.001467	7.5	7.5	0
0.001468	7.5	7.5	0
0.001469	7.5	7.5	0
0.00147	7.5	7.5	0
0.001471	7.5	7.5	0
0.001472	7.5	7.5	0
0.001473	7.5	7.5	0
0.001474	7.5	7.5	0
0.001475	7.5	7.5	0
0.001476	7.5	7.5	0
0.001477	7.5	7.5	0
0.001478	7.5	7.5	0
0.001479	7.5	7.5	0
0.00148	7.5	7.5	0
0.001481	7.5	7.5	0
0.001482	7.5	7.5	0
0.001483	7.5	7.5	0
0.001484	7.5	7.5	0
0.001485	7.5	7.5	0
0.001486	7.5	7.5	0
0.001487	7.5	7.5	0
0.001488	7.5	7.5	0
0.001489	7.5	7.5	0
0.00149	7.5	7.5	0
0.001491	7.5	7.5	0
0.001492	7.5	7.5	0
0.001493	7.5	7.5	0
0.001494	7.5	7.5	0
0.001495	7.5	7.5	0
0.001496	7.5	7.5	0
0.001497	7.5	7.5	0
0.001498	7.5	7.5	0
0.001499	7.5	7.5	0
0.0015	7.5	7.5	0
0.001501	7.5	7.5	0
0.001502	7.5	7.5	0
0.001503	7.5	7.5	0
0.001504	7.5	7.5	0
0.001505	7.5	7.5	0
0.001506	7.5	7.5	0
0.001507	7.5	7.5	0
0.001508	7.5	7.5	0
0.001509	7.5	7.5	0
0.00151	7.5	7.5	0
0.001511	7.5	7.5	0
0.001512	7.5	7.5	0
0.001513	7.5	7.5	0
0.001514	7.5	7.5	0
0.001515	7.5	7.5	0
0.001516	7.5	7.5	0
0.001517	7.5	7.5	0
0.001518	7.5	7.5	0
0.001519	7.5	7.5	0
0.00152	7.5	7.5	0
0.001521	7.5	7.5	0
0.001522	7.5	7.5	0
0.001523	7.5	7.5	0
0.001524	7.5	7.5	0
0.001525	7.5	7.5	0
0.001526	7.5	7.5	0
0.001527	7.5	7.5	0
0.001528	7.5	7.5	0
0.001529	7.5	7.5	0
0.00153	7.5	7.5	0
0.001531	7.5	7.5	0
0.001532	7.5	7.5	0
0.001533	7.5	7.5	0
0.001534	7.5	7.5	0
0.001535	7.5	7.5	0
0.001536	7.5	7.5	0
0.001537	7.5	7.5	0
0.001538	7.5	7.5	0
0.001539	7.5	7.5	0
0.00154	7.5	7.5	0
0.001541	7.5	7.5	0
0.001542	7.5	7.5	0
0.001543	7.5	7.5	0
0.001544	7.5	7.5	0
0.001545	7.5	7.5	0
0.001546	7.5	7.5	0
0.001547	7.5	7.5	0
0.001548	7.5	7.5	0
0.001549	7.5	7.5	0
0.00155	7.5	7.5	0
0.001551	7.5	7.5	0
0.001552	7.5	7.5	0
0.001553	7.5	7.5	0
0.001554	7.5	7.5	0
0.001555	7.5	7.5	0
0.001556	7.5	7.5	0
0.001557	7.5	7.5	0
0.001558	7.5	7.5	0
0.001559	7.5	7.5	0
0.00156	7.5	7.5	0
0.001561	7.5	7.5	0
0.001562	7.5	7.5	0
0.001563	7.5	7.5	0
0.001564	7.5	7.5	0
0.001565	7.5	7.5	0
0.001566	7.5	7.5	0
0.001567	7.5	7.5	0
0.001568	7.5	7.5	0
0.001569	7.5	7.5	0
0.00157	7.5	7.5	0
0.001571	7.5	7.5	0
0.001572	7.5	7.5	0
0.001573	7.5	7.5	0
0.001574	7.5	7.5	0
0.001575	7.5	7.5	0
0.001576	7.5	7.5	0
0.001577	7.5	7.5	0
0.001578	7.5	7.5	0
0.001579	7.5	7.5	0
0.00158	7.5	7.5	0
0.001581	7.5	7.5	0
0.001582	7.5	7.5	0
0.001583	7.5	7.5	0
0.001584	7.5	7.5	0
0.001585	7.5	7.5	0
0.001586	7.5	7.5	0
0.001587	7.5	7.5	0
0.001588	7.5	7.5	0
0.001589	7.5	7.5	0
0.00159	7.5	7.5	0
0.001591	7.5	7.5	0
0.001592	7.5	7.5	0
0.001593	7.5	7.5	0
0.001594	7.5	7.5	0
0.001595	7.5	7.5	0
0.001596	7.5	7.5	0
0.001597	7.5	7.5	0
0.001598	7.5	7.5	0
0.001599	7.5	7.5	0
0.0016	7.5	7.5	0
0.001601	7.5	7.5	0
0.001602	7.5	7.5	0
0.001603	7.5	7.5	0
0.001604	7.5	7.5	0
0.001605	7.5	7.5	0
0.001606	7.5	7.5	0
0.001607	7.5	7.5	0
0.001608	7.5	7.5	0
0.001609	7.5	7.5	0
0.00161	7.5	7.5	0
0.001611	7.5	7.5	0
0.001612	7.5	7.5	0
0.001613	7.5	7.5	0
0.001614	7.5	7.5	0
0.001615	7.5	7.5	0
0.001616	7.5	7.5	0
0.001617	7.5	7.5	0
0.001618	7.5	7.5	0
0.001619	7.5	7.5	0
0.00162	7.5	7.5	0
0.001621	7.5	7.5	0
0.001622	7.5	7.5	0
0.001623	7.5	7.5	0
0.001624	7.5	7.5	0
0.001625	7.5	7.5	0
0.001626	7.5	7.5	0
0.001627	7.5	7.5	0
0.001628	7.5	7.5	0
0.001629	7.5	7.5	0
0.00163	7.5	7.5	0
0.001631	7.5	7.5	0
0.001632	7.5	7.5	0
0.001633	7.5	7.5	0
0.001634	7.5	7.5	0
0.001635	7.5	7.5	0
0.001636	7.5	7.5	0
0.001637	7.5	7.5	0
0.001638	7.5	7.5	0
0.001639	7.5	7.5	0
0.00164	7.5	7.5	0
0.001641	7.5	7.5	0
0.001642	7.5	7.5	0
0.001643	7.5	7.5	0
0.001644	7.5	7.5	0
0.001645	7.5	7.5	0
0.001646	7.5	7.5	0
0.001647	7.5	7.5	0
0.001648	7.5	7.5	0
0.001649	7.5	7.5	0
0.00165	7.5	7.5	0
0.001651	7.5	7.5	0
0.001652	7.5	7.5	0
0.001653	7.5	7.5	0
0.001654	7.5	7.5	0
0.001655	7.5	7.5	0
0.001656	7.5	7.5	0
0.001657	7.5	7.5	0
0.001658	7.5	7.5	0
0.001659	7.5	7.5	0
0.00166	7.5	7.5	0
0.001661	7.5	7.5	0
0.001662	7.5	7.5	0
0.001663	7.5	7.5	0
0.001664	7.5	7.5	0
0.001665	7.5	7.5	0
0.001666	7.5	7.5	0
0.001667	7.5	7.5	0
0.001668	7.5	7.5	0
0.001669	7.5	7.5	0
0.00167	7.5	7.5	0
0.001671	7.5	7.5	0
0.001672	7.5	7.5	0
0.001673	7.5	7.5	0
0.001674	7.5	7.5	0
0.001675	7.5	7.5	0
0.001676	7.5	7.5	0
0.001677	7.5	7.5	0
0.001678	7.5	7.5	0
0.001679	7.5	7.5	0
0.00168	7.5	7.5	0
0.001681	7.5	7.5	0
0.001682	7.5	7.5	0
0.001683	7.5	7.5	0
0.001684	7.5	7.5	0
0.001685	7.5	7.5	0
0.001686	7.5	7.5	0
0.001687	7.5	7.5	0
0.001688	7.5	7.5	0
0.001689	7.5	7.5	0
0.00169	7.5	7.5	0
0.001691	7.5	7.5	0
0.001692	7.5	7.5	0
0.001693	7.5	7.5	0
0.001694	7.5	7.5	0
0.001695	7.5	7.5	0
0.001696	7.5	7.5	0
0.001697	7.5	7.5	0
0.001698	7.5	7.5	0
0.001699	7.5	7.5	0
0.0017	7.5	7.5	0
0.001701	7.5	7.5	0
0.001702	7.5	7.5	0
0.001703	7.5	7.5	0
0.001704	7.5	7.5	0
0.001705	7.5	7.5	0
0.001706	7.5	7.5	0
0.001707	7.5	7.5	0
0.001708	7.5	7.5	0
0.001709	7.5	7.5	0
0.00171	7.5	7.5	0
0.001711	7.5	7.5	0
0.001712	7.5	7.5	0
0.001713	7.5	7.5	0
0.001714	7.5	7.5	0
0.001715	7.5	7.5	0
0.001716	7.5	7.5	0
0.001717	7.5	7.5	0
0.001718	7.5	7.5	0
0.001719	7.5	7.5	0
0.00172	7.5	7.5	0
0.001721	7.5	7.5	0
0.001722	7.5	7.5	0
0.001723	7.5	7.5	0
0.001724	7.5	7.5	0
0.001725	7.5	7.5	0
0.001726	7.5	7.5	0
0.001727	7.5	7.5	0
0.001728	7.5	7.5	0
0.001729	7.5	7.5	0
0.00173	7.5	7.5	0
0.001731	7.5	7.5	0
0.001732	7.5	7.5	0
0.001733	7.5	7.5	0
0.001734	7.5	7.5	0
0.001735	7.5	7.5	0
0.001736	7.5	7.5	0
0.001737	7.5	7.5	0
0.001738	7.5	7.5	0
0.001739	7.5	7.5	0
0.00174	7.5	7.5	0
0.001741	7.5	7.5	0
0.001742	7.5	7.5	0
0.001743	7.5	7.5	0
0.001744	7.5	7.5	0
0.001745	7.5	7.5	0
0.001746	7.5	7.5	0
0.001747	7.5	7.5	0
0.001748	7.5	7.5	0
0.001749	7.5	7.5	0
0.00175	7.5	7.5	0
0.001751	7.5	7.5	0
0.001752	7.5	7.5	0
0.001753	7.5	7.5	0
0.001754	7.5	7.5	0
0.001755	7.5	7.5	0
0.001756	7.5	7.5	0
0.001757	7.5	7.5	0
0.001758	7.5	7.5	0
0.001759	7.5	7.5	0
0.00176	7.5	7.5	0
0.001761	7.5	7.5	0
0.001762	7.5	7.5	0
0.001763	7.5	7.5	0
0.001764	7.5	7.5	0
0.001765	7.5	7.5	0
0.001766	7.5	7.5	0
0.001767	7.5	7.5	0
0.001768	7.5	7.5	0
0.001769	7.5	7.5	0
0.00177	7.5	7.5	0
0.001771	7.5	7.5	0
0.001772	7.5	7.5	0
0.001773	7.5	7.5	0
0.001774	7.5	7.5	0
0.001775	7.5	7.5	0
0.001776	7.5	7.5	0
0.001777	7.5	7.5	0
0.001778	7.5	7.5	0
0.001779	7.5	7.5	0
0.00178	7.5	7.5	0
0.001781	7.5	7.5	0
0.001782	7.5	7.5	0
0.001783	7.5	7.5	0
0.001784	7.5	7.5	0
0.001785	7.5	7.5	0
0.001786	7.5	7.5	0
0.001787	7.5	7.5	0
0.001788	7.5	7.5	0
0.001789	7.5	7.5	0
0.00179	7.5	7.5	0
0.001791	7.5	7.5	0
0.001792	7.5	7.5	0
0.001793	7.5	7.5	0
0.001794	7.5	7.5	0
0.001795	7.5	7.5	0
0.001796	7.5	7.5	0
0.001797	7.5	7.5	0
0.001798	7.5	7.5	0
0.001799	7.5	7.5	0
0.0018	7.5	7.5	0
0.001801	7.5	7.5	0
0.001802	7.5	7.5	0
0.001803	7.5	7.5	0
0.001804	7.5	7.5	0
0.001805	7.5	7.5	0
0.001806	7.5	7.5	0
0.001807	7.5	7.5	0
0.001808	7.5	7.5	0
0.001809	7.5	7.5	0
0.00181	7.5	7.5	0
0.001811	7.5	7.5	0
0.001812	7.5	7.5	0
0.001813	7.5	7.5	0
0.001814	7.5	7.5	0
0.001815	7.5	7.5	0
0.001816	7.5	7.5	0
0.001817	7.5	7.5	0
0.001818	7.5	7.5	0
0.001819	7.5	7.5	0
0.00182	7.5	7.5	0
0.001821	7.5	7.5	0
0.001822	7.5	7.5	0
0.001823	7.5	7.5	0
0.001824	7.5	7.5	0
0.001825	7.5	7.5	0
0.001826	7.5	7.5	0
0.001827	7.5	7.5	0
0.001828	7.5	7.5	0
0.001829	7.5	7.5	0
0.00183	7.5	7.5	0
0.001831	7.5	7.5	0
0.001832	7.5	7.5	0
0.001833	7.5	7.5	0
0.001834	7.5	7.5	0
0.001835	7.5	7.5	0
0.001836	7.5	7.5	0
0.001837	7.5	7.5	0
0.001838	7.5	7.5	0
0.001839	7.5	7.5	0
0.00184	7.5	7.5	0
0.001841	7.5	7.5	0
0.001842	7.5	7.5	0
0.001843	7.5	7.5	0
0.001844	7.5	7.5	0
0.001845	7.5	7.5	0
0.001846	7.5	7.5	0
0.001847	7.5	7.5	0
0.001848	7.5	7.5	0
0.001849	7.5	7.5	0
0.00185	7.5	7.5	0
0.001851	7.5	7.5	0
0.001852	7.5	7.5	0
0.001853	7.5	7.5	0
0.001854	7.5	7.5	0
0.001855	7.5	7.5	0
0.001856	7.5	7.5	0
0.001857	7.5	7.5	0
0.001858	7.5	7.5	0
0.001859	7.5	7.5	0
0.00186	7.5	7.5	0
0.001861	7.5	7.5	0
0.001862	7.5	7.5	0
0.001863	7.5	7.5	0
0.001864	7.5	7.5	0
0.001865	7.5	7.5	0
0.001866	7.5	7.5	0
0.001867	7.5	7.5	0
0.001868	7.5	7.5	0
0.001869	7.5	7.5	0
0.00187	7.5	7.5	0
0.001871	7.5	7.5	0
0.001872	7.5	7.5	0
0.001873	7.5	7.5	0
0.001874	7.5	7.5	0
0.001875	7.5	7.5	0
0.001876	7.5	7.5	0
0.001877	7.5	7.5	0
0.001878	7.5	7.5	0
0.001879	7.5	7.5	0
0.00188	7.5	7.5	0
0.001881	7.5	7.5	0
0.001882	7.5	7.5	0
0.001883	7.5	7.5	0
0.001884	7.5	7.5	0
0.001885	7.5	7.5	0
0.001886	7.5	7.5	0
0.001887	7.5	7.5	0
0.001888	7.5	7.5	0
0.001889	7.5	7.5	0
0.00189	7.5	7.5	0
0.001891	7.5	7.5	0
0.001892	7.5	7.5	0
0.001893	7.5	7.5	0
0.001894	7.5	7.5	0
0.001895	7.5	7.5	0
0.001896	7.5	7.5	0
0.001897	7.5	7.5	0
0.001898	7.5	7.5	0
0.001899	7.5	7.5	0
0.0019	7.5	7.5	0
0.001901	7.5	7.5	0
0.001902	7.5	7.5	0
0.001903	7.5	7.5	0
0.001904	7.5	7.5	0
0.001905	7.5	7.5	0
0.001906	7.5	7.5	0
0.001907	7.5	7.5	0
0.001908	7.5	7.5	0
0.001909	7.5	7.5	0
0.00191	7.5	7.5	0
0.001911	7.5	7.5	0
0.001912	7.5	7.5	0
0.001913	7.5	7.5	0
0.001914	7.5	7.5	0
0.001915	7.5	7.5	0
0.001916	7.5	7.5	0
0.001917	7.5	7.5	0
0.001918	7.5	7.5	0
0.001919	7.5	7.5	0
0.00192	7.5	7.5	0
0.001921	7.5	7.5	0
0.001922	7.5	7.5	0
0.001923	7.5	7.5	0
0.001924	7.5	7.5	0
0.001925	7.5	7.5	0
0.001926	7.5	7.5	0
0.001927	7.5	7.5	0
0.001928	7.5	7.5	0
0.001929	7.5	7.5	0
0.00193	7.5	7.5	0
0.001931	7.5	7.5	0
0.001932	7.5	7.5	0
0.001933	7.5	7.5	0
0.001934	7.5	7.5	0
0.001935	7.5	7.5	0
0.001936	7.5	7.5	0
0.001937	7.5	7.5	0
0.001938	7.5	7.5	0
0.001939	7.5	7.5	0
0.00194	7.5	7.5	0
0.001941	7.5	7.5	0
0.001942	7.5	7.5	0
0.001943	7.5	7.5	0
0.001944	7.5	7.5	0
0.001945	7.5	7.5	0
0.001946	7.5	7.5	0
0.001947	7.5	7.5	0
0.001948	7.5	7.5	0
0.001949	7.5	7.5	0
0.00195	7.5	7.5	0
0.001951	7.5	7.5	0
0.001952	7.5	7.5	0
0.001953	7.5	7.5	0
0.001954	7.5	7.5	0
0.001955	7.5	7.5	0
0.001956	7.5	7.5	0
0.001957	7.5	7.5	0
0.001958	7.5	7.5	0
0.001959	7.5	7.5	0
0.00196	7.5	7.5	0
0.001961	7.5	7.5	0
0.001962	7.5	7.5	0
0.001963	7.5	7.5	0
0.001964	7.5	7.5	0
0.001965	7.5	7.5	0
0.001966	7.5	7.5	0
0.001967	7.5	7.5	0
0.001968	7.5	7.5	0
0.001969	7.5	7.5	0
0.00197	7.5	7.5	0
0.001971	7.5	7.5	0
0.001972	7.5	7.5	0
0.001973	7.5	7.5	0
0.001974	7.5	7.5	0
0.001975	7.5	7.5	0
0.001976	7.5	7.5	0
0.001977	7.5	7.5	0
0.001978	7.5	7.5	0
0.001979	7.5	7.5	0
0.00198	7.5	7.5	0
0.001981	7.5	7.5	0
0.001982	7.5	7.5	0
0.001983	7.5	7.5	0
0.001984	7.5	7.5	0
0.001985	7.5	7.5	0
0.001986	7.5	7.5	0
0.001987	7.5	7.5	0
0.001988	7.5	7.5	0
0.001989	7.5	7.5	0
0.00199	7.5	7.5	0
0.001991	7.5	7.5	0
0.001992	7.5	7.5	0
0.001993	7.5	7.5	0
0.001994	7.5	7.5	0
0.001995	7.5	7.5	0
0.001996	7.5	7.5	0
0.001997	7.5	7.5	0
0.001998	7.5	7.5	0
0.001999	7.5	7.5	0
0.002	7.5	7.5	0
0.002001	7.5	7.5	0
0.002002	7.5	7.5	0
0.002003	7.5	7.5	0
0.002004	7.5	7.5	0
0.002005	7.5	7.5	0
0.002006	7.5	7.5	0
0.002007	7.5	7.5	0
0.002008	7.5	7.5	0
0.002009	7.5	7.5	0
0.00201	7.5	7.5	0
0.002011	7.5	7.5	0
0.002012	7.5	7.5	0
0.002013	7.5	7.5	0
0.002014	7.5	7.5	0
0.002015	7.5	7.5	0
0.002016	7.5	7.5	0
0.002017	7.5	7.5	0
0.002018	7.5	7.5	0
0.002019	7.5	7.5	0
0.00202	7.5	7.5	0
0.002021	7.5	7.5	0
0.002022	7.5	7.5	0
0.002023	7.5	7.5	0
0.002024	7.5	7.5	0
0.002025	7.5	7.5	0
0.002026	7.5	7.5	0
0.002027	7.5	7.5	0
0.002028	7.5	7.5	0
0.002029	7.5	7.5	0
0.00203	7.5	7.5	0
0.002031	7.5	7.5	0
0.002032	7.5	7.5	0
0.002033	7.5	7.5	0
0.002034	7.5	7.5	0
0.002035	7.5	7.5	0
0.002036	7.5	7.5	0
0.002037	7.5	7.5	0
0.002038	7.5	7.5	0
0.002039	7.5	7.5	0
0.00204	7.5	7.5	0
0.002041	7.5	7.5	0
0.002042	7.5	7.5	0
0.002043	7.5	7.5	0
0.002044	7.5	7.5	0
0.002045	7.5	7.5	0
0.002046	7.5	7.5	0
0.002047	7.5	7.5	0
0.002048	7.5	7.5	0
0.002049	7.5	7.5	0
0.00205	7.5	7.5	0
0.002051	7.5	7.5	0
0.002052	7.5	7.5	0
0.002053	7.5	7.5	0
0.002054	7.5	7.5	0
0.002055	7.5	7.5	0
0.002056	7.5	7.5	0
0.002057	7.5	7.5	0
0.002058	7.5	7.5	0
0.002059	7.5	7.5	0
0.00206	7.5	7.5	0
0.002061	7.5	7.5	0
0.002062	7.5	7.5	0
0.002063	7.5	7.5	0
0.002064	7.5	7.5	0
0.002065	7.5	7.5	0
0.002066	7.5	7.5	0
0.002067	7.5	7.5	0
0.002068	7.5	7.5	0
0.002069	7.5	7.5	0
0.00207	7.5	7.5	0
0.002071	7.5	7.5	0
0.002072	7.5	7.5	0
0.002073	7.5	7.5	0
0.002074	7.5	7.5	0
0.002075	7.5	7.5	0
0.002076	7.5	7.5	0
0.002077	7.5	7.5	0
0.002078	7.5	7.5	0
0.002079	7.5	7.5	0
0.00208	7.5	7.5	0
0.002081	7.5	7.5	0
0.002082	7.5	7.5	0
0.002083	7.5	7.5	0
0.002084	7.5	7.5	0
0.002085	7.5	7.5	0
0.002086	7.5	7.5	0
0.002087	7.5	7.5	0
0.002088	7.5	7.5	0
0.002089	7.5	7.5	0
0.00209	7.5	7.5	0
0.002091	7.5	7.5	0
0.002092	7.5	7.5	0
0.002093	7.5	7.5	0
0.002094	7.5	7.5	0
0.002095	7.5	7.5	0
0.002096	7.5	7.5	0
0.002097	7.5	7.5	0
0.002098	7.5	7.5	0
0.002099	7.5	7.5	0
0.0021	7.5	7.5	0
0.002101	7.5	7.5	0
0.002102	7.5	7.5	0
0.002103	7.5	7.5	0
0.002104	7.5	7.5	0
0.002105	7.5	7.5	0
0.002106	7.5	7.5	0
0.002107	7.5	7.5	0
0.002108	7.5	7.5	0
0.002109	7.5	7.5	0
0.00211	7.5	7.5	0
0.002111	7.5	7.5	0
0.002112	7.5	7.5	0
0.002113	7.5	7.5	0
0.002114	7.5	7.5	0
0.002115	7.5	7.5	0
0.002116	7.5	7.5	0
0.002117	7.5	7.5	0
0.002118	7.5	7.5	0
0.002119	7.5	7.5	0
0.00212	7.5	7.5	0
0.002121	7.5	7.5	0
0.002122	7.5	7.5	0
0.002123	7.5	7.5	0
0.002124	7.5	7.5	0
0.002125	7.5	7.5	0
0.002126	7.5	7.5	0
0.002127	7.5	7.5	0
0.002128	7.5	7.5	0
0.002129	7.5	7.5	0
0.00213	7.5	7.5	0
0.002131	7.5	7.5	0
0.002132	7.5	7.5	0
0.002133	7.5	7.5	0
0.002134	7.5	7.5	0
0.002135	7.5	7.5	0
0.002136	7.5	7.5	0
0.002137	7.5	7.5	0
0.002138	7.5	7.5	0
0.002139	7.5	7.5	0
0.00214	7.5	7.5	0
0.002141	7.5	7.5	0
0.002142	7.5	7.5	0
0.002143	7.5	7.5	0
0.002144	7.5	7.5	0
0.002145	7.5	7.5	0
0.002146	7.5	7.5	0
0.002147	7.5	7.5	0
0.002148	7.5	7.5	0
0.002149	7.5	7.5	0
0.00215	7.5	7.5	0
0.002151	7.5	7.5	0
0.002152	7.5	7.5	0
0.002153	7.5	7.5	0
0.002154	7.5	7.5	0
0.002155	7.5	7.5	0
0.002156	7.5	7.5	0
0.002157	7.5	7.5	0
0.002158	7.5	7.5	0
0.002159	7.5	7.5	0
0.00216	7.5	7.5	0
0.002161	7.5	7.5	0
0.002162	7.5	7.5	0
0.002163	7.5	7.5	0
0.002164	7.5	7.5	0
0.002165	7.5	7.5	0
0.002166	7.5	7.5	0
0.002167	7.5	7.5	0
0.002168	7.5	7.5	0
0.002169	7.5	7.5	0
0.00217	7.5	7.5	0
0.002171	7.5	7.5	0
0.002172	7.5	7.5	0
0.002173	7.5	7.5	0
0.002174	7.5	7.5	0
0.002175	7.5	7.5	0
0.002176	7.5	7.5	0
0.002177	7.5	7.5	0
0.002178	7.5	7.5	0
0.002179	7.5	7.5	0
0.00218	7.5	7.5	0
0.002181	7.5	7.5	0
0.002182	7.5	7.5	0
0.002183	7.5	7.5	0
0.002184	7.5	7.5	0
0.002185	7.5	7.5	0
0.002186	7.5	7.5	0
0.002187	7.5	7.5	0
0.002188	7.5	7.5	0
0.002189	7.5	7.5	0
0.00219	7.5	7.5	0
0.002191	7.5	7.5	0
0.002192	7.5	7.5	0
0.002193	7.5	7.5	0
0.002194	7.5	7.5	0
0.002195	7.5	7.5	0
0.002196	7.5	7.5	0
0.002197	7.5	7.5	0
0.002198	7.5	7.5	0
0.002199	7.5	7.5	0
0.0022	7.5	7.5	0
0.002201	7.5	7.5	0
0.002202	7.5	7.5	0
0.002203	7.5	7.5	0
0.002204	7.5	7.5	0
0.002205	7.5	7.5	0
0.002206	7.5	7.5	0
0.002207	7.5	7.5	0
0.002208	7.5	7.5	0
0.002209	7.5	7.5	0
0.00221	7.5	7.5	0
0.002211	7.5	7.5	0
0.002212	7.5	7.5	0
0.002213	7.5	7.5	0
0.002214	7.5	7.5	0
0.002215	7.5	7.5	0
0.002216	7.5	7.5	0
0.002217	7.5	7.5	0
0.002218	7.5	7.5	0
0.002219	7.5	7.5	0
0.00222	7.5	7.5	0
0.002221	7.5	7.5	0
0.002222	7.5	7.5	0
0.002223	7.5	7.5	0
0.002224	7.5	7.5	0
0.002225	7.5	7.5	0
0.002226	7.5	7.5	0
0.002227	7.5	7.5	0
0.002228	7.5	7.5	0
0.002229	7.5	7.5	0
0.00223	7.5	7.5	0
0.002231	7.5	7.5	0
0.002232	7.5	7.5	0
0.002233	7.5	7.5	0
0.002234	7.5	7.5	0
0.002235	7.5	7.5	0
0.002236	7.5	7.5	0
0.002237	7.5	7.5	0
0.002238	7.5	7.5	0
0.002239	7.5	7.5	0
0.00224	7.5	7.5	0
0.002241	7.5	7.5	0
0.002242	7.5	7.5	0
0.002243	7.5	7.5	0
0.002244	7.5	7.5	0
0.002245	7.5	7.5	0
0.002246	7.5	7.5	0
0.002247	7.5	7.5	0
0.002248	7.5	7.5	0
0.002249	7.5	7.5	0
0.00225	7.5	7.5	0
0.002251	7.5	7.5	0
0.002252	7.5	7.5	0
0.002253	7.5	7.5	0
0.002254	7.5	7.5	0
0.002255	7.5	7.5	0
0.002256	7.5	7.5	0
0.002257	7.5	7.5	0
0.002258	7.5	7.5	0
0.002259	7.5	7.5	0
0.00226	7.5	7.5	0
0.002261	7.5	7.5	0
0.002262	7.5	7.5	0
0.002263	7.5	7.5	0
0.002264	7.5	7.5	0
0.002265	7.5	7.5	0
0.002266	7.5	7.5	0
0.002267	7.5	7.5	0
0.002268	7.5	7.5	0
0.002269	7.5	7.5	0
0.00227	7.5	7.5	0
0.002271	7.5	7.5	0
0.002272	7.5	7.5	0
0.002273	7.5	7.5	0
0.002274	7.5	7.5	0
0.002275	7.5	7.5	0
0.002276	7.5	7.5	0
0.002277	7.5	7.5	0
0.002278	7.5	7.5	0
0.002279	7.5	7.5	0
0.00228	7.5	7.5	0
0.002281	7.5	7.5	0
0.002282	7.5	7.5	0
0.002283	7.5	7.5	0
0.002284	7.5	7.5	0
0.002285	7.5	7.5	0
0.002286	7.5	7.5	0
0.002287	7.5	7.5	0
0.002288	7.5	7.5	0
0.002289	7.5	7.5	0
0.00229	7.5	7.5	0
0.002291	7.5	7.5	0
0.002292	7.5	7.5	0
0.002293	7.5	7.5	0
0.002294	7.5	7.5	0
0.002295	7.5	7.5	0
0.002296	7.5	7.5	0
0.002297	7.5	7.5	0
0.002298	7.5	7.5	0
0.002299	7.5	7.5	0
0.0023	7.5	7.5	0
0.002301	7.5	7.5	0
0.002302	7.5	7.5	0
0.002303	7.5	7.5	0
0.002304	7.5	7.5	0
0.002305	7.5	7.5	0
0.002306	7.5	7.5	0
0.002307	7.5	7.5	0
0.002308	7.5	7.5	0
0.002309	7.5	7.5	0
0.00231	7.5	7.5	0
0.002311	7.5	7.5	0
0.002312	7.5	7.5	0
0.002313	7.5	7.5	0
0.002314	7.5	7.5	0
0.002315	7.5	7.5	0
0.002316	7.5	7.5	0
0.002317	7.5	7.5	0
0.002318	7.5	7.5	0
0.002319	7.5	7.5	0
0.00232	7.5	7.5	0
0.002321	7.5	7.5	0
0.002322	7.5	7.5	0
0.002323	7.5	7.5	0
0.002324	7.5	7.5	0
0.002325	7.5	7.5	0
0.002326	7.5	7.5	0
0.002327	7.5	7.5	0
0.002328	7.5	7.5	0
0.002329	7.5	7.5	0
0.00233	7.5	7.5	0
0.002331	7.5	7.5	0
0.002332	7.5	7.5	0
0.002333	7.5	7.5	0
0.002334	7.5	7.5	0
0.002335	7.5	7.5	0
0.002336	7.5	7.5	0
0.002337	7.5	7.5	0
0.002338	7.5	7.5	0
0.002339	7.5	7.5	0
0.00234	7.5	7.5	0
0.002341	7.5	7.5	0
0.002342	7.5	7.5	0
0.002343	7.5	7.5	0
0.002344	7.5	7.5	0
0.002345	7.5	7.5	0
0.002346	7.5	7.5	0
0.002347	7.5	7.5	0
0.002348	7.5	7.5	0
0.002349	7.5	7.5	0
0.00235	7.5	7.5	0
0.002351	7.5	7.5	0
0.002352	7.5	7.5	0
0.002353	7.5	7.5	0
0.002354	7.5	7.5	0
0.002355	7.5	7.5	0
0.002356	7.5	7.5	0
0.002357	7.5	7.5	0
0.002358	7.5	7.5	0
0.002359	7.5	7.5	0
0.00236	7.5	7.5	0
0.002361	7.5	7.5	0
0.002362	7.5	7.5	0
0.002363	7.5	7.5	0
0.002364	7.5	7.5	0
0.002365	7.5	7.5	0
0.002366	7.5	7.5	0
0.002367	7.5	7.5	0
0.002368	7.5	7.5	0
0.002369	7.5	7.5	0
0.00237	7.5	7.5	0
0.002371	7.5	7.5	0
0.002372	7.5	7.5	0
0.002373	7.5	7.5	0
0.002374	7.5	7.5	0
0.002375	7.5	7.5	0
0.002376	7.5	7.5	0
0.002377	7.5	7.5	0
0.002378	7.5	7.5	0
0.002379	7.5	7.5	0
0.00238	7.5	7.5	0
0.002381	7.5	7.5	0
0.002382	7.5	7.5	0
0.002383	7.5	7.5	0
0.002384	7.5	7.5	0
0.002385	7.5	7.5	0
0.002386	7.5	7.5	0
0.002387	7.5	7.5	0
0.002388	7.5	7.5	0
0.002389	7.5	7.5	0
0.00239	7.5	7.5	0
0.002391	7.5	7.5	0
0.002392	7.5	7.5	0
0.002393	7.5	7.5	0
0.002394	7.5	7.5	0
0.002395	7.5	7.5	0
0.002396	7.5	7.5	0
0.002397	7.5	7.5	0
0.002398	7.5	7.5	0
0.002399	7.5	7.5	0
0.0024	7.5	7.5	0
0.002401	7.5	7.5	0
0.002402	7.5	7.5	0
0.002403	7.5	7.5	0
0.002404	7.5	7.5	0
0.002405	7.5	7.5	0
0.002406	7.5	7.5	0
0.002407	7.5	7.5	0
0.002408	7.5	7.5	0
0.002409	7.5	7.5	0
0.00241	7.5	7.5	0
0.002411	7.5	7.5	0
0.002412	7.5	7.5	0
0.002413	7.5	7.5	0
0.002414	7.5	7.5	0
0.002415	7.5	7.5	0
0.002416	7.5	7.5	0
0.002417	7.5	7.5	0
0.002418	7.5	7.5	0
0.002419	7.5	7.5	0
0.00242	7.5	7.5	0
0.002421	7.5	7.5	0
0.002422	7.5	7.5	0
0.002423	7.5	7.5	0
0.002424	7.5	7.5	0
0.002425	7.5	7.5	0
0.002426	7.5	7.5	0
0.002427	7.5	7.5	0
0.002428	7.5	7.5	0
0.002429	7.5	7.5	0
0.00243	7.5	7.5	0
0.002431	7.5	7.5	0
0.002432	7.5	7.5	0
0.002433	7.5	7.5	0
0.002434	7.5	7.5	0
0.002435	7.5	7.5	0
0.002436	7.5	7.5	0
0.002437	7.5	7.5	0
0.002438	7.5	7.5	0
0.002439	7.5	7.5	0
0.00244	7.5	7.5	0
0.002441	7.5	7.5	0
0.002442	7.5	7.5	0
0.002443	7.5	7.5	0
0.002444	7.5	7.5	0
0.002445	7.5	7.5	0
0.002446	7.5	7.5	0
0.002447	7.5	7.5	0
0.002448	7.5	7.5	0
0.002449	7.5	7.5	0
0.00245	7.5	7.5	0
0.002451	7.5	7.5	0
0.002452	7.5	7.5	0
0.002453	7.5	7.5	0
0.002454	7.5	7.5	0
0.002455	7.5	7.5	0
0.002456	7.5	7.5	0
0.002457	7.5	7.5	0
0.002458	7.5	7.5	0
0.002459	7.5	7.5	0
0.00246	7.5	7.5	0
0.002461	7.5	7.5	0
0.002462	7.5	7.5	0
0.002463	7.5	7.5	0
0.002464	7.5	7.5	0
0.002465	7.5	7.5	0
0.002466	7.5	7.5	0
0.002467	7.5	7.5	0
0.002468	7.5	7.5	0
0.002469	7.5	7.5	0
0.00247	7.5	7.5	0
0.002471	7.5	7.5	0
0.002472	7.5	7.5	0
0.002473	7.5	7.5	0
0.002474	7.5	7.5	0
0.002475	7.5	7.5	0
0.002476	7.5	7.5	0
0.002477	7.5	7.5	0
0.002478	7.5	7.5	0
0.002479	7.5	7.5	0
0.00248	7.5	7.5	0
0.002481	7.5	7.5	0
0.002482	7.5	7.5	0
0.002483	7.5	7.5	0
0.002484	7.5	7.5	0
0.002485	7.5	7.5	0
0.002486	7.5	7.5	0
0.002487	7.5	7.5	0
0.002488	7.5	7.5	0
0.002489	7.5	7.5	0
0.00249	7.5	7.5	0
0.002491	7.5	7.5	0
0.002492	7.5	7.5	0
0.002493	7.5	7.5	0
0.002494	7.5	7.5	0
0.002495	7.5	7.5	0
0.002496	7.5	7.5	0
0.002497	7.5	7.5	0
0.002498	7.5	7.5	0
0.002499	7.5	7.5	0
0.0025	7.5	7.5	0
0.002501	7.5	7.5	0
0.002502	7.5	7.5	0
0.002503	7.5	7.5	0
0.002504	7.5	7.5	0
0.002505	7.5	7.5	0
0.002506	7.5	7.5	0
0.002507	7.5	7.5	0
0.002508	7.5	7.5	0
0.002509	7.5	7.5	0
0.00251	7.5	7.5	0
0.002511	7.5	7.5	0
0.002512	7.5	7.5	0
0.002513	7.5	7.5	0
0.002514	7.5	7.5	0
0.002515	7.5	7.5	0
0.002516	7.5	7.5	0
0.002517	7.5	7.5	0
0.002518	7.5	7.5	0
0.002519	7.5	7.5	0
0.00252	7.5	7.5	0
0.002521	7.5	7.5	0
0.002522	7.5	7.5	0
0.002523	7.5	7.5	0
0.002524	7.5	7.5	0
0.002525	7.5	7.5	0
0.002526	7.5	7.5	0
0.002527	7.5	7.5	0
0.002528	7.5	7.5	0
0.002529	7.5	7.5	0
0.00253	7.5	7.5	0
0.002531	7.5	7.5	0
0.002532	7.5	7.5	0
0.002533	7.5	7.5	0
0.002534	7.5	7.5	0
0.002535	7.5	7.5	0
0.002536	7.5	7.5	0
0.002537	7.5	7.5	0
0.002538	7.5	7.5	0
0.002539	7.5	7.5	0
0.00254	7.5	7.5	0
0.002541	7.5	7.5	0
0.002542	7.5	7.5	0
0.002543	7.5	7.5	0
0.002544	7.5	7.5	0
0.002545	7.5	7.5	0
0.002546	7.5	7.5	0
0.002547	7.5	7.5	0
0.002548	7.5	7.5	0
0.002549	7.5	7.5	0
0.00255	7.5	7.5	0
0.002551	7.5	7.5	0
0.002552	7.5	7.5	0
0.002553	7.5	7.5	0
0.002554	7.5	7.5	0
0.002555	7.5	7.5	0
0.002556	7.5	7.5	0
0.002557	7.5	7.5	0
0.002558	7.5	7.5	0
0.002559	7.5	7.5	0
0.00256	7.5	7.5	0
0.002561	7.5	7.5	0
0.002562	7.5	7.5	0
0.002563	7.5	7.5	0
0.002564	7.5	7.5	0
0.002565	7.5	7.5	0
0.002566	7.5	7.5	0
0.002567	7.5	7.5	0
0.002568	7.5	7.5	0
0.002569	7.5	7.5	0
0.00257	7.5	7.5	0
0.002571	7.5	7.5	0
0.002572	7.5	7.5	0
0.002573	7.5	7.5	0
0.002574	7.5	7.5	0
0.002575	7.5	7.5	0
0.002576	7.5	7.5	0
0.002577	7.5	7.5	0
0.002578	7.5	7.5	0
0.002579	7.5	7.5	0
0.00258	7.5	7.5	0
0.002581	7.5	7.5	0
0.002582	7.5	7.5	0
0.002583	7.5	7.5	0
0.002584	7.5	7.5	0
0.002585	7.5	7.5	0
0.002586	7.5	7.5	0
0.002587	7.5	7.5	0
0.002588	7.5	7.5	0
0.002589	7.5	7.5	0
0.00259	7.5	7.5	0
0.002591	7.5	7.5	0
0.002592	7.5	7.5	0
0.002593	7.5	7.5	0
0.002594	7.5	7.5	0
0.002595	7.5	7.5	0
0.002596	7.5	7.5	0
0.002597	7.5	7.5	0
0.002598	7.5	7.5	0
0.002599	7.5	7.5	0
0.0026	7.5	7.5	0
0.002601	7.5	7.5	0
0.002602	7.5	7.5	0
0.002603	7.5	7.5	0
0.002604	7.5	7.5	0
0.002605	7.5	7.5	0
0.002606	7.5	7.5	0
0.002607	7.5	7.5	0
0.002608	7.5	7.5	0
0.002609	7.5	7.5	0
0.00261	7.5	7.5	0
0.002611	7.5	7.5	0
0.002612	7.5	7.5	0
0.002613	7.5	7.5	0
0.002614	7.5	7.5	0
0.002615	7.5	7.5	0
0.002616	7.5	7.5	0
0.002617	7.5	7.5	0
0.002618	7.5	7.5	0
0.002619	7.5	7.5	0
0.00262	7.5	7.5	0
0.002621	7.5	7.5	0
0.002622	7.5	7.5	0
0.002623	7.5	7.5	0
0.002624	7.5	7.5	0
0.002625	7.5	7.5	0
0.002626	7.5	7.5	0
0.002627	7.5	7.5	0
0.002628	7.5	7.5	0
0.002629	7.5	7.5	0
0.00263	7.5	7.5	0
0.002631	7.5	7.5	0
0.002632	7.5	7.5	0
0.002633	7.5	7.5	0
0.002634	7.5	7.5	0
0.002635	7.5	7.5	0
0.002636	7.5	7.5	0
0.002637	7.5	7.5	0
0.002638	7.5	7.5	0
0.002639	7.5	7.5	0
0.00264	7.5	7.5	0
0.002641	7.5	7.5	0
0.002642	7.5	7.5	0
0.002643	7.5	7.5	0
0.002644	7.5	7.5	0
0.002645	7.5	7.5	0
0.002646	7.5	7.5	0
0.002647	7.5	7.5	0
0.002648	7.5	7.5	0
0.002649	7.5	7.5	0
0.00265	7.5	7.5	0
0.002651	7.5	7.5	0
0.002652	7.5	7.5	0
0.002653	7.5	7.5	0
0.002654	7.5	7.5	0
0.002655	7.5	7.5	0
0.002656	7.5	7.5	0
0.002657	7.5	7.5	0
0.002658	7.5	7.5	0
0.002659	7.5	7.5	0
0.00266	7.5	7.5	0
0.002661	7.5	7.5	0
0.002662	7.5	7.5	0
0.002663	7.5	7.5	0
0.002664	7.5	7.5	0
0.002665	7.5	7.5	0
0.002666	7.5	7.5	0
0.002667	7.5	7.5	0
0.002668	7.5	7.5	0
0.002669	7.5	7.5	0
0.00267	7.5	7.5	0
0.002671	7.5	7.5	0
0.002672	7.5	7.5	0
0.002673	7.5	7.5	0
0.002674	7.5	7.5	0
0.002675	7.5	7.5	0
0.002676	7.5	7.5	0
0.002677	7.5	7.5	0
0.002678	7.5	7.5	0
0.002679	7.5	7.5	0
0.00268	7.5	7.5	0
0.002681	7.5	7.5	0
0.002682	7.5	7.5	0
0.002683	7.5	7.5	0
0.002684	7.5	7.5	0
0.002685	7.5	7.5	0
0.002686	7.5	7.5	0
0.002687	7.5	7.5	0
0.002688	7.5	7.5	0
0.002689	7.5	7.5	0
0.00269	7.5	7.5	0
0.002691	7.5	7.5	0
0.002692	7.5	7.5	0
0.002693	7.5	7.5	0
0.002694	7.5	7.5	0
0.002695	7.5	7.5	0
0.002696	7.5	7.5	0
0.002697	7.5	7.5	0
0.002698	7.5	7.5	0
0.002699	7.5	7.5	0
0.0027	7.5	7.5	0
0.002701	7.5	7.5	0
0.002702	7.5	7.5	0
0.002703	7.5	7.5	0
0.002704	7.5	7.5	0
0.002705	7.5	7.5	0
0.002706	7.5	7.5	0
0.002707	7.5	7.5	0
0.002708	7.5	7.5	0
0.002709	7.5	7.5	0
0.00271	7.5	7.5	0
0.002711	7.5	7.5	0
0.002712	7.5	7.5	0
0.002713	7.5	7.5	0
0.002714	7.5	7.5	0
0.002715	7.5	7.5	0
0.002716	7.5	7.5	0
0.002717	7.5	7.5	0
0.002718	7.5	7.5	0
0.002719	7.5	7.5	0
0.00272	7.5	7.5	0
0.002721	7.5	7.5	0
0.002722	7.5	7.5	0
0.002723	7.5	7.5	0
0.002724	7.5	7.5	0
0.002725	7.5	7.5	0
0.002726	7.5	7.5	0
0.002727	7.5	7.5	0
0.002728	7.5	7.5	0
0.002729	7.5	7.5	0
0.00273	7.5	7.5	0
0.002731	7.5	7.5	0
0.002732	7.5	7.5	0
0.002733	7.5	7.5	0
0.002734	7.5	7.5	0
0.002735	7.5	7.5	0
0.002736	7.5	7.5	0
0.002737	7.5	7.5	0
0.002738	7.5	7.5	0
0.002739	7.5	7.5	0
0.00274	7.5	7.5	0
0.002741	7.5	7.5	0
0.002742	7.5	7.5	0
0.002743	7.5	7.5	0
0.002744	7.5	7.5	0
0.002745	7.5	7.5	0
0.002746	7.5	7.5	0
0.002747	7.5	7.5	0
0.002748	7.5	7.5	0
0.002749	7.5	7.5	0
0.00275	7.5	7.5	0
0.002751	7.5	7.5	0
0.002752	7.5	7.5	0
0.002753	7.5	7.5	0
0.002754	7.5	7.5	0
0.002755	7.5	7.5	0
0.002756	7.5	7.5	0
0.002757	7.5	7.5	0
0.002758	7.5	7.5	0
0.002759	7.5	7.5	0
0.00276	7.5	7.5	0
0.002761	7.5	7.5	0
0.002762	7.5	7.5	0
0.002763	7.5	7.5	0
0.002764	7.5	7.5	0
0.002765	7.5	7.5	0
0.002766	7.5	7.5	0
0.002767	7.5	7.5	0
0.002768	7.5	7.5	0
0.002769	7.5	7.5	0
0.00277	7.5	7.5	0
0.002771	7.5	7.5	0
0.002772	7.5	7.5	0
0.002773	7.5	7.5	0
0.002774	7.5	7.5	0
0.002775	7.5	7.5	0
0.002776	7.5	7.5	0
0.002777	7.5	7.5	0
0.002778	7.5	7.5	0
0.002779	7.5	7.5	0
0.00278	7.5	7.5	0
0.002781	7.5	7.5	0
0.002782	7.5	7.5	0
0.002783	7.5	7.5	0
0.002784	7.5	7.5	0
0.002785	7.5	7.5	0
0.002786	7.5	7.5	0
0.002787	7.5	7.5	0
0.002788	7.5	7.5	0
0.002789	7.5	7.5	0
0.00279	7.5	7.5	0
0.002791	7.5	7.5	0
0.002792	7.5	7.5	0
0.002793	7.5	7.5	0
0.002794	7.5	7.5	0
0.002795	7.5	7.5	0
0.002796	7.5	7.5	0
0.002797	7.5	7.5	0
0.002798	7.5	7.5	0
0.002799	7.5	7.5	0
0.0028	7.5	7.5	0
0.002801	7.5	7.5	0
0.002802	7.5	7.5	0
0.002803	7.5	7.5	0
0.002804	7.5	7.5	0
0.002805	7.5	7.5	0
0.002806	7.5	7.5	0
0.002807	7.5	7.5	0
0.002808	7.5	7.5	0
0.002809	7.5	7.5	0
0.00281	7.5	7.5	0
0.002811	7.5	7.5	0
0.002812	7.5	7.5	0
0.002813	7.5	7.5	0
0.002814	7.5	7.5	0
0.002815	7.5	7.5	0
0.002816	7.5	7.5	0
0.002817	7.5	7.5	0
0.002818	7.5	7.5	0
0.002819	7.5	7.5	0
0.00282	7.5	7.5	0
0.002821	7.5	7.5	0
0.002822	7.5	7.5	0
0.002823	7.5	7.5	0
0.002824	7.5	7.5	0
0.002825	7.5	7.5	0
0.002826	7.5	7.5	0
0.002827	7.5	7.5	0
0.002828	7.5	7.5	0
0.002829	7.5	7.5	0
0.00283	7.5	7.5	0
0.002831	7.5	7.5	0
0.002832	7.5	7.5	0
0.002833	7.5	7.5	0
0.002834	7.5	7.5	0
0.002835	7.5	7.5	0
0.002836	7.5	7.5	0
0.002837	7.5	7.5	0
0.002838	7.5	7.5	0
0.002839	7.5	7.5	0
0.00284	7.5	7.5	0
0.002841	7.5	7.5	0
0.002842	7.5	7.5	0
0.002843	7.5	7.5	0
0.002844	7.5	7.5	0
0.002845	7.5	7.5	0
0.002846	7.5	7.5	0
0.002847	7.5	7.5	0
0.002848	7.5	7.5	0
0.002849	7.5	7.5	0
0.00285	7.5	7.5	0
0.002851	7.5	7.5	0
0.002852	7.5	7.5	0
0.002853	7.5	7.5	0
0.002854	7.5	7.5	0
0.002855	7.5	7.5	0
0.002856	7.5	7.5	0
0.002857	7.5	7.5	0
0.002858	7.5	7.5	0
0.002859	7.5	7.5	0
0.00286	7.5	7.5	0
0.002861	7.5	7.5	0
0.002862	7.5	7.5	0
0.002863	7.5	7.5	0
0.002864	7.5	7.5	0
0.002865	7.5	7.5	0
0.002866	7.5	7.5	0
0.002867	7.5	7.5	0
0.002868	7.5	7.5	0
0.002869	7.5	7.5	0
0.00287	7.5	7.5	0
0.002871	7.5	7.5	0
0.002872	7.5	7.5	0
0.002873	7.5	7.5	0
0.002874	7.5	7.5	0
0.002875	7.5	7.5	0
0.002876	7.5	7.5	0
0.002877	7.5	7.5	0
0.002878	7.5	7.5	0
0.002879	7.5	7.5	0
0.00288	7.5	7.5	0
0.002881	7.5	7.5	0
0.002882	7.5	7.5	0
0.002883	7.5	7.5	0
0.002884	7.5	7.5	0
0.002885	7.5	7.5	0
0.002886	7.5	7.5	0
0.002887	7.5	7.5	0
0.002888	7.5	7.5	0
0.002889	7.5	7.5	0
0.00289	7.5	7.5	0
0.002891	7.5	7.5	0
0.002892	7.5	7.5	0
0.002893	7.5	7.5	0
0.002894	7.5	7.5	0
0.002895	7.5	7.5	0
0.002896	7.5	7.5	0
0.002897	7.5	7.5	0
0.002898	7.5	7.5	0
0.002899	7.5	7.5	0
0.0029	7.5	7.5	0
0.002901	7.5	7.5	0
0.002902	7.5	7.5	0
0.002903	7.5	7.5	0
0.002904	7.5	7.5	0
0.002905	7.5	7.5	0
0.002906	7.5	7.5	0
0.002907	7.5	7.5	0
0.002908	7.5	7.5	0
0.002909	7.5	7.5	0
0.00291	7.5	7.5	0
0.002911	7.5	7.5	0
0.002912	7.5	7.5	0
0.002913	7.5	7.5	0
0.002914	7.5	7.5	0
0.002915	7.5	7.5	0
0.002916	7.5	7.5	0
0.002917	7.5	7.5	0
0.002918	7.5	7.5	0
0.002919	7.5	7.5	0
0.00292	7.5	7.5	0
0.002921	7.5	7.5	0
0.002922	7.5	7.5	0
0.002923	7.5	7.5	0
0.002924	7.5	7.5	0
0.002925	7.5	7.5	0
0.002926	7.5	7.5	0
0.002927	7.5	7.5	0
0.002928	7.5	7.5	0
0.002929	7.5	7.5	0
0.00293	7.5	7.5	0
0.002931	7.5	7.5	0
0.002932	7.5	7.5	0
0.002933	7.5	7.5	0
0.002934	7.5	7.5	0
0.002935	7.5	7.5	0
0.002936	7.5	7.5	0
0.002937	7.5	7.5	0
0.002938	7.5	7.5	0
0.002939	7.5	7.5	0
0.00294	7.5	7.5	0
0.002941	7.5	7.5	0
0.002942	7.5	7.5	0
0.002943	7.5	7.5	0
0.002944	7.5	7.5	0
0.002945	7.5	7.5	0
0.002946	7.5	7.5	0
0.002947	7.5	7.5	0
0.002948	7.5	7.5	0
0.002949	7.5	7.5	0
0.00295	7.5	7.5	0
0.002951	7.5	7.5	0
0.002952	7.5	7.5	0
0.002953	7.5	7.5	0
0.002954	7.5	7.5	0
0.002955	7.5	7.5	0
0.002956	7.5	7.5	0
0.002957	7.5	7.5	0
0.002958	7.5	7.5	0
0.002959	7.5	7.5	0
0.00296	7.5	7.5	0
0.002961	7.5	7.5	0
0.002962	7.5	7.5	0
0.002963	7.5	7.5	0
0.002964	7.5	7.5	0
0.002965	7.5	7.5	0
0.002966	7.5	7.5	0
0.002967	7.5	7.5	0
0.002968	7.5	7.5	0
0.002969	7.5	7.5	0
0.00297	7.5	7.5	0
0.002971	7.5	7.5	0
0.002972	7.5	7.5	0
0.002973	7.5	7.5	0
0.002974	7.5	7.5	0
0.002975	7.5	7.5	0
0.002976	7.5	7.5	0
0.002977	7.5	7.5	0
0.002978	7.5	7.5	0
0.002979	7.5	7.5	0
0.00298	7.5	7.5	0
0.002981	7.5	7.5	0
0.002982	7.5	7.5	0
0.002983	7.5	7.5	0
0.002984	7.5	7.5	0
0.002985	7.5	7.5	0
0.002986	7.5	7.5	0
0.002987	7.5	7.5	0
0.002988	7.5	7.5	0
0.002989	7.5	7.5	0
0.00299	7.5	7.5	0
0.002991	7.5	7.5	0
0.002992	7.5	7.5	0
0.002993	7.5	7.5	0
0.002994	7.5	7.5	0
0.002995	7.5	7.5	0
0.002996	7.5	7.5	0
0.002997	7.5	7.5	0
0.002998	7.5	7.5	0
0.002999	7.5	7.5	0
0.003	7.5	7.5	0
0.003001	7.5	7.5	0
0.003002	7.5	7.5	0
0.003003	7.5	7.5	0
0.003004	7.5	7.5	0
0.003005	7.5	7.5	0
0.003006	7.5	7.5	0
0.003007	7.5	7.5	0
0.003008	7.5	7.5	0
0.003009	7.5	7.5	0
0.00301	7.5	7.5	0
0.003011	7.5	7.5	0
0.003012	7.5	7.5	0
0.003013	7.5	7.5	0
0.003014	7.5	7.5	0
0.003015	7.5	7.5	0
0.003016	7.5	7.5	0
0.003017	7.5	7.5	0
0.003018	7.5	7.5	0
0.003019	7.5	7.5	0
0.00302	7.5	7.5	0
0.003021	7.5	7.5	0
0.003022	7.5	7.5	0
0.003023	7.5	7.5	0
0.003024	7.5	7.5	0
0.003025	7.5	7.5	0
0.003026	7.5	7.5	0
0.003027	7.5	7.5	0
0.003028	7.5	7.5	0
0.003029	7.5	7.5	0
0.00303	7.5	7.5	0
0.003031	7.5	7.5	0
0.003032	7.5	7.5	0
0.003033	7.5	7.5	0
0.003034	7.5	7.5	0
0.003035	7.5	7.5	0
0.003036	7.5	7.5	0
0.003037	7.5	7.5	0
0.003038	7.5	7.5	0
0.003039	7.5	7.5	0
0.00304	7.5	7.5	0
0.003041	7.5	7.5	0
0.003042	7.5	7.5	0
0.003043	7.5	7.5	0
0.003044	7.5	7.5	0
0.003045	7.5	7.5	0
0.003046	7.5	7.5	0
0.003047	7.5	7.5	0
0.003048	7.5	7.5	0
0.003049	7.5	7.5	0
0.00305	7.5	7.5	0
0.003051	7.5	7.5	0
0.003052	7.5	7.5	0
0.003053	7.5	7.5	0
0.003054	7.5	7.5	0
0.003055	7.5	7.5	0
0.003056	7.5	7.5	0
0.003057	7.5	7.5	0
0.003058	7.5	7.5	0
0.003059	7.5	7.5	0
0.00306	7.5	7.5	0
0.003061	7.5	7.5	0
0.003062	7.5	7.5	0
0.003063	7.5	7.5	0
0.003064	7.5	7.5	0
0.003065	7.5	7.5	0
0.003066	7.5	7.5	0
0.003067	7.5	7.5	0
0.003068	7.5	7.5	0
0.003069	7.5	7.5	0
0.00307	7.5	7.5	0
0.003071	7.5	7.5	0
0.003072	7.5	7.5	0
0.003073	7.5	7.5	0
0.003074	7.5	7.5	0
0.003075	7.5	7.5	0
0.003076	7.5	7.5	0
0.003077	7.5	7.5	0
0.003078	7.5	7.5	0
0.003079	7.5	7.5	0
0.00308	7.5	7.5	0
0.003081	7.5	7.5	0
0.003082	7.5	7.5	0
0.003083	7.5	7.5	0
0.003084	7.5	7.5	0
0.003085	7.5	7.5	0
0.003086	7.5	7.5	0
0.003087	7.5	7.5	0
0.003088	7.5	7.5	0
0.003089	7.5	7.5	0
0.00309	7.5	7.5	0
0.003091	7.5	7.5	0
0.003092	7.5	7.5	0
0.003093	7.5	7.5	0
0.003094	7.5	7.5	0
0.003095	7.5	7.5	0
0.003096	7.5	7.5	0
0.003097	7.5	7.5	0
0.003098	7.5	7.5	0
0.003099	7.5	7.5	0
0.0031	7.5	7.5	0
0.003101	7.5	7.5	0
0.003102	7.5	7.5	0
0.003103	7.5	7.5	0
0.003104	7.5	7.5	0
0.003105	7.5	7.5	0
0.003106	7.5	7.5	0
0.003107	7.5	7.5	0
0.003108	7.5	7.5	0
0.003109	7.5	7.5	0
0.00311	7.5	7.5	0
0.003111	7.5	7.5	0
0.003112	7.5	7.5	0
0.003113	7.5	7.5	0
0.003114	7.5	7.5	0
0.003115	7.5	7.5	0
0.003116	7.5	7.5	0
0.003117	7.5	7.5	0
0.003118	7.5	7.5	0
0.003119	7.5	7.5	0
0.00312	7.5	7.5	0
0.003121	7.5	7.5	0
0.003122	7.5	7.5	0
0.003123	7.5	7.5	0
0.003124	7.5	7.5	0
0.003125	7.5	7.5	0
0.003126	7.5	7.5	0
0.003127	7.5	7.5	0
0.003128	7.5	7.5	0
0.003129	7.5	7.5	0
0.00313	7.5	7.5	0
0.003131	7.5	7.5	0
0.003132	7.5	7.5	0
0.003133	7.5	7.5	0
0.003134	7.5	7.5	0
0.003135	7.5	7.5	0
0.003136	7.5	7.5	0
0.003137	7.5	7.5	0
0.003138	7.5	7.5	0
0.003139	7.5	7.5	0
0.00314	7.5	7.5	0
0.003141	7.5	7.5	0
0.003142	7.5	7.5	0
0.003143	7.5	7.5	0
0.003144	7.5	7.5	0
0.003145	7.5	7.5	0
0.003146	7.5	7.5	0
0.003147	7.5	7.5	0
0.003148	7.5	7.5	0
0.003149	7.5	7.5	0
0.00315	7.5	7.5	0
0.003151	7.5	7.5	0
0.003152	7.5	7.5	0
0.003153	7.5	7.5	0
0.003154	7.5	7.5	0
0.003155	7.5	7.5	0
0.003156	7.5	7.5	0
0.003157	7.5	7.5	0
0.003158	7.5	7.5	0
0.003159	7.5	7.5	0
0.00316	7.5	7.5	0
0.003161	7.5	7.5	0
0.003162	7.5	7.5	0
0.003163	7.5	7.5	0
0.003164	7.5	7.5	0
0.003165	7.5	7.5	0
0.003166	7.5	7.5	0
0.003167	7.5	7.5	0
0.003168	7.5	7.5	0
0.003169	7.5	7.5	0
0.00317	7.5	7.5	0
0.003171	7.5	7.5	0
0.003172	7.5	7.5	0
0.003173	7.5	7.5	0
0.003174	7.5	7.5	0
0.003175	7.5	7.5	0
0.003176	7.5	7.5	0
0.003177	7.5	7.5	0
0.003178	7.5	7.5	0
0.003179	7.5	7.5	0
0.00318	7.5	7.5	0
0.003181	7.5	7.5	0
0.003182	7.5	7.5	0
0.003183	7.5	7.5	0
0.003184	7.5	7.5	0
0.003185	7.5	7.5	0
0.003186	7.5	7.5	0
0.003187	7.5	7.5	0
0.003188	7.5	7.5	0
0.003189	7.5	7.5	0
0.00319	7.5	7.5	0
0.003191	7.5	7.5	0
0.003192	7.5	7.5	0
0.003193	7.5	7.5	0
0.003194	7.5	7.5	0
0.003195	7.5	7.5	0
0.003196	7.5	7.5	0
0.003197	7.5	7.5	0
0.003198	7.5	7.5	0
0.003199	7.5	7.5	0
0.0032	7.5	7.5	0
0.003201	7.5	7.5	0
0.003202	7.5	7.5	0
0.003203	7.5	7.5	0
0.003204	7.5	7.5	0
0.003205	7.5	7.5	0
0.003206	7.5	7.5	0
0.003207	7.5	7.5	0
0.003208	7.5	7.5	0
0.003209	7.5	7.5	0
0.00321	7.5	7.5	0
0.003211	7.5	7.5	0
0.003212	7.5	7.5	0
0.003213	7.5	7.5	0
0.003214	7.5	7.5	0
0.003215	7.5	7.5	0
0.003216	7.5	7.5	0
0.003217	7.5	7.5	0
0.003218	7.5	7.5	0
0.003219	7.5	7.5	0
0.00322	7.5	7.5	0
0.003221	7.5	7.5	0
0.003222	7.5	7.5	0
0.003223	7.5	7.5	0
0.003224	7.5	7.5	0
0.003225	7.5	7.5	0
0.003226	7.5	7.5	0
0.003227	7.5	7.5	0
0.003228	7.5	7.5	0
0.003229	7.5	7.5	0
0.00323	7.5	7.5	0
0.003231	7.5	7.5	0
0.003232	7.5	7.5	0
0.003233	7.5	7.5	0
0.003234	7.5	7.5	0
0.003235	7.5	7.5	0
0.003236	7.5	7.5	0
0.003237	7.5	7.5	0
0.003238	7.5	7.5	0
0.003239	7.5	7.5	0
0.00324	7.5	7.5	0
0.003241	7.5	7.5	0
0.003242	7.5	7.5	0
0.003243	7.5	7.5	0
0.003244	7.5	7.5	0
0.003245	7.5	7.5	0
0.003246	7.5	7.5	0
0.003247	7.5	7.5	0
0.003248	7.5	7.5	0
0.003249	7.5	7.5	0
0.00325	7.5	7.5	0
0.003251	7.5	7.5	0
0.003252	7.5	7.5	0
0.003253	7.5	7.5	0
0.003254	7.5	7.5	0
0.003255	7.5	7.5	0
0.003256	7.5	7.5	0
0.003257	7.5	7.5	0
0.003258	7.5	7.5	0
0.003259	7.5	7.5	0
0.00326	7.5	7.5	0
0.003261	7.5	7.5	0
0.003262	7.5	7.5	0
0.003263	7.5	7.5	0
0.003264	7.5	7.5	0
0.003265	7.5	7.5	0
0.003266	7.5	7.5	0
0.003267	7.5	7.5	0
0.003268	7.5	7.5	0
0.003269	7.5	7.5	0
0.00327	7.5	7.5	0
0.003271	7.5	7.5	0
0.003272	7.5	7.5	0
0.003273	7.5	7.5	0
0.003274	7.5	7.5	0
0.003275	7.5	7.5	0
0.003276	7.5	7.5	0
0.003277	7.5	7.5	0
0.003278	7.5	7.5	0
0.003279	7.5	7.5	0
0.00328	7.5	7.5	0
0.003281	7.5	7.5	0
0.003282	7.5	7.5	0
0.003283	7.5	7.5	0
0.003284	7.5	7.5	0
0.003285	7.5	7.5	0
0.003286	7.5	7.5	0
0.003287	7.5	7.5	0
0.003288	7.5	7.5	0
0.003289	7.5	7.5	0
0.00329	7.5	7.5	0
0.003291	7.5	7.5	0
0.003292	7.5	7.5	0
0.003293	7.5	7.5	0
0.003294	7.5	7.5	0
0.003295	7.5	7.5	0
0.003296	7.5	7.5	0
0.003297	7.5	7.5	0
0.003298	7.5	7.5	0
0.003299	7.5	7.5	0
0.0033	7.5	7.5	0
0.003301	7.5	7.5	0
0.003302	7.5	7.5	0
0.003303	7.5	7.5	0
0.003304	7.5	7.5	0
0.003305	7.5	7.5	0
0.003306	7.5	7.5	0
0.003307	7.5	7.5	0
0.003308	7.5	7.5	0
0.003309	7.5	7.5	0
0.00331	7.5	7.5	0
0.003311	7.5	7.5	0
0.003312	7.5	7.5	0
0.003313	7.5	7.5	0
0.003314	7.5	7.5	0
0.003315	7.5	7.5	0
0.003316	7.5	7.5	0
0.003317	7.5	7.5	0
0.003318	7.5	7.5	0
0.003319	7.5	7.5	0
0.00332	7.5	7.5	0
0.003321	7.5	7.5	0
0.003322	7.5	7.5	0
0.003323	7.5	7.5	0
0.003324	7.5	7.5	0
0.003325	7.5	7.5	0
0.003326	7.5	7.5	0
0.003327	7.5	7.5	0
0.003328	7.5	7.5	0
0.003329	7.5	7.5	0
0.00333	7.5	7.5	0
0.003331	7.5	7.5	0
0.003332	7.5	7.5	0
0.003333	7.5	7.5	0
0.003334	7.5	7.5	0
0.003335	7.5	7.5	0
0.003336	7.5	7.5	0
0.003337	7.5	7.5	0
0.003338	7.5	7.5	0
0.003339	7.5	7.5	0
0.00334	7.5	7.5	0
0.003341	7.5	7.5	0
0.003342	7.5	7.5	0
0.003343	7.5	7.5	0
0.003344	7.5	7.5	0
0.003345	7.5	7.5	0
0.003346	7.5	7.5	0
0.003347	7.5	7.5	0
0.003348	7.5	7.5	0
0.003349	7.5	7.5	0
0.00335	7.5	7.5	0
0.003351	7.5	7.5	0
0.003352	7.5	7.5	0
0.003353	7.5	7.5	0
0.003354	7.5	7.5	0
0.003355	7.5	7.5	0
0.003356	7.5	7.5	0
0.003357	7.5	7.5	0
0.003358	7.5	7.5	0
0.003359	7.5	7.5	0
0.00336	7.5	7.5	0
0.003361	7.5	7.5	0
0.003362	7.5	7.5	0
0.003363	7.5	7.5	0
0.003364	7.5	7.5	0
0.003365	7.5	7.5	0
0.003366	7.5	7.5	0
0.003367	7.5	7.5	0
0.003368	7.5	7.5	0
0.003369	7.5	7.5	0
0.00337	7.5	7.5	0
0.003371	7.5	7.5	0
0.003372	7.5	7.5	0
0.003373	7.5	7.5	0
0.003374	7.5	7.5	0
0.003375	7.5	7.5	0
0.003376	7.5	7.5	0
0.003377	7.5	7.5	0
0.003378	7.5	7.5	0
0.003379	7.5	7.5	0
0.00338	7.5	7.5	0
0.003381	7.5	7.5	0
0.003382	7.5	7.5	0
0.003383	7.5	7.5	0
0.003384	7.5	7.5	0
0.003385	7.5	7.5	0
0.003386	7.5	7.5	0
0.003387	7.5	7.5	0
0.003388	7.5	7.5	0
0.003389	7.5	7.5	0
0.00339	7.5	7.5	0
0.003391	7.5	7.5	0
0.003392	7.5	7.5	0
0.003393	7.5	7.5	0
0.003394	7.5	7.5	0
0.003395	7.5	7.5	0
0.003396	7.5	7.5	0
0.003397	7.5	7.5	0
0.003398	7.5	7.5	0
0.003399	7.5	7.5	0
0.0034	7.5	7.5	0
0.003401	7.5	7.5	0
0.003402	7.5	7.5	0
0.003403	7.5	7.5	0
0.003404	7.5	7.5	0
0.003405	7.5	7.5	0
0.003406	7.5	7.5	0
0.003407	7.5	7.5	0
0.003408	7.5	7.5	0
0.003409	7.5	7.5	0
0.00341	7.5	7.5	0
0.003411	7.5	7.5	0
0.003412	7.5	7.5	0
0.003413	7.5	7.5	0
0.003414	7.5	7.5	0
0.003415	7.5	7.5	0
0.003416	7.5	7.5	0
0.003417	7.5	7.5	0
0.003418	7.5	7.5	0
0.003419	7.5	7.5	0
0.00342	7.5	7.5	0
0.003421	7.5	7.5	0
0.003422	7.5	7.5	0
0.003423	7.5	7.5	0
0.003424	7.5	7.5	0
0.003425	7.5	7.5	0
0.003426	7.5	7.5	0
0.003427	7.5	7.5	0
0.003428	7.5	7.5	0
0.003429	7.5	7.5	0
0.00343	7.5	7.5	0
0.003431	7.5	7.5	0
0.003432	7.5	7.5	0
0.003433	7.5	7.5	0
0.003434	7.5	7.5	0
0.003435	7.5	7.5	0
0.003436	7.5	7.5	0
0.003437	7.5	7.5	0
0.003438	7.5	7.5	0
0.003439	7.5	7.5	0
0.00344	7.5	7.5	0
0.003441	7.5	7.5	0
0.003442	7.5	7.5	0
0.003443	7.5	7.5	0
0.003444	7.5	7.5	0
0.003445	7.5	7.5	0
0.003446	7.5	7.5	0
0.003447	7.5	7.5	0
0.003448	7.5	7.5	0
0.003449	7.5	7.5	0
0.00345	7.5	7.5	0
0.003451	7.5	7.5	0
0.003452	7.5	7.5	0
0.003453	7.5	7.5	0
0.003454	7.5	7.5	0
0.003455	7.5	7.5	0
0.003456	7.5	7.5	0
0.003457	7.5	7.5	0
0.003458	7.5	7.5	0
0.003459	7.5	7.5	0
0.00346	7.5	7.5	0
0.003461	7.5	7.5	0
0.003462	7.5	7.5	0
0.003463	7.5	7.5	0
0.003464	7.5	7.5	0
0.003465	7.5	7.5	0
0.003466	7.5	7.5	0
0.003467	7.5	7.5	0
0.003468	7.5	7.5	0
0.003469	7.5	7.5	0
0.00347	7.5	7.5	0
0.003471	7.5	7.5	0
0.003472	7.5	7.5	0
0.003473	7.5	7.5	0
0.003474	7.5	7.5	0
0.003475	7.5	7.5	0
0.003476	7.5	7.5	0
0.003477	7.5	7.5	0
0.003478	7.5	7.5	0
0.003479	7.5	7.5	0
0.00348	7.5	7.5	0
0.003481	7.5	7.5	0
0.003482	7.5	7.5	0
0.003483	7.5	7.5	0
0.003484	7.5	7.5	0
0.003485	7.5	7.5	0
0.003486	7.5	7.5	0
0.003487	7.5	7.5	0
0.003488	7.5	7.5	0
0.003489	7.5	7.5	0
0.00349	7.5	7.5	0
0.003491	7.5	7.5	0
0.003492	7.5	7.5	0
0.003493	7.5	7.5	0
0.003494	7.5	7.5	0
0.003495	7.5	7.5	0
0.003496	7.5	7.5	0
0.003497	7.5	7.5	0
0.003498	7.5	7.5	0
0.003499	7.5	7.5	0
0.0035	7.5	7.5	0
0.003501	7.5	7.5	0
0.003502	7.5	7.5	0
0.003503	7.5	7.5	0
0.003504	7.5	7.5	0
0.003505	7.5	7.5	0
0.003506	7.5	7.5	0
0.003507	7.5	7.5	0
0.003508	7.5	7.5	0
0.003509	7.5	7.5	0
0.00351	7.5	7.5	0
0.003511	7.5	7.5	0
0.003512	7.5	7.5	0
0.003513	7.5	7.5	0
0.003514	7.5	7.5	0
0.003515	7.5	7.5	0
0.003516	7.5	7.5	0
0.003517	7.5	7.5	0
0.003518	7.5	7.5	0
0.003519	7.5	7.5	0
0.00352	7.5	7.5	0
0.003521	7.5	7.5	0
0.003522	7.5	7.5	0
0.003523	7.5	7.5	0
0.003524	7.5	7.5	0
0.003525	7.5	7.5	0
0.003526	7.5	7.5	0
0.003527	7.5	7.5	0
0.003528	7.5	7.5	0
0.003529	7.5	7.5	0
0.00353	7.5	7.5	0
0.003531	7.5	7.5	0
0.003532	7.5	7.5	0
0.003533	7.5	7.5	0
0.003534	7.5	7.5	0
0.003535	7.5	7.5	0
0.003536	7.5	7.5	0
0.003537	7.5	7.5	0
0.003538	7.5	7.5	0
0.003539	7.5	7.5	0
0.00354	7.5	7.5	0
0.003541	7.5	7.5	0
0.003542	7.5	7.5	0
0.003543	7.5	7.5	0
0.003544	7.5	7.5	0
0.003545	7.5	7.5	0
0.003546	7.5	7.5	0
0.003547	7.5	7.5	0
0.003548	7.5	7.5	0
0.003549	7.5	7.5	0
0.00355	7.5	7.5	0
0.003551	7.5	7.5	0
0.003552	7.5	7.5	0
0.003553	7.5	7.5	0
0.003554	7.5	7.5	0
0.003555	7.5	7.5	0
0.003556	7.5	7.5	0
0.003557	7.5	7.5	0
0.003558	7.5	7.5	0
0.003559	7.5	7.5	0
0.00356	7.5	7.5	0
0.003561	7.5	7.5	0
0.003562	7.5	7.5	0
0.003563	7.5	7.5	0
0.003564	7.5	7.5	0
0.003565	7.5	7.5	0
0.003566	7.5	7.5	0
0.003567	7.5	7.5	0
0.003568	7.5	7.5	0
0.003569	7.5	7.5	0
0.00357	7.5	7.5	0
0.003571	7.5	7.5	0
0.003572	7.5	7.5	0
0.003573	7.5	7.5	0
0.003574	7.5	7.5	0
0.003575	7.5	7.5	0
0.003576	7.5	7.5	0
0.003577	7.5	7.5	0
0.003578	7.5	7.5	0
0.003579	7.5	7.5	0
0.00358	7.5	7.5	0
0.003581	7.5	7.5	0
0.003582	7.5	7.5	0
0.003583	7.5	7.5	0
0.003584	7.5	7.5	0
0.003585	7.5	7.5	0
0.003586	7.5	7.5	0
0.003587	7.5	7.5	0
0.003588	7.5	7.5	0
0.003589	7.5	7.5	0
0.00359	7.5	7.5	0
0.003591	7.5	7.5	0
0.003592	7.5	7.5	0
0.003593	7.5	7.5	0
0.003594	7.5	7.5	0
0.003595	7.5	7.5	0
0.003596	7.5	7.5	0
0.003597	7.5	7.5	0
0.003598	7.5	7.5	0
0.003599	7.5	7.5	0
0.0036	7.5	7.5	0
0.003601	7.5	7.5	0
0.003602	7.5	7.5	0
0.003603	7.5	7.5	0
0.003604	7.5	7.5	0
0.003605	7.5	7.5	0
0.003606	7.5	7.5	0
0.003607	7.5	7.5	0
0.003608	7.5	7.5	0
0.003609	7.5	7.5	0
0.00361	7.5	7.5	0
0.003611	7.5	7.5	0
0.003612	7.5	7.5	0
0.003613	7.5	7.5	0
0.003614	7.5	7.5	0
0.003615	7.5	7.5	0
0.003616	7.5	7.5	0
0.003617	7.5	7.5	0
0.003618	7.5	7.5	0
0.003619	7.5	7.5	0
0.00362	7.5	7.5	0
0.003621	7.5	7.5	0
0.003622	7.5	7.5	0
0.003623	7.5	7.5	0
0.003624	7.5	7.5	0
0.003625	7.5	7.5	0
0.003626	7.5	7.5	0
0.003627	7.5	7.5	0
0.003628	7.5	7.5	0
0.003629	7.5	7.5	0
0.00363	7.5	7.5	0
0.003631	7.5	7.5	0
0.003632	7.5	7.5	0
0.003633	7.5	7.5	0
0.003634	7.5	7.5	0
0.003635	7.5	7.5	0
0.003636	7.5	7.5	0
0.003637	7.5	7.5	0
0.003638	7.5	7.5	0
0.003639	7.5	7.5	0
0.00364	7.5	7.5	0
0.003641	7.5	7.5	0
0.003642	7.5	7.5	0
0.003643	7.5	7.5	0
0.003644	7.5	7.5	0
0.003645	7.5	7.5	0
0.003646	7.5	7.5	0
0.003647	7.5	7.5	0
0.003648	7.5	7.5	0
0.003649	7.5	7.5	0
0.00365	7.5	7.5	0
0.003651	7.5	7.5	0
0.003652	7.5	7.5	0
0.003653	7.5	7.5	0
0.003654	7.5	7.5	0
0.003655	7.5	7.5	0
0.003656	7.5	7.5	0
0.003657	7.5	7.5	0
0.003658	7.5	7.5	0
0.003659	7.5	7.5	0
0.00366	7.5	7.5	0
0.003661	7.5	7.5	0
0.003662	7.5	7.5	0
0.003663	7.5	7.5	0
0.003664	7.5	7.5	0
0.003665	7.5	7.5	0
0.003666	7.5	7.5	0
0.003667	7.5	7.5	0
0.003668	7.5	7.5	0
0.003669	7.5	7.5	0
0.00367	7.5	7.5	0
0.003671	7.5	7.5	0
0.003672	7.5	7.5	0
0.003673	7.5	7.5	0
0.003674	7.5	7.5	0
0.003675	7.5	7.5	0
0.003676	7.5	7.5	0
0.003677	7.5	7.5	0
0.003678	7.5	7.5	0
0.003679	7.5	7.5	0
0.00368	7.5	7.5	0
0.003681	7.5	7.5	0
0.003682	7.5	7.5	0
0.003683	7.5	7.5	0
0.003684	7.5	7.5	0
0.003685	7.5	7.5	0
0.003686	7.5	7.5	0
0.003687	7.5	7.5	0
0.003688	7.5	7.5	0
0.003689	7.5	7.5	0
0.00369	7.5	7.5	0
0.003691	7.5	7.5	0
0.003692	7.5	7.5	0
0.003693	7.5	7.5	0
0.003694	7.5	7.5	0
0.003695	7.5	7.5	0
0.003696	7.5	7.5	0
0.003697	7.5	7.5	0
0.003698	7.5	7.5	0
0.003699	7.5	7.5	0
0.0037	7.5	7.5	0
0.003701	7.5	7.5	0
0.003702	7.5	7.5	0
0.003703	7.5	7.5	0
0.003704	7.5	7.5	0
0.003705	7.5	7.5	0
0.003706	7.5	7.5	0
0.003707	7.5	7.5	0
0.003708	7.5	7.5	0
0.003709	7.5	7.5	0
0.00371	7.5	7.5	0
0.003711	7.5	7.5	0
0.003712	7.5	7.5	0
0.003713	7.5	7.5	0
0.003714	7.5	7.5	0
0.003715	7.5	7.5	0
0.003716	7.5	7.5	0
0.003717	7.5	7.5	0
0.003718	7.5	7.5	0
0.003719	7.5	7.5	0
0.00372	7.5	7.5	0
0.003721	7.5	7.5	0
0.003722	7.5	7.5	0
0.003723	7.5	7.5	0
0.003724	7.5	7.5	0
0.003725	7.5	7.5	0
0.003726	7.5	7.5	0
0.003727	7.5	7.5	0
0.003728	7.5	7.5	0
0.003729	7.5	7.5	0
0.00373	7.5	7.5	0
0.003731	7.5	7.5	0
0.003732	7.5	7.5	0
0.003733	7.5	7.5	0
0.003734	7.5	7.5	0
0.003735	7.5	7.5	0
0.003736	7.5	7.5	0
0.003737	7.5	7.5	0
0.003738	7.5	7.5	0
0.003739	7.5	7.5	0
0.00374	7.5	7.5	0
0.003741	7.5	7.5	0
0.003742	7.5	7.5	0
0.003743	7.5	7.5	0
0.003744	7.5	7.5	0
0.003745	7.5	7.5	0
0.003746	7.5	7.5	0
0.003747	7.5	7.5	0
0.003748	7.5	7.5	0
0.003749	7.5	7.5	0
0.00375	7.5	7.5	0
0.003751	7.5	7.5	0
0.003752	7.5	7.5	0
0.003753	7.5	7.5	0
0.003754	7.5	7.5	0
0.003755	7.5	7.5	0
0.003756	7.5	7.5	0
0.003757	7.5	7.5	0
0.003758	7.5	7.5	0
0.003759	7.5	7.5	0
0.00376	7.5	7.5	0
0.003761	7.5	7.5	0
0.003762	7.5	7.5	0
0.003763	7.5	7.5	0
0.003764	7.5	7.5	0
0.003765	7.5	7.5	0
0.003766	7.5	7.5	0
0.003767	7.5	7.5	0
0.003768	7.5	7.5	0
0.003769	7.5	7.5	0
0.00377	7.5	7.5	0
0.003771	7.5	7.5	0
0.003772	7.5	7.5	0
0.003773	7.5	7.5	0
0.003774	7.5	7.5	0
0.003775	7.5	7.5	0
0.003776	7.5	7.5	0
0.003777	7.5	7.5	0
0.003778	7.5	7.5	0
0.003779	7.5	7.5	0
0.00378	7.5	7.5	0
0.003781	7.5	7.5	0
0.003782	7.5	7.5	0
0.003783	7.5	7.5	0
0.003784	7.5	7.5	0
0.003785	7.5	7.5	0
0.003786	7.5	7.5	0
0.003787	7.5	7.5	0
0.003788	7.5	7.5	0
0.003789	7.5	7.5	0
0.00379	7.5	7.5	0
0.003791	7.5	7.5	0
0.003792	7.5	7.5	0
0.003793	7.5	7.5	0
0.003794	7.5	7.5	0
0.003795	7.5	7.5	0
0.003796	7.5	7.5	0
0.003797	7.5	7.5	0
0.003798	7.5	7.5	0
0.003799	7.5	7.5	0
0.0038	7.5	7.5	0
0.003801	7.5	7.5	0
0.003802	7.5	7.5	0
0.003803	7.5	7.5	0
0.003804	7.5	7.5	0
0.003805	7.5	7.5	0
0.003806	7.5	7.5	0
0.003807	7.5	7.5	0
0.003808	7.5	7.5	0
0.003809	7.5	7.5	0
0.00381	7.5	7.5	0
0.003811	7.5	7.5	0
0.003812	7.5	7.5	0
0.003813	7.5	7.5	0
0.003814	7.5	7.5	0
0.003815	7.5	7.5	0
0.003816	7.5	7.5	0
0.003817	7.5	7.5	0
0.003818	7.5	7.5	0
0.003819	7.5	7.5	0
0.00382	7.5	7.5	0
0.003821	7.5	7.5	0
0.003822	7.5	7.5	0
0.003823	7.5	7.5	0
0.003824	7.5	7.5	0
0.003825	7.5	7.5	0
0.003826	7.5	7.5	0
0.003827	7.5	7.5	0
0.003828	7.5	7.5	0
0.003829	7.5	7.5	0
0.00383	7.5	7.5	0
0.003831	7.5	7.5	0
0.003832	7.5	7.5	0
0.003833	7.5	7.5	0
0.003834	7.5	7.5	0
0.003835	7.5	7.5	0
0.003836	7.5	7.5	0
0.003837	7.5	7.5	0
0.003838	7.5	7.5	0
0.003839	7.5	7.5	0
0.00384	7.5	7.5	0
0.003841	7.5	7.5	0
0.003842	7.5	7.5	0
0.003843	7.5	7.5	0
0.003844	7.5	7.5	0
0.003845	7.5	7.5	0
0.003846	7.5	7.5	0
0.003847	7.5	7.5	0
0.003848	7.5	7.5	0
0.003849	7.5	7.5	0
0.00385	7.5	7.5	0
0.003851	7.5	7.5	0
0.003852	7.5	7.5	0
0.003853	7.5	7.5	0
0.003854	7.5	7.5	0
0.003855	7.5	7.5	0
0.003856	7.5	7.5	0
0.003857	7.5	7.5	0
0.003858	7.5	7.5	0
0.003859	7.5	7.5	0
0.00386	7.5	7.5	0
0.003861	7.5	7.5	0
0.003862	7.5	7.5	0
0.003863	7.5	7.5	0
0.003864	7.5	7.5	0
0.003865	7.5	7.5	0
0.003866	7.5	7.5	0
0.003867	7.5	7.5	0
0.003868	7.5	7.5	0
0.003869	7.5	7.5	0
0.00387	7.5	7.5	0
0.003871	7.5	7.5	0
0.003872	7.5	7.5	0
0.003873	7.5	7.5	0
0.003874	7.5	7.5	0
0.003875	7.5	7.5	0
0.003876	7.5	7.5	0
0.003877	7.5	7.5	0
0.003878	7.5	7.5	0
0.003879	7.5	7.5	0
0.00388	7.5	7.5	0
0.003881	7.5	7.5	0
0.003882	7.5	7.5	0
0.003883	7.5	7.5	0
0.003884	7.5	7.5	0
0.003885	7.5	7.5	0
0.003886	7.5	7.5	0
0.003887	7.5	7.5	0
0.003888	7.5	7.5	0
0.003889	7.5	7.5	0
0.00389	7.5	7.5	0
0.003891	7.5	7.5	0
0.003892	7.5	7.5	0
0.003893	7.5	7.5	0
0.003894	7.5	7.5	0
0.003895	7.5	7.5	0
0.003896	7.5	7.5	0
0.003897	7.5	7.5	0
0.003898	7.5	7.5	0
0.003899	7.5	7.5	0
0.0039	7.5	7.5	0
0.003901	7.5	7.5	0
0.003902	7.5	7.5	0
0.003903	7.5	7.5	0
0.003904	7.5	7.5	0
0.003905	7.5	7.5	0
0.003906	7.5	7.5	0
0.003907	7.5	7.5	0
0.003908	7.5	7.5	0
0.003909	7.5	7.5	0
0.00391	7.5	7.5	0
0.003911	7.5	7.5	0
0.003912	7.5	7.5	0
0.003913	7.5	7.5	0
0.003914	7.5	7.5	0
0.003915	7.5	7.5	0
0.003916	7.5	7.5	0
0.003917	7.5	7.5	0
0.003918	7.5	7.5	0
0.003919	7.5	7.5	0
0.00392	7.5	7.5	0
0.003921	7.5	7.5	0
0.003922	7.5	7.5	0
0.003923	7.5	7.5	0
0.003924	7.5	7.5	0
0.003925	7.5	7.5	0
0.003926	7.5	7.5	0
0.003927	7.5	7.5	0
0.003928	7.5	7.5	0
0.003929	7.5	7.5	0
0.00393	7.5	7.5	0
0.003931	7.5	7.5	0
0.003932	7.5	7.5	0
0.003933	7.5	7.5	0
0.003934	7.5	7.5	0
0.003935	7.5	7.5	0
0.003936	7.5	7.5	0
0.003937	7.5	7.5	0
0.003938	7.5	7.5	0
0.003939	7.5	7.5	0
0.00394	7.5	7.5	0
0.003941	7.5	7.5	0
0.003942	7.5	7.5	0
0.003943	7.5	7.5	0
0.003944	7.5	7.5	0
0.003945	7.5	7.5	0
0.003946	7.5	7.5	0
0.003947	7.5	7.5	0
0.003948	7.5	7.5	0
0.003949	7.5	7.5	0
0.00395	7.5	7.5	0
0.003951	7.5	7.5	0
0.003952	7.5	7.5	0
0.003953	7.5	7.5	0
0.003954	7.5	7.5	0
0.003955	7.5	7.5	0
0.003956	7.5	7.5	0
0.003957	7.5	7.5	0
0.003958	7.5	7.5	0
0.003959	7.5	7.5	0
0.00396	7.5	7.5	0
0.003961	7.5	7.5	0
0.003962	7.5	7.5	0
0.003963	7.5	7.5	0
0.003964	7.5	7.5	0
0.003965	7.5	7.5	0
0.003966	7.5	7.5	0
0.003967	7.5	7.5	0
0.003968	7.5	7.5	0
0.003969	7.5	7.5	0
0.00397	7.5	7.5	0
0.003971	7.5	7.5	0
0.003972	7.5	7.5	0
0.003973	7.5	7.5	0
0.003974	7.5	7.5	0
0.003975	7.5	7.5	0
0.003976	7.5	7.5	0
0.003977	7.5	7.5	0
0.003978	7.5	7.5	0
0.003979	7.5	7.5	0
0.00398	7.5	7.5	0
0.003981	7.5	7.5	0
0.003982	7.5	7.5	0
0.003983	7.5	7.5	0
0.003984	7.5	7.5	0
0.003985	7.5	7.5	0
0.003986	7.5	7.5	0
0.003987	7.5	7.5	0
0.003988	7.5	7.5	0
0.003989	7.5	7.5	0
0.00399	7.5	7.5	0
0.003991	7.5	7.5	0
0.003992	7.5	7.5	0
0.003993	7.5	7.5	0
0.003994	7.5	7.5	0
0.003995	7.5	7.5	0
0.003996	7.5	7.5	0
0.003997	7.5	7.5	0
0.003998	7.5	7.5	0
0.003999	7.5	7.5	0
0.004	7.5	7.5	0
0.004001	7.5	7.5	0
0.004002	7.5	7.5	0
0.004003	7.5	7.5	0
0.004004	7.5	7.5	0
0.004005	7.5	7.5	0
0.004006	7.5	7.5	0
0.004007	7.5	7.5	0
0.004008	7.5	7.5	0
0.004009	7.5	7.5	0
0.00401	7.5	7.5	0
0.004011	7.5	7.5	0
0.004012	7.5	7.5	0
0.004013	7.5	7.5	0
0.004014	7.5	7.5	0
0.004015	7.5	7.5	0
0.004016	7.5	7.5	0
0.004017	7.5	7.5	0
0.004018	7.5	7.5	0
0.004019	7.5	7.5	0
0.00402	7.5	7.5	0
0.004021	7.5	7.5	0
0.004022	7.5	7.5	0
0.004023	7.5	7.5	0
0.004024	7.5	7.5	0
0.004025	7.5	7.5	0
0.004026	7.5	7.5	0
0.004027	7.5	7.5	0
0.004028	7.5	7.5	0
0.004029	7.5	7.5	0
0.00403	7.5	7.5	0
0.004031	7.5	7.5	0
0.004032	7.5	7.5	0
0.004033	7.5	7.5	0
0.004034	7.5	7.5	0
0.004035	7.5	7.5	0
0.004036	7.5	7.5	0
0.004037	7.5	7.5	0
0.004038	7.5	7.5	0
0.004039	7.5	7.5	0
0.00404	7.5	7.5	0
0.004041	7.5	7.5	0
0.004042	7.5	7.5	0
0.004043	7.5	7.5	0
0.004044	7.5	7.5	0
0.004045	7.5	7.5	0
0.004046	7.5	7.5	0
0.004047	7.5	7.5	0
0.004048	7.5	7.5	0
0.004049	7.5	7.5	0
0.00405	7.5	7.5	0
0.004051	7.5	7.5	0
0.004052	7.5	7.5	0
0.004053	7.5	7.5	0
0.004054	7.5	7.5	0
0.004055	7.5	7.5	0
0.004056	7.5	7.5	0
0.004057	7.5	7.5	0
0.004058	7.5	7.5	0
0.004059	7.5	7.5	0
0.00406	7.5	7.5	0
0.004061	7.5	7.5	0
0.004062	7.5	7.5	0
0.004063	7.5	7.5	0
0.004064	7.5	7.5	0
0.004065	7.5	7.5	0
0.004066	7.5	7.5	0
0.004067	7.5	7.5	0
0.004068	7.5	7.5	0
0.004069	7.5	7.5	0
0.00407	7.5	7.5	0
0.004071	7.5	7.5	0
0.004072	7.5	7.5	0
0.004073	7.5	7.5	0
0.004074	7.5	7.5	0
0.004075	7.5	7.5	0
0.004076	7.5	7.5	0
0.004077	7.5	7.5	0
0.004078	7.5	7.5	0
0.004079	7.5	7.5	0
0.00408	7.5	7.5	0
0.004081	7.5	7.5	0
0.004082	7.5	7.5	0
0.004083	7.5	7.5	0
0.004084	7.5	7.5	0
0.004085	7.5	7.5	0
0.004086	7.5	7.5	0
0.004087	7.5	7.5	0
0.004088	7.5	7.5	0
0.004089	7.5	7.5	0
0.00409	7.5	7.5	0
0.004091	7.5	7.5	0
0.004092	7.5	7.5	0
0.004093	7.5	7.5	0
0.004094	7.5	7.5	0
0.004095	7.5	7.5	0
0.004096	7.5	7.5	0
0.004097	7.5	7.5	0
0.004098	7.5	7.5	0
0.004099	7.5	7.5	0
0.0041	7.5	7.5	0
0.004101	7.5	7.5	0
0.004102	7.5	7.5	0
0.004103	7.5	7.5	0
0.004104	7.5	7.5	0
0.004105	7.5	7.5	0
0.004106	7.5	7.5	0
0.004107	7.5	7.5	0
0.004108	7.5	7.5	0
0.004109	7.5	7.5	0
0.00411	7.5	7.5	0
0.004111	7.5	7.5	0
0.004112	7.5	7.5	0
0.004113	7.5	7.5	0
0.004114	7.5	7.5	0
0.004115	7.5	7.5	0
0.004116	7.5	7.5	0
0.004117	7.5	7.5	0
0.004118	7.5	7.5	0
0.004119	7.5	7.5	0
0.00412	7.5	7.5	0
0.004121	7.5	7.5	0
0.004122	7.5	7.5	0
0.004123	7.5	7.5	0
0.004124	7.5	7.5	0
0.004125	7.5	7.5	0
0.004126	7.5	7.5	0
0.004127	7.5	7.5	0
0.004128	7.5	7.5	0
0.004129	7.5	7.5	0
0.00413	7.5	7.5	0
0.004131	7.5	7.5	0
0.004132	7.5	7.5	0
0.004133	7.5	7.5	0
0.004134	7.5	7.5	0
0.004135	7.5	7.5	0
0.004136	7.5	7.5	0
0.004137	7.5	7.5	0
0.004138	7.5	7.5	0
0.004139	7.5	7.5	0
0.00414	7.5	7.5	0
0.004141	7.5	7.5	0
0.004142	7.5	7.5	0
0.004143	7.5	7.5	0
0.004144	7.5	7.5	0
0.004145	7.5	7.5	0
0.004146	7.5	7.5	0
0.004147	7.5	7.5	0
0.004148	7.5	7.5	0
0.004149	7.5	7.5	0
0.00415	7.5	7.5	0
0.004151	7.5	7.5	0
0.004152	7.5	7.5	0
0.004153	7.5	7.5	0
0.004154	7.5	7.5	0
0.004155	7.5	7.5	0
0.004156	7.5	7.5	0
0.004157	7.5	7.5	0
0.004158	7.5	7.5	0
0.004159	7.5	7.5	0
0.00416	7.5	7.5	0
0.004161	7.5	7.5	0
0.004162	7.5	7.5	0
0.004163	7.5	7.5	0
0.004164	7.5	7.5	0
0.004165	7.5	7.5	0
0.004166	7.5	7.5	0
0.004167	7.5	7.5	0
0.004168	7.5	7.5	0
0.004169	7.5	7.5	0
0.00417	7.5	7.5	0
0.004171	7.5	7.5	0
0.004172	7.5	7.5	0
0.004173	7.5	7.5	0
0.004174	7.5	7.5	0
0.004175	7.5	7.5	0
0.004176	7.5	7.5	0
0.004177	7.5	7.5	0
0.004178	7.5	7.5	0
0.004179	7.5	7.5	0
0.00418	7.5	7.5	0
0.004181	7.5	7.5	0
0.004182	7.5	7.5	0
0.004183	7.5	7.5	0
0.004184	7.5	7.5	0
0.004185	7.5	7.5	0
0.004186	7.5	7.5	0
0.004187	7.5	7.5	0
0.004188	7.5	7.5	0
0.004189	7.5	7.5	0
0.00419	7.5	7.5	0
0.004191	7.5	7.5	0
0.004192	7.5	7.5	0
0.004193	7.5	7.5	0
0.004194	7.5	7.5	0
0.004195	7.5	7.5	0
0.004196	7.5	7.5	0
0.004197	7.5	7.5	0
0.004198	7.5	7.5	0
0.004199	7.5	7.5	0
0.0042	7.5	7.5	0
0.004201	7.5	7.5	0
0.004202	7.5	7.5	0
0.004203	7.5	7.5	0
0.004204	7.5	7.5	0
0.004205	7.5	7.5	0
0.004206	7.5	7.5	0
0.004207	7.5	7.5	0
0.004208	7.5	7.5	0
0.004209	7.5	7.5	0
0.00421	7.5	7.5	0
0.004211	7.5	7.5	0
0.004212	7.5	7.5	0
0.004213	7.5	7.5	0
0.004214	7.5	7.5	0
0.004215	7.5	7.5	0
0.004216	7.5	7.5	0
0.004217	7.5	7.5	0
0.004218	7.5	7.5	0
0.004219	7.5	7.5	0
0.00422	7.5	7.5	0
0.004221	7.5	7.5	0
0.004222	7.5	7.5	0
0.004223	7.5	7.5	0
0.004224	7.5	7.5	0
0.004225	7.5	7.5	0
0.004226	7.5	7.5	0
0.004227	7.5	7.5	0
0.004228	7.5	7.5	0
0.004229	7.5	7.5	0
0.00423	7.5	7.5	0
0.004231	7.5	7.5	0
0.004232	7.5	7.5	0
0.004233	7.5	7.5	0
0.004234	7.5	7.5	0
0.004235	7.5	7.5	0
0.004236	7.5	7.5	0
0.004237	7.5	7.5	0
0.004238	7.5	7.5	0
0.004239	7.5	7.5	0
0.00424	7.5	7.5	0
0.004241	7.5	7.5	0
0.004242	7.5	7.5	0
0.004243	7.5	7.5	0
0.004244	7.5	7.5	0
0.004245	7.5	7.5	0
0.004246	7.5	7.5	0
0.004247	7.5	7.5	0
0.004248	7.5	7.5	0
0.004249	7.5	7.5	0
0.00425	7.5	7.5	0
0.004251	7.5	7.5	0
0.004252	7.5	7.5	0
0.004253	7.5	7.5	0
0.004254	7.5	7.5	0
0.004255	7.5	7.5	0
0.004256	7.5	7.5	0
0.004257	7.5	7.5	0
0.004258	7.5	7.5	0
0.004259	7.5	7.5	0
0.00426	7.5	7.5	0
0.004261	7.5	7.5	0
0.004262	7.5	7.5	0
0.004263	7.5	7.5	0
0.004264	7.5	7.5	0
0.004265	7.5	7.5	0
0.004266	7.5	7.5	0
0.004267	7.5	7.5	0
0.004268	7.5	7.5	0
0.004269	7.5	7.5	0
0.00427	7.5	7.5	0
0.004271	7.5	7.5	0
0.004272	7.5	7.5	0
0.004273	7.5	7.5	0
0.004274	7.5	7.5	0
0.004275	7.5	7.5	0
0.004276	7.5	7.5	0
0.004277	7.5	7.5	0
0.004278	7.5	7.5	0
0.004279	7.5	7.5	0
0.00428	7.5	7.5	0
0.004281	7.5	7.5	0
0.004282	7.5	7.5	0
0.004283	7.5	7.5	0
0.004284	7.5	7.5	0
0.004285	7.5	7.5	0
0.004286	7.5	7.5	0
0.004287	7.5	7.5	0
0.004288	7.5	7.5	0
0.004289	7.5	7.5	0
0.00429	7.5	7.5	0
0.004291	7.5	7.5	0
0.004292	7.5	7.5	0
0.004293	7.5	7.5	0
0.004294	7.5	7.5	0
0.004295	7.5	7.5	0
0.004296	7.5	7.5	0
0.004297	7.5	7.5	0
0.004298	7.5	7.5	0
0.004299	7.5	7.5	0
0.0043	7.5	7.5	0
0.004301	7.5	7.5	0
0.004302	7.5	7.5	0
0.004303	7.5	7.5	0
0.004304	7.5	7.5	0
0.004305	7.5	7.5	0
0.004306	7.5	7.5	0
0.004307	7.5	7.5	0
0.004308	7.5	7.5	0
0.004309	7.5	7.5	0
0.00431	7.5	7.5	0
0.004311	7.5	7.5	0
0.004312	7.5	7.5	0
0.004313	7.5	7.5	0
0.004314	7.5	7.5	0
0.004315	7.5	7.5	0
0.004316	7.5	7.5	0
0.004317	7.5	7.5	0
0.004318	7.5	7.5	0
0.004319	7.5	7.5	0
0.00432	7.5	7.5	0
0.004321	7.5	7.5	0
0.004322	7.5	7.5	0
0.004323	7.5	7.5	0
0.004324	7.5	7.5	0
0.004325	7.5	7.5	0
0.004326	7.5	7.5	0
0.004327	7.5	7.5	0
0.004328	7.5	7.5	0
0.004329	7.5	7.5	0
0.00433	7.5	7.5	0
0.004331	7.5	7.5	0
0.004332	7.5	7.5	0
0.004333	7.5	7.5	0
0.004334	7.5	7.5	0
0.004335	7.5	7.5	0
0.004336	7.5	7.5	0
0.004337	7.5	7.5	0
0.004338	7.5	7.5	0
0.004339	7.5	7.5	0
0.00434	7.5	7.5	0
0.004341	7.5	7.5	0
0.004342	7.5	7.5	0
0.004343	7.5	7.5	0
0.004344	7.5	7.5	0
0.004345	7.5	7.5	0
0.004346	7.5	7.5	0
0.004347	7.5	7.5	0
0.004348	7.5	7.5	0
0.004349	7.5	7.5	0
0.00435	7.5	7.5	0
0.004351	7.5	7.5	0
0.004352	7.5	7.5	0
0.004353	7.5	7.5	0
0.004354	7.5	7.5	0
0.004355	7.5	7.5	0
0.004356	7.5	7.5	0
0.004357	7.5	7.5	0
0.004358	7.5	7.5	0
0.004359	7.5	7.5	0
0.00436	7.5	7.5	0
0.004361	7.5	7.5	0
0.004362	7.5	7.5	0
0.004363	7.5	7.5	0
0.004364	7.5	7.5	0
0.004365	7.5	7.5	0
0.004366	7.5	7.5	0
0.004367	7.5	7.5	0
0.004368	7.5	7.5	0
0.004369	7.5	7.5	0
0.00437	7.5	7.5	0
0.004371	7.5	7.5	0
0.004372	7.5	7.5	0
0.004373	7.5	7.5	0
0.004374	7.5	7.5	0
0.004375	7.5	7.5	0
0.004376	7.5	7.5	0
0.004377	7.5	7.5	0
0.004378	7.5	7.5	0
0.004379	7.5	7.5	0
0.00438	7.5	7.5	0
0.004381	7.5	7.5	0
0.004382	7.5	7.5	0
0.004383	7.5	7.5	0
0.004384	7.5	7.5	0
0.004385	7.5	7.5	0
0.004386	7.5	7.5	0
0.004387	7.5	7.5	0
0.004388	7.5	7.5	0
0.004389	7.5	7.5	0
0.00439	7.5	7.5	0
0.004391	7.5	7.5	0
0.004392	7.5	7.5	0
0.004393	7.5	7.5	0
0.004394	7.5	7.5	0
0.004395	7.5	7.5	0
0.004396	7.5	7.5	0
0.004397	7.5	7.5	0
0.004398	7.5	7.5	0
0.004399	7.5	7.5	0
0.0044	7.5	7.5	0
0.004401	7.5	7.5	0
0.004402	7.5	7.5	0
0.004403	7.5	7.5	0
0.004404	7.5	7.5	0
0.004405	7.5	7.5	0
0.004406	7.5	7.5	0
0.004407	7.5	7.5	0
0.004408	7.5	7.5	0
0.004409	7.5	7.5	0
0.00441	7.5	7.5	0
0.004411	7.5	7.5	0
0.004412	7.5	7.5	0
0.004413	7.5	7.5	0
0.004414	7.5	7.5	0
0.004415	7.5	7.5	0
0.004416	7.5	7.5	0
0.004417	7.5	7.5	0
0.004418	7.5	7.5	0
0.004419	7.5	7.5	0
0.00442	7.5	7.5	0
0.004421	7.5	7.5	0
0.004422	7.5	7.5	0
0.004423	7.5	7.5	0
0.004424	7.5	7.5	0
0.004425	7.5	7.5	0
0.004426	7.5	7.5	0
0.004427	7.5	7.5	0
0.004428	7.5	7.5	0
0.004429	7.5	7.5	0
0.00443	7.5	7.5	0
0.004431	7.5	7.5	0
0.004432	7.5	7.5	0
0.004433	7.5	7.5	0
0.004434	7.5	7.5	0
0.004435	7.5	7.5	0
0.004436	7.5	7.5	0
0.004437	7.5	7.5	0
0.004438	7.5	7.5	0
0.004439	7.5	7.5	0
0.00444	7.5	7.5	0
0.004441	7.5	7.5	0
0.004442	7.5	7.5	0
0.004443	7.5	7.5	0
0.004444	7.5	7.5	0
0.004445	7.5	7.5	0
0.004446	7.5	7.5	0
0.004447	7.5	7.5	0
0.004448	7.5	7.5	0
0.004449	7.5	7.5	0
0.00445	7.5	7.5	0
0.004451	7.5	7.5	0
0.004452	7.5	7.5	0
0.004453	7.5	7.5	0
0.004454	7.5	7.5	0
0.004455	7.5	7.5	0
0.004456	7.5	7.5	0
0.004457	7.5	7.5	0
0.004458	7.5	7.5	0
0.004459	7.5	7.5	0
0.00446	7.5	7.5	0
0.004461	7.5	7.5	0
0.004462	7.5	7.5	0
0.004463	7.5	7.5	0
0.004464	7.5	7.5	0
0.004465	7.5	7.5	0
0.004466	7.5	7.5	0
0.004467	7.5	7.5	0
0.004468	7.5	7.5	0
0.004469	7.5	7.5	0
0.00447	7.5	7.5	0
0.004471	7.5	7.5	0
0.004472	7.5	7.5	0
0.004473	7.5	7.5	0
0.004474	7.5	7.5	0
0.004475	7.5	7.5	0
0.004476	7.5	7.5	0
0.004477	7.5	7.5	0
0.004478	7.5	7.5	0
0.004479	7.5	7.5	0
0.00448	7.5	7.5	0
0.004481	7.5	7.5	0
0.004482	7.5	7.5	0
0.004483	7.5	7.5	0
0.004484	7.5	7.5	0
0.004485	7.5	7.5	0
0.004486	7.5	7.5	0
0.004487	7.5	7.5	0
0.004488	7.5	7.5	0
0.004489	7.5	7.5	0
0.00449	7.5	7.5	0
0.004491	7.5	7.5	0
0.004492	7.5	7.5	0
0.004493	7.5	7.5	0
0.004494	7.5	7.5	0
0.004495	7.5	7.5	0
0.004496	7.5	7.5	0
0.004497	7.5	7.5	0
0.004498	7.5	7.5	0
0.004499	7.5	7.5	0
0.0045	7.5	7.5	0
0.004501	7.5	7.5	0
0.004502	7.5	7.5	0
0.004503	7.5	7.5	0
0.004504	7.5	7.5	0
0.004505	7.5	7.5	0
0.004506	7.5	7.5	0
0.004507	7.5	7.5	0
0.004508	7.5	7.5	0
0.004509	7.5	7.5	0
0.00451	7.5	7.5	0
0.004511	7.5	7.5	0
0.004512	7.5	7.5	0
0.004513	7.5	7.5	0
0.004514	7.5	7.5	0
0.004515	7.5	7.5	0
0.004516	7.5	7.5	0
0.004517	7.5	7.5	0
0.004518	7.5	7.5	0
0.004519	7.5	7.5	0
0.00452	7.5	7.5	0
0.004521	7.5	7.5	0
0.004522	7.5	7.5	0
0.004523	7.5	7.5	0
0.004524	7.5	7.5	0
0.004525	7.5	7.5	0
0.004526	7.5	7.5	0
0.004527	7.5	7.5	0
0.004528	7.5	7.5	0
0.004529	7.5	7.5	0
0.00453	7.5	7.5	0
0.004531	7.5	7.5	0
0.004532	7.5	7.5	0
0.004533	7.5	7.5	0
0.004534	7.5	7.5	0
0.004535	7.5	7.5	0
0.004536	7.5	7.5	0
0.004537	7.5	7.5	0
0.004538	7.5	7.5	0
0.004539	7.5	7.5	0
0.00454	7.5	7.5	0
0.004541	7.5	7.5	0
0.004542	7.5	7.5	0
0.004543	7.5	7.5	0
0.004544	7.5	7.5	0
0.004545	7.5	7.5	0
0.004546	7.5	7.5	0
0.004547	7.5	7.5	0
0.004548	7.5	7.5	0
0.004549	7.5	7.5	0
0.00455	7.5	7.5	0
0.004551	7.5	7.5	0
0.004552	7.5	7.5	0
0.004553	7.5	7.5	0
0.004554	7.5	7.5	0
0.004555	7.5	7.5	0
0.004556	7.5	7.5	0
0.004557	7.5	7.5	0
0.004558	7.5	7.5	0
0.004559	7.5	7.5	0
0.00456	7.5	7.5	0
0.004561	7.5	7.5	0
0.004562	7.5	7.5	0
0.004563	7.5	7.5	0
0.004564	7.5	7.5	0
0.004565	7.5	7.5	0
0.004566	7.5	7.5	0
0.004567	7.5	7.5	0
0.004568	7.5	7.5	0
0.004569	7.5	7.5	0
0.00457	7.5	7.5	0
0.004571	7.5	7.5	0
0.004572	7.5	7.5	0
0.004573	7.5	7.5	0
0.004574	7.5	7.5	0
0.004575	7.5	7.5	0
0.004576	7.5	7.5	0
0.004577	7.5	7.5	0
0.004578	7.5	7.5	0
0.004579	7.5	7.5	0
0.00458	7.5	7.5	0
0.004581	7.5	7.5	0
0.004582	7.5	7.5	0
0.004583	7.5	7.5	0
0.004584	7.5	7.5	0
0.004585	7.5	7.5	0
0.004586	7.5	7.5	0
0.004587	7.5	7.5	0
0.004588	7.5	7.5	0
0.004589	7.5	7.5	0
0.00459	7.5	7.5	0
0.004591	7.5	7.5	0
0.004592	7.5	7.5	0
0.004593	7.5	7.5	0
0.004594	7.5	7.5	0
0.004595	7.5	7.5	0
0.004596	7.5	7.5	0
0.004597	7.5	7.5	0
0.004598	7.5	7.5	0
0.004599	7.5	7.5	0
0.0046	7.5	7.5	0
0.004601	7.5	7.5	0
0.004602	7.5	7.5	0
0.004603	7.5	7.5	0
0.004604	7.5	7.5	0
0.004605	7.5	7.5	0
0.004606	7.5	7.5	0
0.004607	7.5	7.5	0
0.004608	7.5	7.5	0
0.004609	7.5	7.5	0
0.00461	7.5	7.5	0
0.004611	7.5	7.5	0
0.004612	7.5	7.5	0
0.004613	7.5	7.5	0
0.004614	7.5	7.5	0
0.004615	7.5	7.5	0
0.004616	7.5	7.5	0
0.004617	7.5	7.5	0
0.004618	7.5	7.5	0
0.004619	7.5	7.5	0
0.00462	7.5	7.5	0
0.004621	7.5	7.5	0
0.004622	7.5	7.5	0
0.004623	7.5	7.5	0
0.004624	7.5	7.5	0
0.004625	7.5	7.5	0
0.004626	7.5	7.5	0
0.004627	7.5	7.5	0
0.004628	7.5	7.5	0
0.004629	7.5	7.5	0
0.00463	7.5	7.5	0
0.004631	7.5	7.5	0
0.004632	7.5	7.5	0
0.004633	7.5	7.5	0
0.004634	7.5	7.5	0
0.004635	7.5	7.5	0
0.004636	7.5	7.5	0
0.004637	7.5	7.5	0
0.004638	7.5	7.5	0
0.004639	7.5	7.5	0
0.00464	7.5	7.5	0
0.004641	7.5	7.5	0
0.004642	7.5	7.5	0
0.004643	7.5	7.5	0
0.004644	7.5	7.5	0
0.004645	7.5	7.5	0
0.004646	7.5	7.5	0
0.004647	7.5	7.5	0
0.004648	7.5	7.5	0
0.004649	7.5	7.5	0
0.00465	7.5	7.5	0
0.004651	7.5	7.5	0
0.004652	7.5	7.5	0
0.004653	7.5	7.5	0
0.004654	7.5	7.5	0
0.004655	7.5	7.5	0
0.004656	7.5	7.5	0
0.004657	7.5	7.5	0
0.004658	7.5	7.5	0
0.004659	7.5	7.5	0
0.00466	7.5	7.5	0
0.004661	7.5	7.5	0
0.004662	7.5	7.5	0
0.004663	7.5	7.5	0
0.004664	7.5	7.5	0
0.004665	7.5	7.5	0
0.004666	7.5	7.5	0
0.004667	7.5	7.5	0
0.004668	7.5	7.5	0
0.004669	7.5	7.5	0
0.00467	7.5	7.5	0
0.004671	7.5	7.5	0
0.004672	7.5	7.5	0
0.004673	7.5	7.5	0
0.004674	7.5	7.5	0
0.004675	7.5	7.5	0
0.004676	7.5	7.5	0
0.004677	7.5	7.5	0
0.004678	7.5	7.5	0
0.004679	7.5	7.5	0
0.00468	7.5	7.5	0
0.004681	7.5	7.5	0
0.004682	7.5	7.5	0
0.004683	7.5	7.5	0
0.004684	7.5	7.5	0
0.004685	7.5	7.5	0
0.004686	7.5	7.5	0
0.004687	7.5	7.5	0
0.004688	7.5	7.5	0
0.004689	7.5	7.5	0
0.00469	7.5	7.5	0
0.004691	7.5	7.5	0
0.004692	7.5	7.5	0
0.004693	7.5	7.5	0
0.004694	7.5	7.5	0
0.004695	7.5	7.5	0
0.004696	7.5	7.5	0
0.004697	7.5	7.5	0
0.004698	7.5	7.5	0
0.004699	7.5	7.5	0
0.0047	7.5	7.5	0
0.004701	7.5	7.5	0
0.004702	7.5	7.5	0
0.004703	7.5	7.5	0
0.004704	7.5	7.5	0
0.004705	7.5	7.5	0
0.004706	7.5	7.5	0
0.004707	7.5	7.5	0
0.004708	7.5	7.5	0
0.004709	7.5	7.5	0
0.00471	7.5	7.5	0
0.004711	7.5	7.5	0
0.004712	7.5	7.5	0
0.004713	7.5	7.5	0
0.004714	7.5	7.5	0
0.004715	7.5	7.5	0
0.004716	7.5	7.5	0
0.004717	7.5	7.5	0
0.004718	7.5	7.5	0
0.004719	7.5	7.5	0
0.00472	7.5	7.5	0
0.004721	7.5	7.5	0
0.004722	7.5	7.5	0
0.004723	7.5	7.5	0
0.004724	7.5	7.5	0
0.004725	7.5	7.5	0
0.004726	7.5	7.5	0
0.004727	7.5	7.5	0
0.004728	7.5	7.5	0
0.004729	7.5	7.5	0
0.00473	7.5	7.5	0
0.004731	7.5	7.5	0
0.004732	7.5	7.5	0
0.004733	7.5	7.5	0
0.004734	7.5	7.5	0
0.004735	7.5	7.5	0
0.004736	7.5	7.5	0
0.004737	7.5	7.5	0
0.004738	7.5	7.5	0
0.004739	7.5	7.5	0
0.00474	7.5	7.5	0
0.004741	7.5	7.5	0
0.004742	7.5	7.5	0
0.004743	7.5	7.5	0
0.004744	7.5	7.5	0
0.004745	7.5	7.5	0
0.004746	7.5	7.5	0
0.004747	7.5	7.5	0
0.004748	7.5	7.5	0
0.004749	7.5	7.5	0
0.00475	7.5	7.5	0
0.004751	7.5	7.5	0
0.004752	7.5	7.5	0
0.004753	7.5	7.5	0
0.004754	7.5	7.5	0
0.004755	7.5	7.5	0
0.004756	7.5	7.5	0
0.004757	7.5	7.5	0
0.004758	7.5	7.5	0
0.004759	7.5	7.5	0
0.00476	7.5	7.5	0
0.004761	7.5	7.5	0
0.004762	7.5	7.5	0
0.004763	7.5	7.5	0
0.004764	7.5	7.5	0
0.004765	7.5	7.5	0
0.004766	7.5	7.5	0
0.004767	7.5	7.5	0
0.004768	7.5	7.5	0
0.004769	7.5	7.5	0
0.00477	7.5	7.5	0
0.004771	7.5	7.5	0
0.004772	7.5	7.5	0
0.004773	7.5	7.5	0
0.004774	7.5	7.5	0
0.004775	7.5	7.5	0
0.004776	7.5	7.5	0
0.004777	7.5	7.5	0
0.004778	7.5	7.5	0
0.004779	7.5	7.5	0
0.00478	7.5	7.5	0
0.004781	7.5	7.5	0
0.004782	7.5	7.5	0
0.004783	7.5	7.5	0
0.004784	7.5	7.5	0
0.004785	7.5	7.5	0
0.004786	7.5	7.5	0
0.004787	7.5	7.5	0
0.004788	7.5	7.5	0
0.004789	7.5	7.5	0
0.00479	7.5	7.5	0
0.004791	7.5	7.5	0
0.004792	7.5	7.5	0
0.004793	7.5	7.5	0
0.004794	7.5	7.5	0
0.004795	7.5	7.5	0
0.004796	7.5	7.5	0
0.004797	7.5	7.5	0
0.004798	7.5	7.5	0
0.004799	7.5	7.5	0
0.0048	7.5	7.5	0
0.004801	7.5	7.5	0
0.004802	7.5	7.5	0
0.004803	7.5	7.5	0
0.004804	7.5	7.5	0
0.004805	7.5	7.5	0
0.004806	7.5	7.5	0
0.004807	7.5	7.5	0
0.004808	7.5	7.5	0
0.004809	7.5	7.5	0
0.00481	7.5	7.5	0
0.004811	7.5	7.5	0
0.004812	7.5	7.5	0
0.004813	7.5	7.5	0
0.004814	7.5	7.5	0
0.004815	7.5	7.5	0
0.004816	7.5	7.5	0
0.004817	7.5	7.5	0
0.004818	7.5	7.5	0
0.004819	7.5	7.5	0
0.00482	7.5	7.5	0
0.004821	7.5	7.5	0
0.004822	7.5	7.5	0
0.004823	7.5	7.5	0
0.004824	7.5	7.5	0
0.004825	7.5	7.5	0
0.004826	7.5	7.5	0
0.004827	7.5	7.5	0
0.004828	7.5	7.5	0
0.004829	7.5	7.5	0
0.00483	7.5	7.5	0
0.004831	7.5	7.5	0
0.004832	7.5	7.5	0
0.004833	7.5	7.5	0
0.004834	7.5	7.5	0
0.004835	7.5	7.5	0
0.004836	7.5	7.5	0
0.004837	7.5	7.5	0
0.004838	7.5	7.5	0
0.004839	7.5	7.5	0
0.00484	7.5	7.5	0
0.004841	7.5	7.5	0
0.004842	7.5	7.5	0
0.004843	7.5	7.5	0
0.004844	7.5	7.5	0
0.004845	7.5	7.5	0
0.004846	7.5	7.5	0
0.004847	7.5	7.5	0
0.004848	7.5	7.5	0
0.004849	7.5	7.5	0
0.00485	7.5	7.5	0
0.004851	7.5	7.5	0
0.004852	7.5	7.5	0
0.004853	7.5	7.5	0
0.004854	7.5	7.5	0
0.004855	7.5	7.5	0
0.004856	7.5	7.5	0
0.004857	7.5	7.5	0
0.004858	7.5	7.5	0
0.004859	7.5	7.5	0
0.00486	7.5	7.5	0
0.004861	7.5	7.5	0
0.004862	7.5	7.5	0
0.004863	7.5	7.5	0
0.004864	7.5	7.5	0
0.004865	7.5	7.5	0
0.004866	7.5	7.5	0
0.004867	7.5	7.5	0
0.004868	7.5	7.5	0
0.004869	7.5	7.5	0
0.00487	7.5	7.5	0
0.004871	7.5	7.5	0
0.004872	7.5	7.5	0
0.004873	7.5	7.5	0
0.004874	7.5	7.5	0
0.004875	7.5	7.5	0
0.004876	7.5	7.5	0
0.004877	7.5	7.5	0
0.004878	7.5	7.5	0
0.004879	7.5	7.5	0
0.00488	7.5	7.5	0
0.004881	7.5	7.5	0
0.004882	7.5	7.5	0
0.004883	7.5	7.5	0
0.004884	7.5	7.5	0
0.004885	7.5	7.5	0
0.004886	7.5	7.5	0
0.004887	7.5	7.5	0
0.004888	7.5	7.5	0
0.004889	7.5	7.5	0
0.00489	7.5	7.5	0
0.004891	7.5	7.5	0
0.004892	7.5	7.5	0
0.004893	7.5	7.5	0
0.004894	7.5	7.5	0
0.004895	7.5	7.5	0
0.004896	7.5	7.5	0
0.004897	7.5	7.5	0
0.004898	7.5	7.5	0
0.004899	7.5	7.5	0
0.0049	7.5	7.5	0
0.004901	7.5	7.5	0
0.004902	7.5	7.5	0
0.004903	7.5	7.5	0
0.004904	7.5	7.5	0
0.004905	7.5	7.5	0
0.004906	7.5	7.5	0
0.004907	7.5	7.5	0
0.004908	7.5	7.5	0
0.004909	7.5	7.5	0
0.00491	7.5	7.5	0
0.004911	7.5	7.5	0
0.004912	7.5	7.5	0
0.004913	7.5	7.5	0
0.004914	7.5	7.5	0
0.004915	7.5	7.5	0
0.004916	7.5	7.5	0
0.004917	7.5	7.5	0
0.004918	7.5	7.5	0
0.004919	7.5	7.5	0
0.00492	7.5	7.5	0
0.004921	7.5	7.5	0
0.004922	7.5	7.5	0
0.004923	7.5	7.5	0
0.004924	7.5	7.5	0
0.004925	7.5	7.5	0
0.004926	7.5	7.5	0
0.004927	7.5	7.5	0
0.004928	7.5	7.5	0
0.004929	7.5	7.5	0
0.00493	7.5	7.5	0
0.004931	7.5	7.5	0
0.004932	7.5	7.5	0
0.004933	7.5	7.5	0
0.004934	7.5	7.5	0
0.004935	7.5	7.5	0
0.004936	7.5	7.5	0
0.004937	7.5	7.5	0
0.004938	7.5	7.5	0
0.004939	7.5	7.5	0
0.00494	7.5	7.5	0
0.004941	7.5	7.5	0
0.004942	7.5	7.5	0
0.004943	7.5	7.5	0
0.004944	7.5	7.5	0
0.004945	7.5	7.5	0
0.004946	7.5	7.5	0
0.004947	7.5	7.5	0
0.004948	7.5	7.5	0
0.004949	7.5	7.5	0
0.00495	7.5	7.5	0
0.004951	7.5	7.5	0
0.004952	7.5	7.5	0
0.004953	7.5	7.5	0
0.004954	7.5	7.5	0
0.004955	7.5	7.5	0
0.004956	7.5	7.5	0
0.004957	7.5	7.5	0
0.004958	7.5	7.5	0
0.004959	7.5	7.5	0
0.00496	7.5	7.5	0
0.004961	7.5	7.5	0
0.004962	7.5	7.5	0
0.004963	7.5	7.5	0
0.004964	7.5	7.5	0
0.004965	7.5	7.5	0
0.004966	7.5	7.5	0
0.004967	7.5	7.5	0
0.004968	7.5	7.5	0
0.004969	7.5	7.5	0
0.00497	7.5	7.5	0
0.004971	7.5	7.5	0
0.004972	7.5	7.5	0
0.004973	7.5	7.5	0
0.004974	7.5	7.5	0
0.004975	7.5	7.5	0
0.004976	7.5	7.5	0
0.004977	7.5	7.5	0
0.004978	7.5	7.5	0
0.004979	7.5	7.5	0
0.00498	7.5	7.5	0
0.004981	7.5	7.5	0
0.004982	7.5	7.5	0
0.004983	7.5	7.5	0
0.004984	7.5	7.5	0
0.004985	7.5	7.5	0
0.004986	7.5	7.5	0
0.004987	7.5	7.5	0
0.004988	7.5	7.5	0
0.004989	7.5	7.5	0
0.00499	7.5	7.5	0
0.004991	7.5	7.5	0
0.004992	7.5	7.5	0
0.004993	7.5	7.5	0
0.004994	7.5	7.5	0
0.004995	7.5	7.5	0
0.004996	7.5	7.5	0
0.004997	7.5	7.5	0
0.004998	7.5	7.5	0
0.004999	7.5	7.5	0
0.005	7.5	7.5	0
