0.000e+00	-2.00000000000000000000000000000e-2	0
1.000e-06	-1.99850168661076014741016627848e-2	0
2.000e-06	-1.99700674292049910245596481700e-2	0
3.000e-06	-1.99551516372251016561361347354e-2	0
4.000e-06	-1.99402694391231116435510518981e-2	0
5.000e-06	-1.99254207848693496497375098149e-2	0
6.000e-06	-1.99106056254424256830337496527e-2	0
7.000e-06	-1.98958239128225844968172437008e-2	0
8.000e-06	-1.98810755999852781808135154276e-2	0
9.000e-06	-1.98663606408949548354318378416e-2	0
1.000e-05	-1.98516789904990603591878622632e-2	0
1.100e-05	-1.98370306047222505147577370972e-2	0
1.200e-05	-1.98224154404608105716519771280e-2	0
1.300e-05	-1.98078334555772799530754075124e-2	0
1.400e-05	-1.97932846088952794414235615217e-2	0
1.500e-05	-1.97787688601945386212201912381e-2	0
1.600e-05	-1.97642861702061213602862980902e-2	0
1.700e-05	-1.97498365006078472497039200521e-2	0
1.800e-05	-1.97354198140199070408500279029e-2	0
1.900e-05	-1.97210360740006702335752046900e-2	0
2.000e-05	-1.97066852450426830836338664583e-2	0
2.100e-05	-1.96923672925688554098779266147e-2	0
2.200e-05	-1.96780821829288346926444518532e-2	0
2.300e-05	-1.96638298833955660643357452693e-2	0
2.400e-05	-1.96496103621620369015413071027e-2	0
2.500e-05	-1.96354235883382048353181720303e-2	0
2.600e-05	-1.96212695319481081025601007636e-2	0
2.700e-05	-1.96071481639271572668757374109e-2	0
2.800e-05	-1.95930594561196074421901044590e-2	0
2.900e-05	-1.95790033812762102565100403062e-2	0
3.000e-05	-1.95649799130520448970797275347e-2	0
3.100e-05	-1.95509890260045276816239787720e-2	0
3.200e-05	-1.95370306955915997036618749752e-2	0
3.300e-05	-1.95231048981700922030796653658e-2	0
3.400e-05	-1.95092116109942694165916786499e-2	0
3.500e-05	-1.94953508122145487656811767094e-2	0
3.600e-05	-1.94815224808763983445814410892e-2	0
3.700e-05	-1.94677265969194117734589490621e-2	0
3.800e-05	-1.94539631411765605885518528055e-2	0
3.900e-05	-1.94402320953736244453141056410e-2	0
4.000e-05	-1.94265334421287995178962625707e-2	0
4.100e-05	-1.94128671649524855852399082432e-2	0
4.200e-05	-1.93992332482472524030728211810e-2	0
4.300e-05	-1.93856316773079860707315715641e-2	0
4.400e-05	-1.93720624383222162133328853156e-2	0
4.500e-05	-1.93585255183706249126428127648e-2	0
4.600e-05	-1.93450209054277384348341191980e-2	0
4.700e-05	-1.93315485883628029199706797130e-2	0
4.800e-05	-1.93181085569408453168724510775e-2	0
4.900e-05	-1.93047008018239209680824851258e-2	0
5.000e-05	-1.92913253145725493732086653269e-2	0
5.100e-05	-1.92779820876473397851286431629e-2	0
5.200e-05	-1.92646711144108084226117760772e-2	0
5.300e-05	-1.92513923891293892150610034446e-2	0
5.400e-05	-1.92381459069756401305063997002e-2	0
5.500e-05	-1.92249316640306472769316637365e-2	0
5.600e-05	-1.92117496572866291097182781867e-2	0
5.700e-05	-1.91985998846497432247011989201e-2	0
5.800e-05	-1.91854823449430983673075323306e-2	0
5.900e-05	-1.91723970379099744437719871499e-2	0
6.000e-05	-1.91593439642172534807808823694e-2	0
6.100e-05	-1.91463231254590646453967501390e-2	0
6.200e-05	-1.91333345241606466080816039873e-2	0
6.300e-05	-1.91203781637824307084105039409e-2	0
6.400e-05	-1.91074540487243485660095793015e-2	0
6.500e-05	-1.90945621843303679687468511251e-2	0
6.600e-05	-1.90817025768932610666556597563e-2	0
6.700e-05	-1.90688752336596091039096748206e-2	0
6.800e-05	-1.90560801628350481328525885123e-2	0
6.900e-05	-1.90433173735897603741009322567e-2	0
7.000e-05	-1.90305868760642161156027123400e-2	0
7.100e-05	-1.90178886813751712817995152808e-2	0
7.200e-05	-1.90052228016219260522941624178e-2	0
7.300e-05	-1.89925892498928501682988600922e-2	0
7.400e-05	-1.89799880402721808353027825680e-2	0
7.500e-05	-1.89674191878470994125734492859e-2	0
7.600e-05	-1.89548827087150933750653764903e-2	0
7.700e-05	-1.89423786199916103418813148454e-2	0
7.800e-05	-1.89299069398180112885070670260e-2	0
7.900e-05	-1.89174676873698303985796613099e-2	0
8.000e-05	-1.89050608828653493659846215300e-2	0
8.100e-05	-1.88926865475744943307277034734e-2	0
8.200e-05	-1.88803447038280640234971930686e-2	0
8.300e-05	-1.88680353750272981054327454021e-2	0
8.400e-05	-1.88557585856537951227654938733e-2	1.41970085753015996153842779084e-20
8.500e-05	-1.88435143612797899522356858318e-2	2.84974896568733767227783967385e-20
8.600e-05	-1.88313027285788010942108695768e-2	5.62402588033617538095750457153e-20
8.700e-05	-1.88191237153366586780571207402e-2	1.09187984443979688019802035224e-19
8.800e-05	-1.88069773504629245805692302395e-2	2.08657224070979625692844203225e-19
8.900e-05	-1.87948636640027166253498682948e-2	3.92695765928309480377748101395e-19
9.000e-05	-1.87827826871489494313693032803e-2	7.28225694131415870607960870976e-19
9.100e-05	-1.87707344522550051152114664000e-2	1.33129927338136313188827250570e-18
9.200e-05	-1.87587189928478477266746958661e-2	2.40042940760664470788358818047e-18
9.300e-05	-1.87467363436415960147189762870e-2	4.27071468521976466199529477616e-18
9.400e-05	-1.87347865405515698838664549534e-2	7.50061807313674215943558755208e-18
9.500e-05	-1.87228696207088267141027721218e-2	1.30093927724888455301624926965e-17
9.600e-05	-1.87109856224752045845820877823e-2	2.22921320258285534387532027849e-17
9.700e-05	-1.86991345854588903680074713167e-2	3.77524227334970642250972268948e-17
9.800e-05	-1.86873165505305316540094779977e-2	6.32111936610438203911317304256e-17
9.900e-05	-1.86755315598399125223821739853e-2	1.04676697455701911064688964111e-16
1.000e-04	-1.86637796568332143275611850652e-2	1.71497476315058920175971164915e-16
1.010e-04	-1.86520608862708838819149136990e-2	2.78071340977819688599918831366e-16
1.020e-04	-1.86403752942461327457765653714e-2	4.46353656039175340331725019776e-16
1.030e-04	-1.86287229282040927560803981268e-2	7.09503761422488741600446131266e-16
1.040e-04	-1.86171038369616544633487994066e-2	1.11713705017101027991332956627e-15
1.050e-04	-1.86055180707280168099823686360e-2	1.74282200204961235455889608908e-15
1.060e-04	-1.85939656811259781837484164279e-2	2.69468875136451073866998002616e-15
1.070e-04	-1.85824467212140009325135562355e-2	4.13031390347827010916414432683e-15
1.080e-04	-1.85709612455090835441351849764e-2	6.27743414577297071122569789885e-15
1.090e-04	-1.85595093100104769945254898146e-2	9.46254162423559769732189608366e-15
1.100e-04	-1.85480909722242842636581590485e-2	1.41500546733916031373777757881e-14
1.110e-04	-1.85367062911889847309197966160e-2	2.09955712654837169394482210947e-14
1.120e-04	-1.85253553275019281055420083196e-2	3.09177385846323703612362670756e-14
1.130e-04	-1.85140381433468457430821435433e-2	4.51945562716293635485323731733e-14
1.140e-04	-1.85027548025224306633086600192e-2	6.55915267442244640974322859608e-14
1.150e-04	-1.84915053704720413363309542349e-2	9.45310353071581289699689743448e-14
1.160e-04	-1.84802899143145883595567873664e-2	1.35314756539937619582008867005e-13
1.170e-04	-1.84691085028766675239092517063e-2	1.92413822252675091960148639153e-13
1.180e-04	-1.84579612067260074775919259816e-2	2.71845041278643918897231659223e-13
1.190e-04	-1.84468480982063052508013859248e-2	3.81655734170314800031561143735e-13
1.200e-04	-1.84357692514735283129421083399e-2	5.32544849712827172697031374395e-13
1.210e-04	-1.84247247425337675985573075146e-2	7.38654089380302657973148080670e-13
1.220e-04	-1.84137146492827320575174286495e-2	1.01856991631757427979412321133e-12
1.230e-04	-1.84027390515469817508592133036e-2	1.39658571411294377474130967771e-12
1.240e-04	-1.83917980311270033105022262302e-2	1.90428314519639895394649039801e-12
1.250e-04	-1.83808916718422386848307153539e-2	2.58250310668950512448250495383e-12
1.260e-04	-1.83700200595781854690979725318e-2	3.48378976925646716800448446673e-12
1.270e-04	-1.83591832823356947252531142025e-2	4.67540619558996074669430636480e-12
1.280e-04	-1.83483814302825999736182635248e-2	6.24303715874724289079283620124e-12
1.290e-04	-1.83376145958078189193191923949e-2	8.29531420908697045899069387412e-12
1.300e-04	-1.83268828735780773758754760800e-2	1.09693199652450009029547199588e-11
1.310e-04	-1.83161863605974126682502808956e-2	1.44372532204145825720677477976e-11
1.320e-04	-1.83055251562696214234758857950e-2	1.89144639455991218581940218636e-11
1.330e-04	-1.82948993624638239577428332702e-2	2.46690978126704539663762858679e-11
1.340e-04	-1.82843090835833242966219626008e-2	3.20336236148875350808264118576e-11
1.350e-04	-1.82737544266379510546753243781e-2	4.14185540762630412780618312368e-11
1.360e-04	-1.82632355013200697695999669638e-2	5.33287111367980523931350725531e-11
1.370e-04	-1.82527524200844616346489519545e-2	6.83824309740179311244033198178e-11
1.380e-04	-1.82423052982322666852148314218e-2	8.73341518361913026037911721705e-11
1.390e-04	-1.82318942539991911391553463299e-2	1.11100879245606639234715418967e-10
1.400e-04	-1.82215194086481785192173560093e-2	1.40793078265413545157561396768e-10
1.410e-04	-1.82111808865667421392375656854e-2	1.77750601247360272349415079316e-10
1.420e-04	-1.82008788153691522438560109581e-2	2.23584321674257863941252844334e-10
1.430e-04	-1.81906133260036642712866276628e-2	2.80224210206750230421635957636e-10
1.440e-04	-1.81803845528649650749404408051e-2	3.49974657603566500484217954924e-10
1.450e-04	-1.81701926339120011990982696330e-2	4.35577920506276536581634515646e-10
1.460e-04	-1.81600377107913371643134038905e-2	5.40286639792070417779614776031e-10
1.470e-04	-1.81499199289661718890286219040e-2	6.67946456856368762787648110234e-10
1.480e-04	-1.81398394378511175708031145997e-2	8.23089830270292688982002199892e-10
1.490e-04	-1.81297963909528172984298437626e-2	1.01104223316729670265217293906e-9
1.500e-04	-1.81197909460164451056410489419e-2	1.23804198977034403407032976244e-9
1.510e-04	-1.81098232651780948639643344207e-2	1.51137508691770547992084218567e-9
1.520e-04	-1.80998935151230221291991594343e-2	1.83952637244395914254521457025e-9
1.530e-04	-1.80900018672496556097426104138e-2	2.23234862590672177379362383330e-9
1.540e-04	-1.80801484978392421545278147508e-2	2.70125105742626913852572305635e-9
1.550e-04	-1.80703335882309309434773223555e-2	3.25940885625828182170806684637e-9
1.560e-04	-1.80605573250020388159205735852e-2	3.92199547101380689827139790425e-9
1.570e-04	-1.80508199001531693666732528850e-2	4.70643935697499490727210762249e-9
1.580e-04	-1.80411215112977835731290371266e-2	5.63270697147159459695895103317e-9
1.590e-04	-1.80314623618557393794785591370e-2	6.72361383447140076789391416847e-9
1.600e-04	-1.80218426612502319593309861178e-2	8.00516549704420958620288234281e-9
1.610e-04	-1.80122626251074755312390676560e-2	9.50693027379526702254492861673e-9
1.620e-04	-1.80027224754583718051566737288e-2	1.12624455953182793689718910191e-8
1.630e-04	-1.79932224409413098347025494739e-2	1.33096598217641299872923304124e-8
1.640e-04	-1.79837627570051374483070971070e-2	1.56914113273327712727557617115e-8
1.650e-04	-1.79743436661112363080417632674e-2	1.84559466164576668312436968570e-8
1.660e-04	-1.79649654179335211017845515085e-2	2.16574791642763072297768980314e-8
1.670e-04	-1.79556282695550696188202896732e-2	2.53567905853198899674088660272e-8
1.680e-04	-1.79463324856599745593670560470e-2	2.96218756239213108626257375773e-8
1.690e-04	-1.79370783387188914906269533465e-2	3.45286323264193154295841968208e-8
1.700e-04	-1.79278661091666398562212282785e-2	4.01615985977078301593522421761e-8
1.710e-04	-1.79186960855700988255509381849e-2	4.66147361620355200671689070002e-8
1.720e-04	-1.79095685647845243513327685053e-2	5.39922627393276576410778118485e-8
1.730e-04	-1.79004838520963034657475254736e-2	6.24095330129604041090767987422e-8
1.740e-04	-1.78914422613500544367687515518e-2	7.19939687023239611587058857801e-8
1.750e-04	-1.78824441150578789555841571202e-2	8.28860377633226233047727107492e-8
1.760e-04	-1.78734897444884786065199292042e-2	9.52402824220563441554336215593e-8
1.770e-04	-1.78645794897337594354116023709e-2	1.09226395401438787078654734553e-7
1.780e-04	-1.78557136997504722808997998894e-2	1.25030343327830140024045943706e-7
1.790e-04	-1.78468927323743685663979946993e-2	1.42855535905597689783871752688e-7
1.800e-04	-1.78381169543043000048204107839e-2	1.62924039022879907853780098637e-7
1.810e-04	-1.78293867410536439091804491651e-2	1.85477829503089888805318392101e-7
1.820e-04	-1.78207024768664192199661020311e-2	2.10780088745575183536636910983e-7
1.830e-04	-1.78120645545954493734731550469e-2	2.39116532007483270280441148401e-7
1.840e-04	-1.78034733755399249273791147230e-2	2.70796769569805105502607774125e-7
1.850e-04	-1.77949293492397828040101871684e-2	3.06155695506702107520348668227e-7
1.860e-04	-1.77864328932243219872200063011e-2	3.45554899242044445760748353503e-7
1.870e-04	-1.77779844327126076507990121339e-2	3.89384094534322154403007508049e-7
1.880e-04	-1.77695844002632594424738611868e-2	4.38062559985187923933048343504e-7
1.890e-04	-1.77612332353713861927203137380e-2	4.92040584622444352922173956990e-7
1.900e-04	-1.77529313840105495521328662934e-2	5.51800911570627628253362362015e-7
1.910e-04	-1.77446792981178662189491254113e-2	6.17860172296921667524740508567e-7
1.920e-04	-1.77364774350204123221199370265e-2	6.90770303413377616122622561146e-7
1.930e-04	-1.77283262568016316741755099414e-2	7.71119937533698382084285774474e-7
1.940e-04	-1.77202262296062934873612050062e-2	8.59535759232707587148429113098e-7
1.950e-04	-1.77121778228832043865679710293e-2	9.56683816743669737070519291397e-7
1.960e-04	-1.77041815085649770458366123825e-2	1.06327077966219953308610535390e-6
1.970e-04	-1.76962377601845688153419178451e-2	1.18004513261151003909402071337e-6
1.980e-04	-1.76883470519286567950321585921e-2	1.30779829457010578345672735107e-6
1.990e-04	-1.76805098576283380305028649451e-2	1.44736565337670431260658903253e-6
2.000e-04	-1.76727266496878547238773470407e-2	1.59962750481624836308827419142e-6
2.010e-04	-1.76649978979529816916596340691e-2	1.76550988565869651110685787726e-6
2.020e-04	-1.76573240685203571025621050530e-2	1.94598529008253159635076619486e-6
2.030e-04	-1.76497056224902977498062747601e-2	2.14207325906276380161985806486e-6
2.040e-04	-1.76421430146655035555100203735e-2	2.35484083255487453490613651809e-6
2.050e-04	-1.76346366921993375519547268215e-2	2.58540285465374210309854457543e-6
2.060e-04	-1.76271870931959837171768688028e-2	2.83492212237533156802364303093e-6
2.070e-04	-1.76197946452682164112736548542e-2	3.10460936925773017615635523379e-6
2.080e-04	-1.76124597640562798153157094885e-2	3.39572307566782289273165968886e-6
2.090e-04	-1.76051828517124467738675042897e-2	3.70956909848231307439886409446e-6
2.100e-04	-1.75979642953584728080535468470e-2	4.04750011368178295342594911892e-6
2.110e-04	-1.75908044655193174241667286668e-2	4.41091486642391087380993322788e-6
2.120e-04	-1.75837037145412343953676818299e-2	4.80125722421621417030574969720e-6
2.130e-04	-1.75766623749994726245949514142e-2	5.22001503001773222044738859186e-6
2.140e-04	-1.75696807581051455772930086551e-2	5.66871875331634500506102454201e-6
2.150e-04	-1.75627591521115178418952844516e-2	6.14893993868418511567242190743e-6
2.160e-04	-1.75558978207386471246309822874e-2	6.66228945247262484993693182538e-6
2.170e-04	-1.75490970016093230346655069879e-2	7.21041553010004553563672667926e-6
2.180e-04	-1.75423569047183313706877786733e-2	7.79500162746194295940251142023e-6
2.190e-04	-1.75356777109295812601575050152e-2	8.41776408189550488165695467077e-6
2.200e-04	-1.75290595705216926227812878946e-2	9.08044958920766431942350521256e-6
2.210e-04	-1.75225026017749265557871510796e-2	9.78483250524708036242927307702e-6
2.220e-04	-1.75160068896238804671766673044e-2	1.05327119813460838072990740011e-5
2.230e-04	-1.75095724843633401957498772113e-2	1.13259089451125155432697754164e-5
2.240e-04	-1.75031994004394549050482351202e-2	1.21662629383809012120538337263e-5
2.250e-04	-1.74968876152953631167775861248e-2	1.30556288269041595517633252952e-5
2.260e-04	-1.74906370683317583865329402729e-2	1.39958733951398036311974742424e-5
2.270e-04	-1.74844476599224773610927789318e-2	1.49888718437535069068228553696e-5
2.280e-04	-1.74783192505468416818586340362e-2	1.60365042050029110367862028302e-5
2.290e-04	-1.74722516600287286153286805553e-2	1.71406516937298716233390411134e-5
2.300e-04	-1.74662446668434339654855268457e-2	1.83031930136686264230669263175e-5
2.310e-04	-1.74602980075741724282316306109e-2	1.95260006349995783648115279925e-5
2.320e-04	-1.74544113764383133156302074358e-2	2.08109370638786104094869337196e-5
2.330e-04	-1.74485844249599932969139601597e-2	2.21598511228252181219196704931e-5
2.340e-04	-1.74428167617453479652254574287e-2	2.35745742587541456357013112847e-5
2.350e-04	-1.74371079523542180414628223018e-2	2.50569169006529417206634897003e-5
2.360e-04	-1.74314575192952462638239500027e-2	2.66086648828682685596459065865e-5
2.370e-04	-1.74258649421696703609621457562e-2	2.82315759501459424662108300052e-5
2.380e-04	-1.74203296578703084269294001290e-2	2.99273763664736753177314921229e-5
2.390e-04	-1.74148510609274917083900887703e-2	3.16977576388633701663347147847e-5
2.400e-04	-1.74094285039376246631868213343e-2	3.35443733747372470758057772928e-5
2.410e-04	-1.74040612981806058285570950057e-2	3.54688362795100372778910722106e-5
2.420e-04	-1.73987487141540158102448544836e-2	3.74727153258561151140668104565e-5
2.430e-04	-1.73934899824687712604639408263e-2	3.95575330745097961834648337964e-5
2.440e-04	-1.73882842945292960132712220814e-2	4.17247631985217786289490363730e-5
2.450e-04	-1.73831308036449850273116622012e-2	4.39758281700088940617862669300e-5
2.460e-04	-1.73780286258742317030769313606e-2	4.63120971717562580484014044954e-5
2.470e-04	-1.73729768412111931540912092374e-2	4.87348841894906386665043746076e-5
2.480e-04	-1.73679744947618209611865916140e-2	5.12454463168472989582473001480e-5
2.490e-04	-1.73630205978580243306250438300e-2	5.38449822830069180742476859036e-5
2.500e-04	-1.73581141294439770149061426360e-2	5.65346311708417594417574759487e-5
2.510e-04	-1.73532540374312059788139607448e-2	5.93154713531710908586090432360e-5
2.520e-04	-1.73484392399303505076308339546e-2	6.21885196586803031895020785344e-5
2.530e-04	-1.73436686268725663729268733100e-2	6.51547307058854912502508065451e-5
2.540e-04	-1.73389410613079075785725589865e-2	6.82149964812173712661454541963e-5
2.550e-04	-1.73342553808545415917360142233e-2	7.13701461038560746750054415632e-5
2.560e-04	-1.73296103993274870045405012196e-2	7.46209457624719666708452666149e-5
2.570e-04	-1.73250049083734050574033163240e-2	7.79680988356536306629391552263e-5
2.580e-04	-1.73204376784765156943640120960e-2	8.14122462830895307412234506641e-5
2.590e-04	-1.73159074610718668719151093747e-2	8.49539670518434145419734310108e-5
2.600e-04	-1.73114129897237076451544232331e-2	8.85937787757593969900173145917e-5
2.610e-04	-1.73069529817197626421552285781e-2	9.23321385677526965886759805353e-5
2.620e-04	-1.73025261394312701360142413235e-2	9.61694439903264114927789813453e-5
2.630e-04	-1.72981311523353386084743657506e-2	1.00106034042449643735809588505e-4
2.640e-04	-1.72937666975173567683510115290e-2	1.04142190525767804522889691970e-4
2.650e-04	-1.72894314422605431017022719690e-2	1.08278139155085955945204780871e-4
2.660e-04	-1.72851240443909488653757489125e-2	1.12514051163493686670357838829e-4
2.670e-04	-1.72808431540583084175957524663e-2	1.16850044740022621936155428356e-4
2.680e-04	-1.72765874157268666731162885888e-2	1.21286186482807008466300305704e-4
2.690e-04	-1.72723554683001468625833224347e-2	1.25822493290165641248662610661e-4
2.700e-04	-1.72681459474101796563878038799e-2	1.30458933870356033494473400905e-4
2.710e-04	-1.72639574854509516985455982772e-2	1.35195430765706302499054425299e-4
2.720e-04	-1.72597887145245542076327329836e-2	1.40031861775298253927156721235e-4
2.730e-04	-1.72556382657740421087587489721e-2	1.44968062196783289612067435928e-4
2.740e-04	-1.72515047715109621838313709878e-2	1.50003826463880282099481098037e-4
2.750e-04	-1.72473868663669419254355677498e-2	1.55138909994704534517409494448e-4
2.760e-04	-1.72432831872583857106636232622e-2	1.60373031338770487537530452697e-4
2.770e-04	-1.72391923757390962687876864785e-2	1.65705873720743590016227674205e-4
2.780e-04	-1.72351130774071631577260923537e-2	1.71137087310644428931968306104e-4
2.790e-04	-1.72310439438949747702679143448e-2	1.76666290810269568822715365519e-4
2.800e-04	-1.72269836338211082424275611760e-2	1.82293073259852264661147117337e-4
2.810e-04	-1.72229308126512217677825450683e-2	1.88016996120454307810354036611e-4
2.820e-04	-1.72188841532637493600384742215e-2	1.93837595141376118316685022969e-4
2.830e-04	-1.72148423382589167042792975107e-2	1.99754381657906569213619225149e-4
2.840e-04	-1.72108040583828428028842831958e-2	2.05766844982714598424967984762e-4
2.850e-04	-1.72067680154651568310508218965e-2	2.11874453398883014683448737064e-4
2.860e-04	-1.72027329211930121882644668866e-2	2.18076656353624376090762948513e-4
2.870e-04	-1.71986974974190057598275855010e-2	2.24372886156955204911147280500e-4
2.880e-04	-1.71946604788373061265144592629e-2	2.30762558828191990908629471305e-4
2.890e-04	-1.71906206112875033386663357920e-2	2.37245076297510734598530810612e-4
2.900e-04	-1.71865766528274320776388759116e-2	2.43819827657143001021781578943e-4
2.910e-04	-1.71825273731261386143997199890e-2	2.50486190921850662592959938672e-4
2.920e-04	-1.71784715575789224521735222456e-2	2.57243533041721175242807707419e-4
2.930e-04	-1.71744080009087926201811008752e-2	2.64091213599815739485508042970e-4
2.940e-04	-1.71703355142142227745285047653e-2	2.71028583631548399393323622612e-4
2.950e-04	-1.71662529212930399534949787782e-2	2.78054988230261115014662849251e-4
2.960e-04	-1.71621590585410599872924658866e-2	2.85169767845689520002412525812e-4
2.970e-04	-1.71580527800903843340698881269e-2	2.92372257445593459050429657336e-4
2.980e-04	-1.71539329505934685053767851830e-2	2.99661790412450520559933085186e-4
2.990e-04	-1.71497984501807972965123130542e-2	3.07037697666614289740173918214e-4
3.000e-04	-1.71456481718131855861713351087e-2	3.14499309711934081802398473563e-4
3.010e-04	-1.71414810274539693389255262254e-2	3.22045954989017472366180296086e-4
3.020e-04	-1.71372959390791168229279080566e-2	3.29676964459505486486614786539e-4
3.030e-04	-1.71330918446563903887177080779e-2	3.37391669944260418854602343269e-4
3.040e-04	-1.71288676948056224674977046144e-2	3.45189406306948660414429567575e-4
3.050e-04	-1.71246224621882856248774653383e-2	3.53069507985815422374365916457e-4
3.060e-04	-1.71203551226862646380843237442e-2	3.61031317986304545791543944877e-4
3.070e-04	-1.71160646741570856717182604626e-2	3.69074180156881031398234538977e-4
3.080e-04	-1.71117501269804520643996265656e-2	3.77197443928477187755231244020e-4
3.090e-04	-1.71074105082428054829448749391e-2	3.85400462883091294685856979541e-4
3.100e-04	-1.71030448547535797540450832695e-2	3.93682598495618826744578701361e-4
3.110e-04	-1.70986522196455628362318955842e-2	4.02043217464774796646075629687e-4
3.120e-04	-1.70942316701051591909908978219e-2	4.10481693133924128825952113538e-4
3.130e-04	-1.70897822900960075332534159030e-2	4.18997404456134367395453501006e-4
3.140e-04	-1.70853031719741925660005952742e-2	4.27589740441315310846289253040e-4
3.150e-04	-1.70807934243778569089722475582e-2	4.36258096532167940178140682513e-4
3.160e-04	-1.70762521694895491506489907823e-2	4.45001876161444243188732135841e-4
3.170e-04	-1.70716785462591205024820451084e-2	4.53820489246624481194233908734e-4
3.180e-04	-1.70670717004303163906591014768e-2	4.62713357530660373744655155317e-4
3.190e-04	-1.70624307939279433885517793710e-2	4.71679909863775308656662555448e-4
3.200e-04	-1.70577550054159168671627602819e-2	4.80719581903978754271778886591e-4
3.210e-04	-1.70530435189957725920831046850e-2	4.89831822263772339541418627649e-4
3.220e-04	-1.70482955390043398504896231367e-2	4.99016084575123169006221106208e-4
3.230e-04	-1.70435102742424581460967310404e-2	5.08271836106002001640377363207e-4
3.240e-04	-1.70386869495544009979183476392e-2	5.17598551443165085591800207083e-4
3.250e-04	-1.70338248064929938438654961733e-2	5.26995711979330012167059862133e-4
3.260e-04	-1.70289230895151190741735653983e-2	5.36462813688024528784378714000e-4
3.270e-04	-1.70239810641030150146471149470e-2	5.45999356774231073972939159706e-4
3.280e-04	-1.70189979975390060128042372771e-2	5.55604856617427206541150623904e-4
3.290e-04	-1.70139731785106897025988017551e-2	5.65278832329654965698276929627e-4
3.300e-04	-1.70089058963515123353900622654e-2	5.75020818774202516231769200021e-4
3.310e-04	-1.70037954622237879625906084470e-2	5.84830353951707815198172579396e-4
3.320e-04	-1.69986411928202869221990602897e-2	5.94706988482070923644798374222e-4
3.330e-04	-1.69934424090967522038902722772e-2	6.04650286368322637207180705263e-4
3.340e-04	-1.69881984480123985175766012063e-2	6.14659817738078443963098055893e-4
3.350e-04	-1.69829086634842603677108712601e-2	6.24735157931133174365928238946e-4
3.360e-04	-1.69775724133566245296949191785e-2	6.34875895335009399464844158299e-4
3.370e-04	-1.69721890580037371344327169553e-2	6.45081632233860327015066583809e-4
3.380e-04	-1.69667579815174095215696526621e-2	6.55351971269967919549499320744e-4
3.390e-04	-1.69612785628210438314175628226e-2	6.65686533466646421046231000962e-4
3.400e-04	-1.69557502133401287169073331415e-2	6.76084933971379078242253977104e-4
3.410e-04	-1.69501723138462854243037665518e-2	6.86546822492786727741115884601e-4
3.420e-04	-1.69445443027043611453166382778e-2	6.97071826027217787392316042015e-4
3.430e-04	-1.69388655855734372651413565571e-2	7.07659607251717538996773329815e-4
3.440e-04	-1.69331356021592298562093258791e-2	7.18309820775808320212162727344e-4
3.450e-04	-1.69273537825343092558560932124e-2	7.29022141627548614339896017646e-4
3.460e-04	-1.69215195935363069264897582020e-2	7.39796234091844307450473065073e-4
3.470e-04	-1.69156324715364104015184505550e-2	7.50631796538227174957487493673e-4
3.480e-04	-1.69096918793464102296770137572e-2	7.61528523101747936516670680232e-4
3.490e-04	-1.69036973094165919983806758856e-2	7.72486100831924065439999510973e-4
3.500e-04	-1.68976482191981198607557668887e-2	7.83504253755512088469141270636e-4
3.510e-04	-1.68915441057812119079787522197e-2	7.94582691528711207594917108917e-4
3.520e-04	-1.68853844628575124840128105388e-2	8.05721138683924945240063308609e-4
3.530e-04	-1.68791687786972087577509926390e-2	8.16919336036926996974567415703e-4
3.540e-04	-1.68728965855968104481246278891e-2	8.28177005635396770506021767960e-4
3.550e-04	-1.68665673726040056490814626437e-2	8.39493912004735893676525741861e-4
3.560e-04	-1.68601806732891667326617076756e-2	8.50869799973170219979814326700e-4
3.570e-04	-1.68537360152027889260019924754e-2	8.62304430119029559724786505685e-4
3.580e-04	-1.68472329176113440228947630915e-2	8.73797580419148212949420572193e-4
3.590e-04	-1.68406709493872165375847857811e-2	8.85349004120088104429766358053e-4
3.600e-04	-1.68340496269511194448968944095e-2	8.96958503409914690583049809856e-4
3.610e-04	-1.68273685169574116424672019892e-2	9.08625854716946879765959825046e-4
3.620e-04	-1.68206271937466365758316521859e-2	9.20350839124250430849330632938e-4
3.630e-04	-1.68138251882636808397228492040e-2	9.32133280066713912151581377661e-4
3.640e-04	-1.68069620680050361725899467304e-2	9.43972984296464322714974378024e-4
3.650e-04	-1.68000374419337734708451793649e-2	9.55869737421856694629004609429e-4
3.660e-04	-1.67930508727187999416725653914e-2	9.67823369183508068934901572634e-4
3.670e-04	-1.67860019260449356374307926898e-2	9.79833716807289076449209298298e-4
3.680e-04	-1.67788902295668957255119460637e-2	9.91900580013875556878207123071e-4
3.690e-04	-1.67717153391705922054403596856e-2	1.00402382194160236173686974714e-3
3.700e-04	-1.67644768945172912200824799443e-2	1.01620325097405167218316250160e-3
3.710e-04	-1.67571744586687572550557988928e-2	1.02843874268717511228872054060e-3
3.720e-04	-1.67498076829556848729299297677e-2	1.04073011354108529379087450022e-3
3.730e-04	-1.67423761370644885184304544965e-2	1.05307725118445292104028207853e-3
3.740e-04	-1.67348794602372612458808706055e-2	1.06547999783215290599151338995e-3
3.750e-04	-1.67273172744634066665357242276e-2	1.07793821694181641198565704551e-3
3.760e-04	-1.67196892307023516011505817798e-2	1.09045175708248593336726392337e-3
3.770e-04	-1.67119949102872937052386764239e-2	1.10302052902870324939442829967e-3
3.780e-04	-1.67042339715378408277834916883e-2	1.11564439076807840834879198118e-3
3.790e-04	-1.66964060794951569834630993275e-2	1.12832320200808454037193833721e-3
3.800e-04	-1.66885108228738660818326676587e-2	1.14105689005202901098838164890e-3
3.810e-04	-1.66805478734643034740814546311e-2	1.15384532344684953957917490288e-3
3.820e-04	-1.66725169097084069150186618743e-2	1.16668837196165510253021971326e-3
3.830e-04	-1.66644175265828761685219297012e-2	1.17958597880658695953508153064e-3
3.840e-04	-1.66562494086999919230197171079e-2	1.19253802204999502201165148195e-3
3.850e-04	-1.66480122472831672140322847188e-2	1.20554438049161344406533571888e-3
3.860e-04	-1.66397056750805585104719469248e-2	1.21860498626322634063230533639e-3
3.870e-04	-1.66313293246264233155494962986e-2	1.23171977803874026207613147708e-3
3.880e-04	-1.66228829310999423470569176210e-2	1.24488861700489474539013249774e-3
3.890e-04	-1.66143661340709176390976005512e-2	1.25811144773192347525217287893e-3
3.900e-04	-1.66057786086701606203310048735e-2	1.27138819157470712090315968375e-3
3.910e-04	-1.65971200329206698427926912390e-2	1.28471877302695773302754515034e-3
3.920e-04	-1.65883900876663243035401921032e-2	1.29810311964241517207900591578e-3
3.930e-04	-1.65795884565021176630421966317e-2	1.31154116195810260085916640758e-3
3.940e-04	-1.65707148659271195157540245613e-2	1.32503280008011480655522969954e-3
3.950e-04	-1.65617689254442647134245995431e-2	1.33857803601304969262990550528e-3
3.960e-04	-1.65527504080380998798878514792e-2	1.35217674112536752782329767023e-3
3.970e-04	-1.65436589674900691672063500633e-2	1.36582889043321232058302170515e-3
3.980e-04	-1.65344943002288838170564603622e-2	1.37953442824177341525576763361e-3
3.990e-04	-1.65252561050480738903866199313e-2	1.39329330142024283377600505614e-3
4.000e-04	-1.65159440830460542214186584588e-2	1.40710545933925745781644684861e-3
4.010e-04	-1.65065579856504331539008562534e-2	1.42097081330711573950550656700e-3
4.020e-04	-1.64970974234526298139453993736e-2	1.43488939740618917512174174478e-3
4.030e-04	-1.64875622015612605329496262579e-2	1.44886108598238653671537468167e-3
4.040e-04	-1.64779519817184015307923594188e-2	1.46288587825330911636713993032e-3
4.050e-04	-1.64682664757746791466028300803e-2	1.47696373514983383027724303903e-3
4.060e-04	-1.64585054520254658221657321301e-2	1.49109457342500845447969407548e-3
4.070e-04	-1.64486685186332876034196214223e-2	1.50527844973273925258797368764e-3
4.080e-04	-1.64387555035771158920650648144e-2	1.51951523736876083318465816884e-3
4.090e-04	-1.64287660719098411188071176228e-2	1.53380495190142970589035055235e-3
4.100e-04	-1.64186999449302749661343500991e-2	1.54814756453525503920179483512e-3
4.110e-04	-1.64085568456632390732709603788e-2	1.56254304841314453055889460578e-3
4.120e-04	-1.63983365619079471244518217658e-2	1.57699132433831670127847832487e-3
4.130e-04	-1.63880387599998209952282158191e-2	1.59149242061865929797618521160e-3
4.140e-04	-1.63776631679627626120336777097e-2	1.60604631589178399950340528696e-3
4.150e-04	-1.63672095153664064134637426209e-2	1.62065299058485007109400381332e-3
4.160e-04	-1.63566776027646163213249034735e-2	1.63531236679342012119337328876e-3
4.170e-04	-1.63460670965713884580870369241e-2	1.65002448543573274618733062507e-3
4.180e-04	-1.63353777308419467522619929046e-2	1.66478933202400229051828373648e-3
4.190e-04	-1.63246092410095750308062062124e-2	1.67960689373997820650194931038e-3
4.200e-04	-1.63137614402727138496496061583e-2	1.69447709296004941915997691471e-3
4.210e-04	-1.63028339939296236110043186289e-2	1.70939998323226363691411779822e-3
4.220e-04	-1.62918266414211800756051491172e-2	1.72437555649869009371294895707e-3
4.230e-04	-1.62807392054400091815117660117e-2	1.73940373470130740510224553313e-3
4.240e-04	-1.62695712657166414209365956962e-2	1.75448465429322000837518453255e-3
4.250e-04	-1.62583228172946814206906276474e-2	1.76961809171092345502790149419e-3
4.260e-04	-1.62469933524646510976541600791e-2	1.78480426506658684586521359335e-3
4.270e-04	-1.62355827905638213184162023049e-2	1.80004302162837366315775159123e-3
4.280e-04	-1.62240907920882032954467874337e-2	1.81533443750783404068057912406e-3
4.290e-04	-1.62125171045014984368712320780e-2	1.83067851513016033684890602874e-3
4.300e-04	-1.62008614762342898226191408740e-2	1.84607525840223778365576982163e-3
4.310e-04	-1.61891237554421009576250315465e-2	1.86152458581385865930904318415e-3
4.320e-04	-1.61773036992728939885877840774e-2	1.87702649793471080843045366013e-3
4.330e-04	-1.61654008591560133691859945306e-2	1.89258117879161206645104279328e-3
4.340e-04	-1.61534151918033058535981838116e-2	1.90818845784610531069706039783e-3
4.350e-04	-1.61413464574303440478619843648e-2	1.92384833954555620431089701036e-3
4.360e-04	-1.61291941957959322542490443174e-2	1.93956102512151403740294463543e-3
4.370e-04	-1.61169583805626790322732060711e-2	1.95532633507921117468179531204e-3
4.380e-04	-1.61046386588477898574218474340e-2	1.97114438019124225313371117610e-3
4.390e-04	-1.60922349052553826889599497107e-2	1.98701507230280194976219925707e-3
4.400e-04	-1.60797467633256942998010228701e-2	2.00293852958307145556998090359e-3
4.410e-04	-1.60671739905065819262436165881e-2	2.01891477158213344330856270316e-3
4.420e-04	-1.60545164716516209677850996319e-2	2.03494370695933834088884560880e-3
4.430e-04	-1.60417738442252109451103148444e-2	2.05102546545991644708120370088e-3
4.440e-04	-1.60289460001031720794958994323e-2	2.06715995336830909687897031336e-3
4.450e-04	-1.60160325723260195391229910796e-2	2.08334730839730128239795169021e-3
4.460e-04	-1.60030333212127287351449672484e-2	2.09958755742317280325698308365e-3
4.470e-04	-1.59899481493077397759015746444e-2	2.11588060295383007000685237151e-3
4.480e-04	-1.59767766822562438701145713243e-2	2.13222659523133413012817200876e-3
4.490e-04	-1.59635186816883480480182113627e-2	2.14862556574920487235463747167e-3
4.500e-04	-1.59501740611086466730508714389e-2	2.16507741290513522472295100329e-3
4.510e-04	-1.59367424379259629260721816168e-2	2.18158230013411933986662568507e-3
4.520e-04	-1.59232237331970157631651772029e-2	2.19814012285572218535544828880e-3
4.530e-04	-1.59096175584247385630444395906e-2	2.21475105364072503951686269636e-3
4.540e-04	-1.58959238423751372679207683965e-2	2.23141498478738984544716847382e-3
4.550e-04	-1.58821421902496099497550860239e-2	2.24813209834103864994517253506e-3
4.560e-04	-1.58682723657597267678238862875e-2	2.26490243726289730777332823145e-3
4.570e-04	-1.58543143094381003914967242127e-2	2.28172588900277698416070543336e-3
4.580e-04	-1.58402676161433440142732952837e-2	2.29860265059996414992367223025e-3
4.590e-04	-1.58261320499215904876634372441e-2	2.31553277042885748803117653327e-3
4.600e-04	-1.58119075634666727792335878329e-2	2.33251613079059996889694476333e-3
4.610e-04	-1.57975939331322818798524587256e-2	2.34955277290137818607551335071e-3
4.620e-04	-1.57831907386075847923861157619e-2	2.36664291505371271674562716814e-3
4.630e-04	-1.57686977440639375187305548278e-2	2.38378661320903155539193305773e-3
4.640e-04	-1.57541149192484175118248278282e-2	2.40098374220182933890839149800e-3
4.650e-04	-1.57394418311312032009592316315e-2	2.41823453750687123994944817751e-3
4.660e-04	-1.57246784583027850124992561618e-2	2.43553887002410760724766891964e-3
4.670e-04	-1.57098243587273171481838209852e-2	2.45289698719280636015577547085e-3
4.680e-04	-1.56948795200624251289940144068e-2	2.47030875584501163092589172825e-3
4.690e-04	-1.56798434907572961731721652672e-2	2.48777443587441934757950845085e-3
4.700e-04	-1.56647162677703111909139824577e-2	2.50529388991149075602593784610e-3
4.710e-04	-1.56494973895065095924294169185e-2	2.52286739081760926270291985616e-3
4.720e-04	-1.56341866181294675582555256792e-2	2.54049501429344720308653698494e-3
4.730e-04	-1.56187839648536696994539519148e-2	2.55817661654458724371172522193e-3
4.740e-04	-1.56032892068101297071686545574e-2	2.57591226423613385389758404452e-3
4.750e-04	-1.55877018606347921194142108022e-2	2.59370225780646612691010417363e-3
4.760e-04	-1.55720216866047154340000337429e-2	2.61154668302656819540223075902e-3
4.770e-04	-1.55562487160511685533645378906e-2	2.62944538689163046069602422074e-3
4.780e-04	-1.55403827251913553074392033598e-2	2.64739844549730721234598741763e-3
4.790e-04	-1.55244232065012375280168389031e-2	2.66540618920864715573713003206e-3
4.800e-04	-1.55083699176465252563321850117e-2	2.68346871483126645713123492696e-3
4.810e-04	-1.54922229111955591113433886381e-2	2.70158585958715892556473124829e-3
4.820e-04	-1.54759819618068436694350412620e-2	2.71975770992737499125067402676e-3
4.830e-04	-1.54596465351980646513579770243e-2	2.73798462870459526361165459609e-3
4.840e-04	-1.54432163856309762436135162708e-2	2.75626672482321612718071466514e-3
4.850e-04	-1.54266915881195108604241921412e-2	2.77460382514458211669857607072e-3
4.860e-04	-1.54100719150561155904578926627e-2	2.79299602749330223149512531013e-3
4.870e-04	-1.53933568025714368704295497149e-2	2.81144372999577048910495706118e-3
4.880e-04	-1.53765460006525917136482428406e-2	2.82994705482291431422511932764e-3
4.890e-04	-1.53596396080600175482913806947e-2	2.84850581785561053848469976373e-3
4.900e-04	-1.53426373941406196651057242995e-2	2.86712012940691228749577470205e-3
4.910e-04	-1.53255387623534868872520070672e-2	2.88579042590420697765414286990e-3
4.920e-04	-1.53083438304105321758176980493e-2	2.90451651437337181327859967619e-3
4.930e-04	-1.52910519841957445538612579681e-2	2.92329885160377037774767584066e-3
4.940e-04	-1.52736633543684045816860341613e-2	2.94213723862187880294047142386e-3
4.950e-04	-1.52561773083580403086265929656e-2	2.96103215343453995968327208385e-3
4.960e-04	-1.52385939901532638644454988922e-2	2.97998339088836715246048517956e-3
4.970e-04	-1.52209127478095251496421404063e-2	2.99899145109905226035719732052e-3
4.980e-04	-1.52031337390402796588689725559e-2	3.01805612254586493049443554255e-3
4.990e-04	-1.51852567233120784653464756767e-2	3.03717754803126581472302363326e-3
5.000e-04	-1.51672810180797328615379875077e-2	3.05635626235978132376786219508e-3
5.010e-04	-1.51492063525570274130195772782e-2	3.07559243999662789512760629173e-3
5.020e-04	-1.51310333727597403550463913005e-2	3.09488545184375534199169543174e-3
5.030e-04	-1.51127604531327163995536556533e-2	3.11423667028295935595658791174e-3
5.040e-04	-1.50943887243649490508451349394e-2	3.13364504638623099585976258914e-3
5.050e-04	-1.50759164987245904108676576291e-2	3.15311201171592367474014971003e-3
5.060e-04	-1.50573449618618871063626999793e-2	3.17263647635124615327270674913e-3
5.070e-04	-1.50386728711203729610448013756e-2	3.19221948611956291061866735131e-3
5.080e-04	-1.50198999391684930555948705856e-2	3.21186125052225626134298293670e-3
5.090e-04	-1.50010269388948315380272165535e-2	3.23156105328609720150323460988e-3
5.100e-04	-1.49820520151051892021235238606e-2	3.25132048441809139974416301951e-3
5.110e-04	-1.49629765006315786017617030979e-2	3.27113834421043461995784229608e-3
5.120e-04	-1.49437984678985261084741173647e-2	3.29101629072862018620582302324e-3
5.130e-04	-1.49245193125049792339841425253e-2	3.31095307745256105962602663823e-3
5.140e-04	-1.49051376211012984676772165789e-2	3.33094991811839722940056086274e-3
5.150e-04	-1.48856536871829026272243160818e-2	3.35100653746096261506989085616e-3
5.160e-04	-1.48660666211463945514706953129e-2	3.37112369689262635942126770231e-3
5.170e-04	-1.48463767347582504315182468792e-2	3.39130111253400759923098068446e-3
5.180e-04	-1.48265831064495386175857562610e-2	3.41153957981265531438077608661e-3
5.190e-04	-1.48066860668229476034885210970e-2	3.43183880594445420392161521861e-3
5.200e-04	-1.47866853288122261081653225120e-2	3.45219904050257684449686109938e-3
5.210e-04	-1.47665799203803744879850173310e-2	3.47262113231289985194191683390e-3
5.220e-04	-1.47463702019174260817158825085e-2	3.49310477431154712540796417939e-3
5.230e-04	-1.47260551654017680002949712784e-2	3.51365085304850619733952106220e-3
5.240e-04	-1.47056351915697185104066668739e-2	3.53425905176452254192947477299e-3
5.250e-04	-1.46851099757028190017540715928e-2	3.55492965352623434253038672518e-3
5.260e-04	-1.46644784529549971362889784719e-2	3.57566360412776954619076228090e-3
5.270e-04	-1.46437410362597002495101987799e-2	3.59646057124184251413967795715e-3
5.280e-04	-1.46228974089061421290087984461e-2	3.61732085971901758837328567445e-3
5.290e-04	-1.46019464450469424521537526553e-2	3.63824547841715388102756536605e-3
5.300e-04	-1.45808885913657863562209175199e-2	3.65923407859684341348613544146e-3
5.310e-04	-1.45597226785096678949380278042e-2	3.68028771371011329181525105187e-3
5.320e-04	-1.45384491762019880010623097937e-2	3.70140602387705003085095082734e-3
5.330e-04	-1.45170677444158847968676499180e-2	3.72258935391934404185154902524e-3
5.340e-04	-1.44955771450609188605570169066e-2	3.74383882738646346796038452954e-3
5.350e-04	-1.44739778843557981993028025575e-2	3.76515406648106851114854811835e-3
5.360e-04	-1.44522686751706210420769365226e-2	3.78653624436074494613407294806e-3
5.370e-04	-1.44304500486240166931134240526e-2	3.80798497107381913619301566332e-3
5.380e-04	-1.44085216370550753211906966573e-2	3.82950063618701132399365031398e-3
5.390e-04	-1.43864830672026042169212489847e-2	3.85108363843317137903526294505e-3
5.400e-04	-1.43643329477648742276541092493e-2	3.87273525583357522548290072319e-3
5.410e-04	-1.43420708297233861025308152004e-2	3.89445595938032790092012121097e-3
5.420e-04	-1.43196983659871930939502926344e-2	3.91624442046433371003875506394e-3
5.430e-04	-1.42972130676470171880129891260e-2	3.93810287205241411180612804995e-3
5.440e-04	-1.42746155613561347209000042677e-2	3.96003087649899034442339648922e-3
5.450e-04	-1.42519043095736758708010031370e-2	3.98202985718079184292366817119e-3
5.460e-04	-1.42290799675994971929185959802e-2	4.00409936223404867395700292103e-3
5.470e-04	-1.42061409338913868397154122661e-2	4.02624087812151740416866286470e-3
5.480e-04	-1.41830890899147720718959783823e-2	4.04845291478183395161416933433e-3
5.490e-04	-1.41599216209994779892670704140e-2	4.07073800594405659143355053448e-3
5.500e-04	-1.41366379961172530925750896087e-2	4.09309673468409710168274823702e-3
5.510e-04	-1.41132389469221182174865294555e-2	4.11552861078824788277184565271e-3
5.520e-04	-1.40897239997415864223218840554e-2	4.13803418001769677725772386080e-3
5.530e-04	-1.40660926719120338009504820669e-2	4.16061400092593665539561113311e-3
5.540e-04	-1.40423431138919812744349172397e-2	4.18326980253662949007846394234e-3
5.550e-04	-1.40184761238656444320064169893e-2	4.20600106066986415198184684181e-3
5.560e-04	-1.39944911885018434664419498739e-2	4.22880837572605163112828839235e-3
5.570e-04	-1.39703863377528945837862835002e-2	4.25169359346100647712687443402e-3
5.580e-04	-1.39461624219666336856883866356e-2	4.27465616311103048971063912953e-3
5.590e-04	-1.39218188939197631756290630913e-2	4.29769673026037803980028998235e-3
5.600e-04	-1.38973536535563527084210288076e-2	4.32081726595679994640540921032e-3
5.610e-04	-1.38727676057806982202390178247e-2	4.34401719157876114681391709695e-3
5.620e-04	-1.38480601658856919984057346763e-2	4.36729720159364192981626951371e-3
5.630e-04	-1.38232290934301568811472669875e-2	4.39065940170323236083071789209e-3
5.640e-04	-1.37982753503282796320113742455e-2	4.41410318415492575380644232058e-3
5.650e-04	-1.37731983103774957070622923700e-2	4.43762929641487293264737463489e-3
5.660e-04	-1.37479955813956358706268995646e-2	4.46123998910383606331714381381e-3
5.670e-04	-1.37226681848064183099276770119e-2	4.48493462408569563757723433747e-3
5.680e-04	-1.36972154484180025718667990893e-2	4.50871400642097093135612907368e-3
5.690e-04	-1.36716348158530297948806984002e-2	4.53258054293340830036906817475e-3
5.700e-04	-1.36459273705709402027530023211e-2	4.55653356389753588553815586162e-3
5.710e-04	-1.36200923893410365092932544860e-2	4.58057393711895912993478782116e-3
5.720e-04	-1.35941291316564359801450679179e-2	4.60470255175799076829748514191e-3
5.730e-04	-1.35680348017249140176580598239e-2	4.62892204159712577681020680596e-3
5.740e-04	-1.35418105706726024762184046301e-2	4.65323169219311082706396780131e-3
5.750e-04	-1.35154556393153178622367929571e-2	4.67763246324017693998267606333e-3
5.760e-04	-1.34889670136802147293331192858e-2	4.70212717567040533114417290965e-3
5.770e-04	-1.34623459328383634385729515687e-2	4.72671508095382297523616946587e-3
5.780e-04	-1.34355915322276939681647845987e-2	4.75139721612739305132234902316e-3
5.790e-04	-1.34087006024658246531425759183e-2	4.77617660504143033561666293210e-3
5.800e-04	-1.33816768271765044349588798710e-2	4.80105046082225939424248184869e-3
5.810e-04	-1.33545121461203421718789216794e-2	4.82602591606232176711737569944e-3
5.820e-04	-1.33272127194992980858144009388e-2	4.85109811155901228545662435351e-3
5.830e-04	-1.32997726477805390324254151962e-2	4.87627237168830586310143390861e-3
5.840e-04	-1.32721933389074148668017244542e-2	4.90154786472501298042175916291e-3
5.850e-04	-1.32444737456998411362655188161e-2	4.92692583891124693921943678270e-3
5.860e-04	-1.32166127919477366072583761494e-2	4.95240757584517754167134082797e-3
5.870e-04	-1.31886065976418135881814111661e-2	4.97799672926463000572545164293e-3
5.880e-04	-1.31604566729028038346916317984e-2	5.00369241885019362279881542371e-3
5.890e-04	-1.31321589414901110932231895937e-2	5.02949848211867893653542516084e-3
5.900e-04	-1.31037179308107935068065909898e-2	5.05541151650202701162643470675e-3
5.910e-04	-1.30751265243198136616187777677e-2	5.08143794100891297656653380225e-3
5.920e-04	-1.30463863370281474303469565120e-2	5.10757682772397088302409932167e-3
5.930e-04	-1.30174928672824328414445350381e-2	5.13383241276998958737616696910e-3
5.940e-04	-1.29884510307605134814277882384e-2	5.16020100948130647802757182579e-3
5.950e-04	-1.29592529898082147897436905028e-2	5.18668968643041764227730207415e-3
5.960e-04	-1.29298970621824672073173873471e-2	5.21330033820027967735258051841e-3
5.970e-04	-1.29003884738611540627416927129e-2	5.24002905122858720468745562525e-3
5.980e-04	-1.28707187854925610049846766135e-2	5.26688343688584432461546597667e-3
5.990e-04	-1.28408897956976740021135755694e-2	5.29386249376177400085901921407e-3
6.000e-04	-1.28108998478047794007187218902e-2	5.32096814433821767837114634280e-3
6.010e-04	-1.27807434073291802981628598096e-2	5.34820559276235725101882627642e-3
6.020e-04	-1.27504262629814945609193705963e-2	5.37557051373389795586934666325e-3
6.030e-04	-1.27199388446520786248641754817e-2	5.40307154134257045164667637320e-3
6.040e-04	-1.26892789747567683907804160747e-2	5.43071109497633097167110530841e-3
6.050e-04	-1.26584528025340517462009436062e-2	5.45848458656110737818754099626e-3
6.060e-04	-1.26274499838776054241264503182e-2	5.48640135222107060697366222320e-3
6.070e-04	-1.25962725139740300516928464384e-2	5.51446033841223174796754364275e-3
6.080e-04	-1.25649182079419127053475225472e-2	5.54266403338772910263324442220e-3
6.090e-04	-1.25333801718654439802473642199e-2	5.57101891887260162813752774244e-3
6.100e-04	-1.25016604604201601430685728718e-2	5.59952394162580550111399154755e-3
6.110e-04	-1.24697566299924574481240984152e-2	5.62818186322562380769975080217e-3
6.120e-04	-1.24376661451474690002309785478e-2	5.65699554241802450639193246545e-3
6.130e-04	-1.24053863739037195742346989902e-2	5.68596793992079519005714360209e-3
6.140e-04	-1.23729093440204346772119657146e-2	5.71510655495470966543305838557e-3
6.150e-04	-1.23402371873712346584003992405e-2	5.74441036573892958767782586742e-3
6.160e-04	-1.23073669382117708237178978812e-2	5.77388268228030360565599585328e-3
6.170e-04	-1.22742898601027959508108688546e-2	5.80353172690664077372041826603e-3
6.180e-04	-1.22410138975455972312122024899e-2	5.83335161937012481665302812415e-3
6.190e-04	-1.22075242475876093866584586131e-2	5.86335577542862183018708750855e-3
6.200e-04	-1.21738230607802349928822564167e-2	5.89354327507930653994323022764e-3
6.210e-04	-1.21399066865116002516989906903e-2	5.92391814148938357705353303743e-3
6.220e-04	-1.21057648825493862072243153494e-2	5.95449002766631617471678361257e-3
6.230e-04	-1.20713997587650994903608826175e-2	5.98525813237901222534897404248e-3
6.240e-04	-1.20368071405324360035029933073e-2	6.01622702034065855098099696124e-3
6.250e-04	-1.20019826620955473551603202820e-2	6.04740145397396726920155797265e-3
6.260e-04	-1.19669217544022053060965934892e-2	6.07878640572228162389736867252e-3
6.270e-04	-1.19316122745039526873245883191e-2	6.11039334389883737324042726525e-3
6.280e-04	-1.18960561531276512662895642158e-2	6.14222178979265412669861862590e-3
6.290e-04	-1.18602481050752032973953287180e-2	6.17427745127610452784326663653e-3
6.300e-04	-1.18241825803726374393827279205e-2	6.20656630830160410151156693201e-3
6.310e-04	-1.17878537457008175609011131047e-2	6.23909463165202126379915643462e-3
6.320e-04	-1.17512470004470982333247618389e-2	6.27187625027019165802920766732e-3
6.330e-04	-1.17143638508377887128868583013e-2	6.30491127096891448759238304994e-3
6.340e-04	-1.16771974545738920774329523206e-2	6.33820699498815797155068615206e-3
6.350e-04	-1.16397405902858787699110267055e-2	6.37177111084323877598353837946e-3
6.360e-04	-1.16019856279257776418551631766e-2	6.40561172415546839543099180925e-3
6.370e-04	-1.15639146906210942740619698650e-2	6.43974582966029842004702351891e-3
6.380e-04	-1.15255284293300601442502364041e-2	6.47417457130242130705717001518e-3
6.390e-04	-1.14868177384142118938830967468e-2	6.50890755442468207574047369237e-3
6.400e-04	-1.14477729470564101330619693127e-2	6.54395495883079047788083539333e-3
6.410e-04	-1.14083837694426806398533872858e-2	6.57932758886265426968219733393e-3
6.420e-04	-1.13686392491396381842473837107e-2	6.61503692928879561082054098224e-3
6.430e-04	-1.13285158572098690021959166126e-2	6.65110547343203941615893071932e-3
6.440e-04	-1.12880121480184110709532022518e-2	6.68753671355073931754742416802e-3
6.450e-04	-1.12471146890775740272908465250e-2	6.72434463821329776024106446696e-3
6.460e-04	-1.12058090714105221738568105096e-2	6.76154422317391382780054080631e-3
6.470e-04	-1.11640798078176550982908450244e-2	6.79915153334998858596441729099e-3
6.480e-04	-1.11219102170631181691295149890e-2	6.83718383886232984897914537505e-3
6.490e-04	-1.10792677447157698787820696954e-2	6.87567247393270184101954829220e-3
6.500e-04	-1.10361463711292616683928095232e-2	6.91462579916155836612089326282e-3
6.510e-04	-1.09925405225257547201417072969e-2	6.95405192060712783135032416311e-3
6.520e-04	-1.09483963857429018279536810012e-2	6.99400150384510533470439776819e-3
6.530e-04	-1.09037038456997819209822162231e-2	7.03448717172917370110051989376e-3
6.540e-04	-1.08584177231729923032601944980e-2	7.07555269142083025708456216820e-3
6.550e-04	-1.08125421799270235598940120694e-2	7.11719863962531287139123041538e-3
6.560e-04	-1.07660269079820039059898849251e-2	7.15947398475778932465550204448e-3
6.570e-04	-1.07188150072661724401789273216e-2	7.20243407538710150667864689468e-3
6.580e-04	-1.06709043834414397899551961504e-2	7.24608610083757265412825801304e-3
6.590e-04	-1.06222082535624489176835784543e-2	7.29051300611269637896110776666e-3
6.600e-04	-1.05727176991531247441272768314e-2	7.33572905443071088561132276702e-3
6.610e-04	-1.05223297796614865981237821177e-2	7.38183309479442152802342820252e-3
6.620e-04	-1.04710252306822264509646123015e-2	7.42884999022798316885648122222e-3
6.630e-04	-1.04186791427173321606939011856e-2	7.47690025844716161519025834995e-3
6.640e-04	-1.03652281350252694049583117358e-2	7.52605040544969845480411001543e-3
6.650e-04	-1.03106003489332243634737367200e-2	7.57637568410805263459710524048e-3
6.660e-04	-1.02546189778760220714885234471e-2	7.62804790654858317636462030592e-3
6.670e-04	-1.01972041827320099050936273823e-2	7.68115304885430285339802636235e-3
6.680e-04	-1.01381210048854706233284242852e-2	7.73592047921763538285598864305e-3
6.690e-04	-1.00772320373355372351158193002e-2	7.79249377467243785877887097583e-3
6.700e-04	-1.00142888224740752917479896210e-2	7.85112151211159333826900041739e-3
6.710e-04	-9.94888662934112372984008764502e-3	7.91220123328745496671459935114e-3
6.720e-04	-9.88069119020624507614227367083e-3	7.97607259820991493018499546845e-3
6.730e-04	-9.80909708716232368403603604486e-3	8.04333518688516718672232345853e-3
6.740e-04	-9.73344062773422558427525590078e-3	8.11465614041841721473328916254e-3
6.750e-04	-9.65247736320624581992382977510e-3	8.19126502084379728199529476258e-3
6.760e-04	-9.56456278531458331816348228291e-3	8.27480100865062140948564605992e-3
6.770e-04	-9.46652528331748398286275054734e-3	8.36840450254738482930099540661e-3
6.780e-04	-9.35238296049151779962075031918e-3	8.47801423918537281524883726436e-3
6.790e-04	-9.20370162664310145736923582118e-3	8.62187144277353038910597220381e-3
