0.000e+00	-2.00000000000000000000000000000e-2	0
1.000e-06	-1.99700154512797147591886776542e-2	0
2.000e-06	-1.99400617356296542585484999236e-2	0
3.000e-06	-1.99101387496910846258338249944e-2	0
4.000e-06	-1.98802463912601516094687145756e-2	0
5.000e-06	-1.98503845592732918980974685983e-2	0
6.000e-06	-1.98205531537929584958626406176e-2	0
7.000e-06	-1.97907520759936525747430019764e-2	0
8.000e-06	-1.97609812281482544714750451433e-2	0
9.000e-06	-1.97312405136146467338210133887e-2	0
1.000e-05	-1.97015298368226223496288675608e-2	0
1.100e-05	-1.96718491032610715126303944408e-2	0
1.200e-05	-1.96421982194654404915993954166e-2	0
1.300e-05	-1.96125770930054563746838364754e-2	0
1.400e-05	-1.95829856324731116587551322987e-2	0
1.500e-05	-1.95534237474709028447958117019e-2	0
1.600e-05	-1.95238913486003173849648444671e-2	0
1.700e-05	-1.94943883474505635053197062331e-2	0
1.800e-05	-1.94649146565875376005018817624e-2	0
1.900e-05	-1.94354701895430240632647083462e-2	0
2.000e-05	-1.94060548608041225727791010832e-2	0
2.100e-05	-1.93766685858028980214315806988e-2	0
2.200e-05	-1.93473112809062484105457177226e-2	0
2.300e-05	-1.93179828634059861913307278514e-2	0
2.400e-05	-1.92886832515091286685883549846e-2	0
2.500e-05	-1.92594123643283932214873855911e-2	0
2.600e-05	-1.92301701218728932282291917391e-2	0
2.700e-05	-1.92009564450390307098557298537e-2	0
2.800e-05	-1.91717712556015818329635982628e-2	0
2.900e-05	-1.91426144762049715318473627102e-2	0
3.000e-05	-1.91134860303547336277589627934e-2	0
3.100e-05	-1.90843858424091529366878668125e-2	0
3.200e-05	-1.90553138375710859674821656800e-2	0
3.300e-05	-1.90262699418799569193838412928e-2	0
3.400e-05	-1.89972540822039257922742207028e-2	0
3.500e-05	-1.89682661862322255242264172780e-2	0
3.600e-05	-1.89393061824676651696421983403e-2	0
3.700e-05	-1.89103740002192962266353183735e-2	0
3.800e-05	-1.88814695695952393167003178875e-2	0
3.900e-05	-1.88525928214956685091341846911e-2	0
4.000e-05	-1.88237436876059506726576851745e-2	0
4.100e-05	-1.87949221003899373221804791801e-2	0
4.200e-05	-1.87661279930834065128894638200e-2	0
4.300e-05	-1.87373612996876524165682809470e-2	0
4.400e-05	-1.87086219549632202946304398495e-2	0
4.500e-05	-1.86799098944237846611501495028e-2	0
4.600e-05	-1.86512250543301685056233467010e-2	0
4.700e-05	-1.86225673716845015201581838917e-2	0
4.800e-05	-1.85939367842245153491299638553e-2	0
4.900e-05	-1.85653332304179739511629200968e-2	0
5.000e-05	-1.85367566494572372336573710158e-2	0
5.100e-05	-1.85082069812539561891116239718e-2	0
5.200e-05	-1.84796841664338978301977068656e-2	0
5.300e-05	-1.84511881463318982870558359777e-2	0
5.400e-05	-1.84227188629869424956261957750e-2	0
5.500e-05	-1.83942762591373689701121153608e-2	0
5.600e-05	-1.83658602782161982159343345601e-2	0
5.700e-05	-1.83374708643465834018583886870e-2	0
5.800e-05	-1.83091079623373819714224823978e-2	0
5.900e-05	-1.82807715176788469344267893728e-2	0
6.000e-05	-1.82524614765384366391314369634e-2	0
6.100e-05	-1.82241777857567418850134478399e-2	0
6.200e-05	-1.81959203928435292945160809011e-2	0
6.300e-05	-1.81676892459738999202504721857e-2	0
6.400e-05	-1.81394842939845621216421499953e-2	0
6.500e-05	-1.81113054863702178021167432943e-2	0
6.600e-05	-1.80831527732800611546529413253e-2	0
6.700e-05	-1.80550261055143891199596238696e-2	0
6.800e-05	-1.80269254345213228177215439075e-2	0
6.900e-05	-1.79988507123936392673679835571e-2	0
7.000e-05	-1.79708018918657127707160472563e-2	0
7.100e-05	-1.79427789263105653846901410432e-2	0
7.200e-05	-1.79147817697370259681881284416e-2	0
7.300e-05	-1.78868103767869973431202182555e-2	0
7.400e-05	-1.78588647027328311657577285269e-2	0
7.500e-05	-1.78309447034748101608659129683e-2	0
7.600e-05	-1.78030503355387374277301928561e-2	0
7.700e-05	-1.77751815560736325841925201246e-2	0
7.800e-05	-1.77473383228495345722704994511e-2	0
7.900e-05	-1.77195205942554110069150413303e-2	0
8.000e-05	-1.76917283292971740080541232272e-2	0
8.100e-05	-1.76639614875958025153551031100e-2	0
8.200e-05	-1.76362200293855711452036527223e-2	0
8.300e-05	-1.76085039155123857103350792300e-2	0
8.400e-05	-1.75808131074322255844589004086e-2	0
8.500e-05	-1.75531475672096931571897418953e-2	0
8.600e-05	-1.75255072575166706887414797379e-2	0
8.700e-05	-1.74978921416310849392669174611e-2	0
8.800e-05	-1.74703021834357800145478720897e-2	0
8.900e-05	-1.74427373474174989380824940582e-2	0
9.000e-05	-1.74151975986659745296072013693e-2	0
9.100e-05	-1.73876829028731302418668324597e-2	0
9.200e-05	-1.73601932263323916811542182287e-2	0
9.300e-05	-1.73327285359381096129345965475e-2	1.64980254986782872632666206629e-20
9.400e-05	-1.73052887991850953319169703852e-2	2.96597824650682104141853945333e-20
9.500e-05	-1.72778739841682693564111888135e-2	5.26472534609051792479649568860e-20
9.600e-05	-1.72504840595824244899067524178e-2	9.23056908417556824036962706577e-20
9.700e-05	-1.72231189947221043787320862213e-2	1.59916144294980237073707310947e-19
9.800e-05	-1.71957787594815987836222898446e-2	2.73858675828548347607377408329e-19
9.900e-05	-1.71684633243550568752779819737e-2	4.63749971942333480100215075137e-19
1.000e-04	-1.71411726604367199597964021395e-2	7.76803547404915682492652524821e-19
1.010e-04	-1.71139067394212751394789722739e-2	1.28750613397888404221236798479e-18
1.020e-04	-1.70866655336043315182719498654e-2	2.11219286734278831528746772773e-18
1.030e-04	-1.70594490158830206693104568883e-2	3.43078958991805263999575945086e-18
1.040e-04	-1.70322571597567231950726155759e-2	5.51894311506193905788074410380e-18
1.050e-04	-1.70050899393279233289040691937e-2	8.79507150661904485643569471273e-18
1.060e-04	-1.69779473293031936505740202258e-2	1.38886555240441847408855582424e-17
1.070e-04	-1.69508293049943121185414937559e-2	2.17385127294626420690382096140e-17
1.080e-04	-1.69237358423195137582568481750e-2	3.37330429521329517952088559394e-17
1.090e-04	-1.68966669178048794896566577407e-2	5.19087552699480149487514848837e-17
1.100e-04	-1.68696225085858647286374416266e-2	7.92290928357657691581357917299e-17
1.110e-04	-1.68426025924089705573754186335e-2	1.19973049107061717852458969049e-16
1.120e-04	-1.68156071476335604276112585595e-2	1.80272794617606538885136621418e-16
1.130e-04	-1.67886361532338255402146281878e-2	2.68852092374879872732896953459e-16
1.140e-04	-1.67616895888009022343174005429e-2	3.98033384119532613770144889614e-16
1.150e-04	-1.67347674345451449209525114482e-2	5.85101939108136854839768654816e-16
1.160e-04	-1.67078696712985583104154291358e-2	8.54141403354735243817473961982e-16
1.170e-04	-1.66809962805173929104962135315e-2	1.23848769918764568802393295998e-15
1.180e-04	-1.66541472442849080153906802649e-2	1.78398895679471022339268627165e-15
1.190e-04	-1.66273225453143066636235250303e-2	2.55330972005781294854721039435e-15
1.200e-04	-1.66005221669518473188891102770e-2	3.63158005351887112753341367322e-15
1.210e-04	-1.65737460931801373215647312280e-2	5.13376670143787035202953357421e-15
1.220e-04	-1.65469943086216134720377610830e-2	7.21423678221181023932653479882e-15
1.230e-04	-1.65202667985422154411946648511e-2	1.00790976978548469399741519496e-14
1.240e-04	-1.64935635488552580597355726125e-2	1.40020334822515922686418744799e-14
1.250e-04	-1.64668845461255089176809566892e-2	1.93445216356382383410233606865e-14
1.260e-04	-1.64402297775734781097733021074e-2	2.65815100467815650871513798861e-14
1.270e-04	-1.64135992310799273926373774891e-2	3.63338657886214883188579894881e-14
1.280e-04	-1.63869928951906064766562867036e-2	4.94091819751374823755600395457e-14
1.290e-04	-1.63604107591212246605428489166e-2	6.68528514748494383175456979138e-14
1.300e-04	-1.63338528127626665303871028465e-2	9.00116938259235422463977087321e-14
1.310e-04	-1.63073190466864609882087252204e-2	1.20612861459111256093479217785e-13
1.320e-04	-1.62808094521505134481842738374e-2	1.60861261161341094484418650092e-13
1.330e-04	-1.62543240211051116419363878618e-2	2.13559315250280082095930568041e-13
1.340e-04	-1.62278627461992161074407053250e-2	2.82253563124601988524120784283e-13
1.350e-04	-1.62014256207870470987476872704e-2	3.71413377605931076193629043513e-13
1.360e-04	-1.61750126389349803449505109519e-2	4.86647952053067972307311240848e-13
1.370e-04	-1.61486237954287648053260552449e-2	6.34968713591105826787016370050e-13
1.380e-04	-1.61222590857810763115035491651e-2	8.25105450155902483334270523557e-13
1.390e-04	-1.60959185062394217544960369724e-2	1.06788570562223455707503429776e-12
1.400e-04	-1.60696020537944092614883650787e-2	1.37668842841883756669059064289e-12
1.410e-04	-1.60433097261884006107941638090e-2	1.76798444499762703362986235157e-12
1.420e-04	-1.60170415219245629490690428891e-2	2.26197810105601115317384322064e-12
1.430e-04	-1.59907974402763376976667085891e-2	2.88336637245942754749177542842e-12
1.440e-04	-1.59645774812973453591542941015e-2	3.66223391062504950672060474569e-12
1.450e-04	-1.59383816458317457538733727452e-2	4.63510486490633458219367141213e-12
1.460e-04	-1.59122099355250740226337815271e-2	5.84617492902064321900545653162e-12
1.470e-04	-1.58860623528355735169086945481e-2	7.34874990089532601345365424000e-12
1.480e-04	-1.58599389010460474531599013714e-2	9.20692013583970805683977569910e-12
1.490e-04	-1.58338395842762519232051301436e-2	1.14975036211288036851990161625e-11
1.500e-04	-1.58077644074958535170370314578e-2	1.43122940142470005604773755670e-11
1.510e-04	-1.57817133765379754165722574119e-2	1.77606538742195861846501911903e-11
1.520e-04	-1.57556864981133563459923087193e-2	2.19724974811876239638472233270e-11
1.530e-04	-1.57296837798251472034005034754e-2	2.71017120874859529419484744577e-11
1.540e-04	-1.57037052301843705354915691379e-2	3.33300711758922189085224122428e-11
1.550e-04	-1.56777508586260682371643907230e-2	4.08716983172559684939194147045e-11
1.560e-04	-1.56518206755261629462415127481e-2	4.99781455179300054626293023973e-11
1.570e-04	-1.56259146922190585438923856112e-2	6.09441555223754227704764252008e-11
1.580e-04	-1.56000329210160049477426092718e-2	7.41141833804101846451484199014e-11
1.590e-04	-1.55741753752242519803864723987e-2	8.98897586914169321607795166660e-11
1.600e-04	-1.55483420691670164942555198115e-2	1.08737776286051131279424193481e-10
1.610e-04	-1.55225330182042861175583445467e-2	1.31199809683127349872141367613e-10
1.620e-04	-1.54967482387544819383051539575e-2	1.57902548445722967817372508316e-10
1.630e-04	-1.54709877483170011474178513932e-2	1.89569467533123059215861103174e-10
1.640e-04	-1.54452515654956591010137293677e-2	2.27033843877643765148189653917e-10
1.650e-04	-1.54195397100230484199469786895e-2	2.71253242677775188248530298604e-10
1.660e-04	-1.53938522027858306060071732852e-2	3.23325603258165288326867165692e-10
1.670e-04	-1.53681890658509732039094153928e-2	3.84507061765931918201848713697e-10
1.680e-04	-1.53425503224929427623228053903e-2	4.56231655411393973850126415084e-10
1.690e-04	-1.53169359972218607326969841667e-2	5.40133060375901772414067058206e-10
1.700e-04	-1.52913461158126259798311236319e-2	6.38068522853039746596565827229e-10
1.710e-04	-1.52657807053350037524597864671e-2	7.52145149911866328417064775254e-10
1.720e-04	-1.52402397941846767666380324300e-2	8.84748733918750767134288911961e-10
1.730e-04	-1.52147234121152494823684015190e-2	1.03857529107153864790082887466e-9
1.740e-04	-1.51892315902711916989507189202e-2	1.21666550112725857339885656503e-9
1.750e-04	-1.51637643612217022535537015430e-2	1.42244224158087504271171343607e-9
1.760e-04	-1.51383217589954678793227674667e-2	1.65975141531391184901437693828e-9
1.770e-04	-1.51129038191162861646208291497e-2	1.93290627601230747572327889167e-9
1.780e-04	-1.50875105786395150558356691106e-2	2.24673546038507471779926331432e-9
1.790e-04	-1.50621420761893044709423516125e-2	2.60663494033025184368357759772e-9
1.800e-04	-1.50367983519965583447859408545e-2	3.01862411162218926262014694319e-9
1.810e-04	-1.50114794479375678209038186464e-2	3.48940623836360821569784740952e-9
1.820e-04	-1.49861854075732483558162443647e-2	4.02643347428591641735864452827e-9
1.830e-04	-1.49609162761889052209884466447e-2	4.63797668292080019207076102417e-9
1.840e-04	-1.49356721008344432958840998667e-2	5.33320027863437333748569339325e-9
1.850e-04	-1.49104529303649281720959782261e-2	6.12224230944221112266086109680e-9
1.860e-04	-1.48852588154813964381189454528e-2	7.01630000034074046545760941995e-9
1.870e-04	-1.48600898087718036432726370909e-2	8.02772097253067901920951805136e-9
1.880e-04	-1.48349459647519888593226343683e-2	9.17010034930662151717551122379e-9
1.890e-04	-1.48098273399065249732189954619e-2	1.04583839534811349035388659685e-8
1.900e-04	-1.47847339927293140171970898879e-2	1.19089777939425354380422640396e-8
1.910e-04	-1.47596659837637767657470416987e-2	1.35398640302570609297327266235e-8
1.920e-04	-1.47346233756424758643040630358e-2	1.53707235940665247566692963663e-8
1.930e-04	-1.47096062331260016483959008585e-2	1.74230656343542690972316932376e-8
1.940e-04	-1.46846146231409398422893736868e-2	1.97203639404126971962218610536e-8
1.950e-04	-1.46596486148167302896382086607e-2	2.22882004815075792320398879599e-8
1.960e-04	-1.46347082795212162302921164190e-2	2.51544161857661735286581733715e-8
1.970e-04	-1.46097936908946738881721084405e-2	2.83492690626927610692974205575e-8
1.980e-04	-1.45849049248821028050123987148e-2	3.19055997539178915136053638959e-8
1.990e-04	-1.45600420597635483420640190770e-2	3.58590045753050997446718092029e-8
2.000e-04	-1.45352051761822191106579675580e-2	4.02480160903672912608710618874e-8
2.010e-04	-1.45103943571701535851460406058e-2	4.51142912300887077649641402174e-8
2.020e-04	-1.44856096881711826866161803495e-2	5.05028069477200287829913597512e-8
2.030e-04	-1.44608512570609277033466569418e-2	5.64620633689354756727214466687e-8
2.040e-04	-1.44361191541635660797270620779e-2	6.30442943679426958300460871433e-8
2.050e-04	-1.44114134722650922992780763389e-2	7.03056854687592208778267776231e-8
2.060e-04	-1.43867343066227951459277183816e-2	7.83065989379644910526993769578e-8
2.070e-04	-1.43620817549706682375932449322e-2	8.71118059008647799800307668691e-8
2.080e-04	-1.43374559175204683899194203731e-2	9.67907252772415981812200387573e-8
2.090e-04	-1.43128568969581315531115836127e-2	1.07417669295776461105756055461e-7
2.100e-04	-1.42882847984352566900594946578e-2	1.19072095307949129266755135548e-7
2.110e-04	-1.42637397295553659735188362346e-2	1.31838863582800442137798238444e-7
2.120e-04	-1.42392218003546507395384126226e-2	1.45808500723551543841861083164e-7
2.130e-04	-1.42147311232769142707607976111e-2	1.61077468305809229325010106285e-7
2.140e-04	-1.41902678131424259256468407953e-2	1.77748436295104164158993060175e-7
2.150e-04	-1.41658319871104019569515835349e-2	1.95930560758961393037268526922e-7
2.160e-04	-1.41414237646348452556005674244e-2	2.15739765345748505711145339504e-7
2.170e-04	-1.41170432674134589864068152323e-2	2.37299025959389408605805982032e-7
2.180e-04	-1.40926906193293920946568076290e-2	2.60738658015814656342208656962e-7
2.190e-04	-1.40683659463855540036295943998e-2	2.86196605624006674925091752340e-7
2.200e-04	-1.40440693766312525740426834426e-2	3.13818731991857608936225676513e-7
2.210e-04	-1.40198010400809507229850952679e-2	3.43759110315004917066775510971e-7
2.220e-04	-1.39955610686249001348262475995e-2	3.76180314365662696870243300826e-7
2.230e-04	-1.39713495959314852726619176844e-2	4.11253707958326684791828361099e-7
2.240e-04	-1.39471667573410606259478367220e-2	4.49159732430540210900414725741e-7
2.250e-04	-1.39230126897511612283853913228e-2	4.90088191239691653369805392408e-7
2.260e-04	-1.38988875314929213616049937472e-2	5.34238530741603554006266331327e-7
2.270e-04	-1.38747914221985688663815433101e-2	5.81820116183555075618193744765e-7
2.280e-04	-1.38507245026599657561381393263e-2	6.33052501913568890520154386799e-7
2.290e-04	-1.38266869146780168831552366417e-2	6.88165694780047160979837150991e-7
2.300e-04	-1.38026788009030219715039115748e-2	7.47400409670520854940868196631e-7
2.310e-04	-1.37787003046658532663627518438e-2	8.11008316116874804187136292857e-7
2.320e-04	-1.37547515698000252677116089212e-2	8.79252274876003574435570871229e-7
2.330e-04	-1.37308327404547122013345793692e-2	9.52406563380533536711808559168e-7
2.340e-04	-1.37069439608987700488471982800e-2	1.03075708894403701981704617312e-6
2.350e-04	-1.36830853753157527347591841634e-2	1.11460158859954451489027416382e-6
2.360e-04	-1.36592571275903534451289487958e-2	1.20424981444779942430654337152e-6
2.370e-04	-1.36354593610861071790764737634e-2	1.30002370339674766348739088746e-6
2.380e-04	-1.36116922184147566596336042970e-2	1.40225753018101801710025610391e-6
2.390e-04	-1.35879558411976102311712410047e-2	1.51129804256398333613786491404e-6
2.400e-04	-1.35642503698187694310958324283e-2	1.62750457764591259726454153859e-6
2.410e-04	-1.35405759431710774328704134666e-2	1.75124915822327379079448906190e-6
2.420e-04	-1.35169326983947436648002897953e-2	1.88291656817774285309534556800e-6
2.430e-04	-1.34933207706092426226215684705e-2	2.02290440590752001501126803967e-6
2.440e-04	-1.34697402926385321563576019945e-2	2.17162311485809820173027149576e-6
2.450e-04	-1.34461913947309767601037192811e-2	2.32949599025110420548028795828e-6
2.460e-04	-1.34226742042729835541370834932e-2	2.49695916117528759568221331027e-6
2.470e-04	-1.33991888454984895896746372834e-2	2.67446154724762359496366951373e-6
2.480e-04	-1.33757354391933858531259157620e-2	2.86246478913367492173538183349e-6
2.490e-04	-1.33523141023968843127268799107e-2	3.06144315227063643051620624577e-6
2.500e-04	-1.33289249480988728780305823277e-2	3.27188340323072731137980047222e-6
2.510e-04	-1.33055680849355179125473900010e-2	3.49428465822305433607494469156e-6
2.520e-04	-1.32822436168829569323366127305e-2	3.72915820333326907882800894458e-6
2.530e-04	-1.32589516429482112464701232949e-2	3.97702728620072935904576790614e-6
2.540e-04	-1.32356922568630654508591973542e-2	4.23842687886937143087211631244e-6
2.550e-04	-1.32124655467738188971138375590e-2	4.51390341175905362301715539063e-6
2.560e-04	-1.31892715949364338045589817793e-2	4.80401447865777520660609231160e-6
2.570e-04	-1.31661104774091549365059737495e-2	5.10932851290304332305704074304e-6
2.580e-04	-1.31429822637515119962883697215e-2	5.43042443486189575675545914228e-6
2.590e-04	-1.31198870167254174143156246451e-2	5.76789127105902971252188523727e-6
2.600e-04	-1.30968247919978995986191921680e-2	6.12232774538638401008003803998e-6
2.610e-04	-1.30737956378517041565881872384e-2	6.49434184284834374147656912880e-6
2.620e-04	-1.30507995949025625923888333485e-2	6.88455034648968192390270372428e-6
2.630e-04	-1.30278366958176612009630436939e-2	7.29357834834428303969830906010e-6
2.640e-04	-1.30049069650459921557431768283e-2	7.72205873511490718576168018081e-6
2.650e-04	-1.29820104185580413717715222411e-2	8.17063164957393204024993494855e-6
2.660e-04	-1.29591470635868128503127602900e-2	8.63994392890474231311822205220e-6
2.670e-04	-1.29363168983860237539994772525e-2	9.13064852098135234164700171269e-6
2.680e-04	-1.29135199119959377685230419519e-2	9.64340387946856767233212367768e-6
2.690e-04	-1.28907560840144907738845668346e-2	1.01788733405229821452918826450e-5
2.700e-04	-1.28680253843937119743922400639e-2	1.07377244803448973567678055660e-5
2.710e-04	-1.28453277732302449321723508730e-2	1.13206284570998662198569851545e-5
2.720e-04	-1.28226632005848470541113185911e-2	1.19282593375377901150385594877e-5
2.730e-04	-1.28000316062990375022917052322e-2	1.25612934108048616180035330500e-5
2.740e-04	-1.27774329198501243412367482371e-2	1.32204084901534465971944212572e-5
2.750e-04	-1.27548670601814709351855587579e-2	1.39062832060022250278148529599e-5
2.760e-04	-1.27323339355948748616944018714e-2	1.46195962898352764259201743615e-5
2.770e-04	-1.27098334436178113993302475297e-2	1.53610258532079663565957124160e-5
2.780e-04	-1.26873654709024407179178636998e-2	1.61312486622104585999333329939e-5
2.790e-04	-1.26649298931492398597217324486e-2	1.69309394094012659804377682739e-5
2.800e-04	-1.26425265750230908778459678435e-2	1.77607699862388045147370952142e-5
2.810e-04	-1.26201553701136400070806341514e-2	1.86214087561789454958887954977e-5
2.820e-04	-1.25978161208806345289104766985e-2	1.95135198324485113672382801298e-5
2.830e-04	-1.25755086586496079485756787225e-2	2.04377623599891133229817666476e-5
2.840e-04	-1.25532328035923824905898537368e-2	2.13947898059309733518874000500e-5
2.850e-04	-1.25309883647348024590850616675e-2	2.23852492588697587678102594065e-5
2.860e-04	-1.25087751400018468096797649657e-2	2.34097807381233780161150403582e-5
2.870e-04	-1.24865929162421049817467984633e-2	2.44690165173181717148102654440e-5
2.880e-04	-1.24644414692913996707583175064e-2	2.55635804613782193541761693990e-5
2.890e-04	-1.24423205640369289234404841972e-2	2.66940873803008158262307337585e-5
2.900e-04	-1.24202299545431582669783651893e-2	2.78611423980444416489300113961e-5
2.910e-04	-1.23981693840902313781171626029e-2	2.90653403459836667246617277582e-5
2.920e-04	-1.23761385853595700448432847556e-2	3.03072651696755911460409439087e-5
2.930e-04	-1.23541372805148988175821476612e-2	3.15874893639714722651693201057e-5
2.940e-04	-1.23321651814098474859044464533e-2	3.29065734244912676173387479407e-5
2.950e-04	-1.23102219896721532560116448750e-2	3.42650653315744843802704917226e-5
2.960e-04	-1.22883073969092545913243147488e-2	3.56635000528605996669275331459e-5
2.970e-04	-1.22664210849467908906814148547e-2	3.71023990699733476960572279316e-5
2.980e-04	-1.22445627259097035307859295945e-2	3.85822699439158354985357369214e-5
2.990e-04	-1.22227319825698207435577521748e-2	4.01036058900322079695799246485e-5
3.000e-04	-1.22009285084138992791804855745e-2	4.16668854022057041553882964437e-5
3.010e-04	-1.21791519480349849659468365265e-2	4.32725718821690843096238517601e-5
3.020e-04	-1.21574019372213636581872031555e-2	4.49211133218970906477309108086e-5
3.030e-04	-1.21356781032890888242981945408e-2	4.66129419970296996476349105609e-5
3.040e-04	-1.21139800652853287504981468446e-2	4.83484742008956022388587562835e-5
3.050e-04	-1.20923074343700541475727017758e-2	5.01281099929231217871932725652e-5
3.060e-04	-1.20706598139440918798644784654e-2	5.19522329997783746671731875935e-5
3.070e-04	-1.20490367999016684125154283481e-2	5.38212102365797584077879564490e-5
3.080e-04	-1.20274379810854445747391419246e-2	5.57353919374850104548299303510e-5
3.090e-04	-1.20058629394818456936656004662e-2	5.76951114400987575054158904036e-5
3.100e-04	-1.19843112504196336167779892973e-2	5.97006851001576169422654914934e-5
3.110e-04	-1.19627824829804298392265863676e-2	6.17524122125785593379134222656e-5
3.120e-04	-1.19412762003092802308559887790e-2	6.38505749697246072526466489476e-5
3.130e-04	-1.19197919597051347859746159047e-2	6.59954384727745659528031548563e-5
3.140e-04	-1.18983293132856748953249481544e-2	6.81872507033496419184332407951e-5
3.150e-04	-1.18768878079789469114427484783e-2	7.04262425982058903855879096768e-5
3.160e-04	-1.18554669857864027201397119960e-2	7.27126281198729991437095436044e-5
3.170e-04	-1.18340663844745547975232578537e-2	7.50466042951273179814465056209e-5
3.180e-04	-1.18126855374226514547453719925e-2	7.74283513832872360650681056163e-5
3.190e-04	-1.17913239742629435775917998100e-2	7.98580329650994212622261381483e-5
3.200e-04	-1.17699812208776600894694408528e-2	8.23357961376043401903372640221e-5
3.210e-04	-1.17486568000124677616019450940e-2	8.48617716446235180588398587854e-5
3.220e-04	-1.17273502311313957077294254702e-2	8.74360741335290487393178325940e-5
3.230e-04	-1.17060610314524220382754778189e-2	9.00588022568367818238996607263e-5
3.240e-04	-1.16847887151689773147399011860e-2	9.27300390610254187718419434476e-5
3.250e-04	-1.16635327949470426605558513549e-2	9.54498520457139543339574054120e-5
3.260e-04	-1.16422927809139768666919815469e-2	9.82182936260525155808074529345e-5
3.270e-04	-1.16210681821655806962715302520e-2	1.01035401209986322764129548441e-4
3.280e-04	-1.15998585062430727600163711739e-2	1.03901197612005645341116769389e-4
3.290e-04	-1.15786632594705062075247005381e-2	1.06815691343346642429176750054e-4
3.300e-04	-1.15574819476345129046353620708e-2	1.09778876848170264391664339288e-4
3.310e-04	-1.15363140756663893582717935348e-2	1.12790734923937314298549653926e-4
3.320e-04	-1.15151591484900417904910703970e-2	1.15851232941819204596341262715e-4
3.330e-04	-1.14940166706266313266712582936e-2	1.18960325300517724465904483384e-4
3.340e-04	-1.14728861470988939126615001636e-2	1.22117953643798112515931648474e-4
3.350e-04	-1.14517670831528062618071558863e-2	1.25324047305537175226202132142e-4
3.360e-04	-1.14306589844300364401680699403e-2	1.28578523678005326129485754289e-4
3.370e-04	-1.14095613577955965131839728807e-2	1.31881288446250282686205738710e-4
3.380e-04	-1.13884737107193510883113591310e-2	1.35232236119852320463032506830e-4
3.390e-04	-1.13673955523469462838562058408e-2	1.38631250216408231185182272618e-4
3.400e-04	-1.13463263930381816517956897578e-2	1.42078203765668258871054160582e-4
3.410e-04	-1.13252657447664999057483738051e-2	1.45572959633815562758186747206e-4
3.420e-04	-1.13042131210151211270301613283e-2	1.49115370957934742873062724164e-4
3.430e-04	-1.12831680374792047532431317349e-2	1.52705281395381371782634724303e-4
3.440e-04	-1.12621300126136841023943301786e-2	1.56342525393978104446505170571e-4
3.450e-04	-1.12410985659740487975123471947e-2	1.60026928990023215976578027214e-4
3.460e-04	-1.12200732204771853580221130650e-2	1.63758309671939154251933233901e-4
3.470e-04	-1.11990535013394262274506465842e-2	1.67536477027998536464349806488e-4
3.480e-04	-1.11780389361392388657057930742e-2	1.71361233130398941552448570858e-4
3.490e-04	-1.11570290560473757690341760932e-2	1.75232372609209529629827060847e-4
3.500e-04	-1.11360233948916199973677280811e-2	1.79149683270064378644030371444e-4
3.510e-04	-1.11150214896221658705225498814e-2	1.83112946353275790234025294013e-4
3.520e-04	-1.10940228799765932508350386425e-2	1.87121936998226806438880825173e-4
3.530e-04	-1.10730271103697777056175710618e-2	1.91176424088274576638678178593e-4
3.540e-04	-1.10520337268640196957622296513e-2	1.95276171443619156339685143119e-4
3.550e-04	-1.10310422804381949089626307559e-2	1.99420937266047682800754868264e-4
3.560e-04	-1.10100523252589126916639782658e-2	2.03610474960811951333947312330e-4
3.570e-04	-1.09890634186593095634423207893e-2	2.07844533489466000769154129197e-4
3.580e-04	-1.09680751234237288239587834717e-2	2.12122857018036813597829320539e-4
3.590e-04	-1.09470870039851610512183259973e-2	2.16445186370701743225050311967e-4
3.600e-04	-1.09260986304181801320429082550e-2	2.20811258145293559266407852122e-4
3.610e-04	-1.09051095762522826130806181985e-2	2.25220805671747927349066440869e-4
3.620e-04	-1.08841194190882212884295378823e-2	2.29673559122051758209751205322e-4
3.630e-04	-1.08631277406524589115817468838e-2	2.34169245779383388830545174344e-4
3.640e-04	-1.08421341268469204011313760069e-2	2.38707590299951507901423966251e-4
3.650e-04	-1.08211381677941871248542699852e-2	2.43288314967483791267948646873e-4
3.660e-04	-1.08001394570803166610663194086e-2	2.47911140211339812136300892293e-4
3.670e-04	-1.07791375949521475342788627232e-2	2.52575783776509905748185270219e-4
3.680e-04	-1.07581321827931537723311050505e-2	2.57281962839868131211662223401e-4
3.690e-04	-1.07371228296633988197003050177e-2	2.62029392007438502379987469562e-4
3.700e-04	-1.07161091455603619286702716883e-2	2.66817785876636136672438305871e-4
3.710e-04	-1.06950907484631098071907590492e-2	2.71646856780043419344860702753e-4
3.720e-04	-1.06740672570590805167829412843e-2	2.76516317581842414116224900418e-4
3.730e-04	-1.06530382972880458757536683483e-2	2.81425879532665195605048240329e-4
3.740e-04	-1.06320034996809217462212373431e-2	2.86375253398873196843704397072e-4
3.750e-04	-1.06109624960412040059788363147e-2	2.91364150906192518221359135705e-4
3.760e-04	-1.05899149257725803524523830824e-2	2.96392282552432381520490327023e-4
3.770e-04	-1.05688604328955723927426562471e-2	3.01459358866898138932361777435e-4
3.780e-04	-1.05477986623510528339966327302e-2	3.06565092023551311886309756160e-4
3.790e-04	-1.05267292670297715882332382601e-2	3.11709193273183950343747469005e-4
3.800e-04	-1.05056519044406658482669800462e-2	3.16891374352659029188358726109e-4
3.810e-04	-1.04845662326071729225718642529e-2	3.22111349290613186383683376770e-4
3.820e-04	-1.04634719192745200392756100178e-2	3.27368830835019519669533931753e-4
3.830e-04	-1.04423686325877764040225722797e-2	3.32663534338594330221366137528e-4
3.840e-04	-1.04212560449004816015481937989e-2	3.37995176363030408468290796545e-4
3.850e-04	-1.04001338374346337483953546545e-2	3.43363472812851615907743225931e-4
3.860e-04	-1.03790016913348785978504694580e-2	3.48768142781242170637348398356e-4
3.870e-04	-1.03578592935495324011589937373e-2	3.54208906194034438237392294163e-4
3.880e-04	-1.03367063353442247289835800383e-2	3.59685484519736494675111519498e-4
3.890e-04	-1.03155425122774974740794158784e-2	3.65197600865260315177003827264e-4
3.900e-04	-1.02943675241749107261284969645e-2	3.70744980066533535056951329573e-4
3.910e-04	-1.02731810769951353728804368879e-2	3.76327347919919316314424496093e-4
3.920e-04	-1.02519828752875470049478742994e-2	3.81944434644512769666331349381e-4
3.930e-04	-1.02307726353591343364668318122e-2	3.87595969011867395278893959383e-4
3.940e-04	-1.02095500719286704331615712686e-2	3.93281684433553212840514745870e-4
3.950e-04	-1.01883149035855422967618680930e-2	3.99001316579865231653677871628e-4
3.960e-04	-1.01670668593617192086945604100e-2	4.04754600326353326426292653106e-4
3.970e-04	-1.01458056683204218049063113251e-2	4.10541274625635312002699908631e-4
3.980e-04	-1.01245310588657924307803211516e-2	4.16361082962953781729837280018e-4
3.990e-04	-1.01032427724798686585251658265e-2	4.22213766822601383695430471150e-4
4.000e-04	-1.00819405452171166823976200795e-2	4.28099074582945854154530668376e-4
4.010e-04	-1.00606241266910645291710403340e-2	4.34016752366616339602187812835e-4
4.020e-04	-1.00392932630776625945293650669e-2	4.39966552320417382243092445434e-4
4.030e-04	-1.00179477095046148926727308527e-2	4.45948226567297987286935745414e-4
4.040e-04	-9.99658721684431799080796676122e-3	4.51961533796821478878328954330e-4
4.050e-04	-9.97521155055956630476168787094e-3	4.58006229828933138042902070175e-4
4.060e-04	-9.95382047162434876693204178444e-3	4.64082077208337215350502147236e-4
4.070e-04	-9.93241374739446642014985663720e-3	4.70188839743148523673861306085e-4
4.080e-04	-9.91099114885863623956348746550e-3	4.76326283886258988622239407705e-4
4.090e-04	-9.88955245380105081808188568204e-3	4.82494177069355957473656565452e-4
4.100e-04	-9.86809743403642607494276085822e-3	4.88692294402133012041069507362e-4
4.110e-04	-9.84662587770622636017333216684e-3	4.94920406944999029416191692359e-4
4.120e-04	-9.82513757019935621536077285402e-3	5.01178291711477976899807299427e-4
4.130e-04	-9.80363229320659553185928159179e-3	5.07465732292063069982777346262e-4
4.140e-04	-9.78210984570698165790001826553e-3	5.13782507521540158272313179890e-4
4.150e-04	-9.76057001950906958403795215463e-3	5.20128404638787861231227057175e-4
4.160e-04	-9.73901261319961022764088085016e-3	5.26503211749320097391611303614e-4
4.170e-04	-9.71743743259204862097589264924e-3	5.32906717486828791382211965369e-4
4.180e-04	-9.69584427493117909520982918247e-3	5.39338719781820435492469162626e-4
4.190e-04	-9.67423296067733395797680604572e-3	5.45799008098337789452742485316e-4
4.200e-04	-9.65260328901899094892820598152e-3	5.52287388339020374195676735144e-4
4.210e-04	-9.63095508290729924197630661044e-3	5.58803657486495947228740858807e-4
4.220e-04	-9.60928815572078517994867410242e-3	5.65347622401873366029051381197e-4
4.230e-04	-9.58760232802737035389113818275e-3	5.71919090305598314352456895136e-4
4.240e-04	-9.56589742336935028665156725694e-3	5.78517871128533345794099411231e-4
4.250e-04	-9.54417327307670131552095345066e-3	5.85143774650626614479553678200e-4
4.260e-04	-9.52242970190690284740527285991e-3	5.91796618867924505779440670048e-4
4.270e-04	-9.50066654718739938039678183215e-3	5.98476218743150927355908065290e-4
4.280e-04	-9.47888363911434462527768686771e-3	6.05182397783361889043337176627e-4
4.290e-04	-9.45708081551174118917366499764e-3	6.11914979296329485104093208975e-4
4.300e-04	-9.43525791693817174369399102518e-3	6.18673789228127568002608911633e-4
4.310e-04	-9.41341479226081771118790388787e-3	6.25458652728558905510841458720e-4
4.320e-04	-9.39155128204675533262890178774e-3	6.32269404188480571387782668392e-4
4.330e-04	-9.36966724071702227103205125827e-3	6.39105873741193570961878673290e-4
4.340e-04	-9.34776251378192210780127763773e-3	6.45967901131341037213747853080e-4
4.350e-04	-9.32583695490708082567589976914e-3	6.52855325238796092132072405509e-4
4.360e-04	-9.30389042026271074807098868023e-3	6.59767987479368913807300441917e-4
4.370e-04	-9.28192277494457229186894644715e-3	6.66705727717079386290346698126e-4
4.380e-04	-9.25993388046957209488051657340e-3	6.73668392031480791031209939227e-4
4.390e-04	-9.23792358724407121413801806051e-3	6.80655837572590250153702179551e-4
4.400e-04	-9.21589177446848790079016031491e-3	6.87667907200849582902988828033e-4
4.410e-04	-9.19383831076464589248168423188e-3	6.94704454333472644365362365261e-4
4.420e-04	-9.17176305259183460514002989764e-3	7.01765344140518479456152279266e-4
4.430e-04	-9.14966589435081403393525593822e-3	7.08850421170163040172079410024e-4
4.440e-04	-9.12754668926402438513228383630e-3	7.15959560404750832070026052832e-4
4.450e-04	-9.10540532939561307902228844309e-3	7.23092615390654593141205201983e-4
4.460e-04	-9.08324168660903949253910354057e-3	7.30249456549991514232855890003e-4
4.470e-04	-9.06105565035263446155795971464e-3	7.37429946447716200978905333742e-4
4.480e-04	-9.03884709636048675318802811967e-3	7.44633960347204258927307101936e-4
4.490e-04	-9.01661591857636841354798126204e-3	7.51861365051574524303051561099e-4
4.500e-04	-8.99436199646263280179144164278e-3	7.59112040584209363619380916656e-4
4.510e-04	-8.97208521954048899631822922065e-3	7.66385863826004763329546302261e-4
4.520e-04	-8.94978548827236782058124202681e-3	7.73682707745521048523698072362e-4
4.530e-04	-8.92746268744748484978252321155e-3	7.81002459357192798807845261688e-4
4.540e-04	-8.90511672173512172899471580640e-3	7.88344995604729687402848581060e-4
4.550e-04	-8.88274747930875322180676537763e-3	7.95710208057740523962270760473e-4
4.560e-04	-8.86035485916007601602887813896e-3	8.03097984279740135549173278497e-4
4.570e-04	-8.83793877205948984566850248970e-3	8.10508206982056772796658043385e-4
4.580e-04	-8.81549912119085928064101501900e-3	8.17940767322333359028533000321e-4
4.590e-04	-8.79303580110083439920386328491e-3	8.25395565735295419857217790599e-4
4.600e-04	-8.77054871782335896763462876274e-3	8.32872497904116422893852698246e-4
4.610e-04	-8.74803778990551037922490284113e-3	8.40371453850187700253334949093e-4
4.620e-04	-8.72550291633377099142280255051e-3	8.47892340449938824699708609675e-4
4.630e-04	-8.70294400812068512791791967160e-3	8.55435059236573564455752038855e-4
4.640e-04	-8.68036100088398075798899358968e-3	8.62999497228128231327122686683e-4
4.650e-04	-8.65775377499966647590028161982e-3	8.70585583789470902755156658846e-4
4.660e-04	-8.63512226945637570854190071919e-3	8.78193209469334152125560132625e-4
4.670e-04	-8.61246640223733233188199312147e-3	8.85822282667676472284759902085e-4
4.680e-04	-8.58978608039556756466487014584e-3	8.93472722604192502553932281079e-4
4.690e-04	-8.56708122418799736121287448224e-3	9.01144441883713251173457799123e-4
4.700e-04	-8.54435176825959434360387322060e-3	9.08837345429610010466777422107e-4
4.710e-04	-8.52159762329725209733283872560e-3	9.16551358382938746746851444421e-4
4.720e-04	-8.49881872728421070781778412280e-3	9.24286388690447738800378181253e-4
4.730e-04	-8.47601500690559906143000343199e-3	9.32042355220200731887157534355e-4
4.740e-04	-8.45318637624194260868788378151e-3	9.39819188859953818772549481658e-4
4.750e-04	-8.43033276389478629819619393862e-3	9.47616812487646477666610530694e-4
4.760e-04	-8.40745411428491706830995353678e-3	9.55435139791084604046451873268e-4
4.770e-04	-8.38455034463176819385539411175e-3	9.63274107259384773892248834281e-4
4.780e-04	-8.36162140246160622843444602447e-3	9.71133631300231132896358597100e-4
4.790e-04	-8.33866722231566617139519345942e-3	9.79013640471378546783477883801e-4
4.800e-04	-8.31568770868363990809648424530e-3	9.86914088534883705217165201242e-4
4.810e-04	-8.29268284462025807333366104722e-3	9.94834872379467212773215301657e-4
4.820e-04	-8.26965253671560074088006764695e-3	1.00277594906048449783282992200e-3
4.830e-04	-8.24659672342409587342068368170e-3	1.01073725397935895591958677071e-3
4.840e-04	-8.22351536116976479781903832911e-3	1.01871871111632377948833747204e-3
4.850e-04	-8.20040839157492986549687715158e-3	1.02672025798330444857818554178e-3
4.860e-04	-8.17727573991550543855175278105e-3	1.03474184697444166882046658929e-3
4.870e-04	-8.15411734907242477489369679780e-3	1.04278341927979701801302931806e-3
4.880e-04	-8.13093318108093694481772772127e-3	1.05084490345206355023860506238e-3
4.890e-04	-8.10772318188640281887651876887e-3	1.05892624258703058319698925735e-3
4.900e-04	-8.08448727971276327512609461657e-3	1.06702739576627316944168148834e-3
4.910e-04	-8.06122544065772921501740965215e-3	1.07514829472267357784880315689e-3
4.920e-04	-8.03793759428130574817522517732e-3	1.08328890180104278832812105494e-3
4.930e-04	-8.01462370931715175083924393798e-3	1.09144915074642426906155950878e-3
4.940e-04	-7.99128371657165443939392485221e-3	1.09962900711631352151061484683e-3
4.950e-04	-7.96791758736314239717303165722e-3	1.10782840657942331526825294707e-3
4.960e-04	-7.94452525365641513891556344384e-3	1.11604731785765254087260319246e-3
4.970e-04	-7.92110668930569688222388858634e-3	1.12428567845626745743243505241e-3
4.980e-04	-7.89766184893284067968187144990e-3	1.13254344298277294667522705764e-3
4.990e-04	-7.87419066608662268517959029129e-3	1.14082058481210559252287071084e-3
5.000e-04	-7.85069311834628462507115195996e-3	1.14911704403630982647905698376e-3
5.010e-04	-7.82716914020675122618034087161e-3	1.15743279708341763274837242914e-3
5.020e-04	-7.80361871167168330654754709665e-3	1.16576778567022920965033246827e-3
5.030e-04	-7.78004176809968557559083490899e-3	1.17412198923750837295819346051e-3
5.040e-04	-7.75643829187842602160157329238e-3	1.18249535104438150309504839349e-3
5.050e-04	-7.73280824346619735922407448049e-3	1.19088783373367351797100372510e-3
5.060e-04	-7.70915155937390293940206187097e-3	1.19929942118583093338572001051e-3
5.070e-04	-7.68546820035698327727884524186e-3	1.20773007936150784492427688860e-3
5.080e-04	-7.66175817902639501922805475449e-3	1.21617973341795866208902369668e-3
5.090e-04	-7.63802140813971865022568172936e-3	1.22464839175388517979716443006e-3
5.100e-04	-7.61425785060383687457962784057e-3	1.23313602351121193826924079843e-3
5.110e-04	-7.59046749687222223339937134447e-3	1.24164257670819055468994872964e-3
5.120e-04	-7.56665031252980811507009873432e-3	1.25016802130381313097189681303e-3
5.130e-04	-7.54280623608368553156797953734e-3	1.25871235125527188967255110950e-3
5.140e-04	-7.51893526132934707093932071351e-3	1.26727551632372680645176458595e-3
5.150e-04	-7.49503732717178196162727584142e-3	1.27585751328243715472408320236e-3
5.160e-04	-7.47111242959404006521568422330e-3	1.28445829296628140914842526164e-3
5.170e-04	-7.44716053745160473150837951276e-3	1.29307783015731870721195959865e-3
5.180e-04	-7.42318159011768983038563377106e-3	1.30171612579693774852047768135e-3
5.190e-04	-7.39917558681865258519796532147e-3	1.31037313218245008040870724961e-3
5.200e-04	-7.37514246714367921101975566228e-3	1.31904885301225205085009512838e-3
5.210e-04	-7.35108223244682868101459123999e-3	1.32774324147399562833973804461e-3
5.220e-04	-7.32699485455390506353714341931e-3	1.33645627686753600192127917038e-3
5.230e-04	-7.30288027325436655181277366242e-3	1.34518796698015122657715948476e-3
5.240e-04	-7.27873849306544523475815423366e-3	1.35393826619099649858391649754e-3
5.250e-04	-7.25456945381637756187719466981e-3	1.36270718499835823288498802045e-3
5.260e-04	-7.23037316210433181807301210494e-3	1.37149467849440399274768308157e-3
5.270e-04	-7.20614959244759686285811393329e-3	1.38030073021529044588908251453e-3
5.280e-04	-7.18189868461568379387803775232e-3	1.38912535468825722185270155748e-3
5.290e-04	-7.15762044830656498935904222463e-3	1.39796850793458782856083508001e-3
5.300e-04	-7.13331485953331949125689518920e-3	1.40683017590228378375551980753e-3
5.310e-04	-7.10898185785356845143245464043e-3	1.41571037712013439916869902338e-3
5.320e-04	-7.08462145603666871819831803328e-3	1.42460906838493251862300018700e-3
5.330e-04	-7.06023359340823820700307264110e-3	1.43352627088885470152145390012e-3
5.340e-04	-7.03581832344650650094387676824e-3	1.44246190837783448946564555907e-3
5.350e-04	-7.01137550841012177304248290944e-3	1.45141607110521165086614425898e-3
5.360e-04	-6.98690524308630307462164409036e-3	1.46038864910715914226082208503e-3
5.370e-04	-6.96240742747847685255588605048e-3	1.46937970235151901418469318620e-3
5.380e-04	-6.93788203933014278436969137820e-3	1.47838922458245305484499020071e-3
5.390e-04	-6.91332914021111272298736114081e-3	1.48741713738077967533473963143e-3
5.400e-04	-6.88874862766140082627533072383e-3	1.49646350642963464446714977163e-3
5.410e-04	-6.86414048054690497750429492708e-3	1.50552832765245980475863292007e-3
5.420e-04	-6.83950476537286044495301621395e-3	1.51461152103501471569015023507e-3
5.430e-04	-6.81484137700350073309756425074e-3	1.52371315804510696901937568722e-3
5.440e-04	-6.79015029535055503334878494752e-3	1.53283323671440312986996604008e-3
5.450e-04	-6.76543154628132648653617052118e-3	1.54197171549696357301012485261e-3
5.460e-04	-6.74068511237071070805089090630e-3	1.55112859182535716122837847853e-3
5.470e-04	-6.71591097654200968532209738245e-3	1.56030386377138261721674644723e-3
5.480e-04	-6.69110907435603787242007628203e-3	1.56949757234793796734289203340e-3
5.490e-04	-6.66627943570612467134892217938e-3	1.57870967595918990016926422367e-3
5.500e-04	-6.64142204449251785358929988996e-3	1.58794017457613492548989831378e-3
5.510e-04	-6.61653683509196694702076934532e-3	1.59718911319589916779636490310e-3
5.520e-04	-6.59162384041954659706736229907e-3	1.60645645002710332523177692477e-3
5.530e-04	-6.56668299397475740589270887853e-3	1.61574223274370831306536534650e-3
5.540e-04	-6.54171433068564347802075245129e-3	1.62504641935512138813870104938e-3
5.550e-04	-6.51671783592905892816721181035e-3	1.63436901287039274837843432868e-3
5.560e-04	-6.49169349536694619301224122100e-3	1.64371001687599066687479088052e-3
5.570e-04	-6.46664124058151413597892737615e-3	1.65306948440711724540828195568e-3
5.580e-04	-6.44156111057690182011020348439e-3	1.66244737286115698746921678526e-3
5.590e-04	-6.41645309180539365606066144272e-3	1.67184368754748750957553116407e-3
5.600e-04	-6.39131711424015503973478532395e-3	1.68125848556605937865167288684e-3
5.610e-04	-6.36615321996203362924813678745e-3	1.69069172370073866014292743843e-3
5.620e-04	-6.34096139615673557518614758908e-3	1.70014340893153817963385296804e-3
5.630e-04	-6.31574157104676872848148481500e-3	1.70961360246173641898967428786e-3
5.640e-04	-6.29049378981813837321808781813e-3	1.71910226032343939277914373331e-3
5.650e-04	-6.26521804033546473772448853072e-3	1.72860939111804762706950497014e-3
5.660e-04	-6.23991424892863092698641357124e-3	1.73813506019655241326099579769e-3
5.670e-04	-6.21458246392223910129199355749e-3	1.74767922270124071235409664988e-3
5.680e-04	-6.18922267380760083781754733836e-3	1.75724188880855683942698719091e-3
5.690e-04	-6.16383480287943692651314297931e-3	1.76682312806736536997841302442e-3
5.700e-04	-6.13841890263934122631550032899e-3	1.77642289459204923505031240682e-3
5.710e-04	-6.11297496215525679989658167780e-3	1.78604120009053845259497838269e-3
5.720e-04	-6.08750297068677608519415675592e-3	1.79567805676128677819432292262e-3
5.730e-04	-6.06200284960356087975455208331e-3	1.80533353982623162557319757886e-3
5.740e-04	-6.03647465472152046863037779242e-3	1.81500760180331022209804567295e-3
5.750e-04	-6.01091837581371292517803517666e-3	1.82470025636809255735044678333e-3
5.760e-04	-5.98533393188043745711463112453e-3	1.83441158307806074249972855479e-3
5.770e-04	-5.95972138202244359097729177185e-3	1.84414153310056004643674301808e-3
5.780e-04	-5.93408071648081376138310220563e-3	1.85389012155077300224525998394e-3
5.790e-04	-5.90841185174063977673083330408e-3	1.86365743239089772203958588214e-3
5.800e-04	-5.88271492516797444766096776249e-3	1.87344334589496987964503078583e-3
5.810e-04	-5.85698977860054572751468560519e-3	1.88324801636064844982090627196e-3
5.820e-04	-5.83123639977563765578188690379e-3	1.89307146384170495189290005349e-3
5.830e-04	-5.80545485453129664727858199967e-3	1.90291363638593077892489595005e-3
5.840e-04	-5.77964521300808953379199146547e-3	1.91277447829327927098947129570e-3
5.850e-04	-5.75380722910635936688052806663e-3	1.92265422866765586205606686459e-3
5.860e-04	-5.72794113140786021115551838708e-3	1.93255268549875266833940640783e-3
5.870e-04	-5.70204674990210330302864820810e-3	1.94247001843793426590395095423e-3
5.880e-04	-5.67612415626066353861089136881e-3	1.95240617247609575679955015698e-3
5.890e-04	-5.65017334210453240768836239852e-3	1.96236116769847713194644425961e-3
5.900e-04	-5.62419421345599888396864433909e-3	1.97233510486830152843067389456e-3
5.910e-04	-5.59818684556634998679113530806e-3	1.98232792696740282350451961465e-3
5.920e-04	-5.57215123033569333143929282877e-3	1.99233965537520873721566728550e-3
5.930e-04	-5.54608727057227022525567191431e-3	2.00237039565411730090310468073e-3
5.940e-04	-5.51999513556094071158088401787e-3	2.01242000366201423304482676154e-3
5.950e-04	-5.49387463789160450715894510701e-3	2.02248867077407184048089049895e-3
5.960e-04	-5.46772576619303071379318346208e-3	2.03257642368130738653000280937e-3
5.970e-04	-5.44154869712925634655856391017e-3	2.04268311226050346785233468048e-3
5.980e-04	-5.41534323625683675488692990847e-3	2.05280893645199866291022341218e-3
5.990e-04	-5.38910946879060672035725000079e-3	2.06295383313810249340585551069e-3
6.000e-04	-5.36284738722747094188807224383e-3	2.07311782700382727532623664116e-3
6.010e-04	-5.33655688506755488950358833779e-3	2.08330103688596278743038291909e-3
6.020e-04	-5.31023805141133784227782345168e-3	2.09350339711807188463393791629e-3
6.030e-04	-5.28389087890818080269871417714e-3	2.10372493359600581726781528849e-3
6.040e-04	-5.25751536026522942672122706885e-3	2.11396567260027027233067735046e-3
6.050e-04	-5.23111138389965586818802763470e-3	2.12422573990612974158671861754e-3
6.060e-04	-5.20467904425661593047792749911e-3	2.13450506619624568645047820738e-3
6.070e-04	-5.17821833415366539823742763571e-3	2.14480367893749221047655180495e-3
6.080e-04	-5.15172913799040816957438236786e-3	2.15512170926472258729056929622e-3
6.090e-04	-5.12521166419423218080144678198e-3	2.16545898023583432227430806826e-3
6.100e-04	-5.09866568734837256775120183403e-3	2.17581572848100122972735317831e-3
6.110e-04	-5.07209130884783343595300279157e-3	2.18619187971675728176405368373e-3
6.120e-04	-5.04548840748793009413935534266e-3	2.19658757240945803936762198236e-3
6.130e-04	-5.01885720313570609815249364166e-3	2.20700261961486731682029895690e-3
6.140e-04	-4.99219745897403525489972051681e-3	2.21743727114588907078036203081e-3
6.150e-04	-4.96550916354929665513522386952e-3	2.22789156205101036479646789668e-3
6.160e-04	-4.93879254560049721739870944799e-3	2.23836529752934908794088085540e-3
6.170e-04	-4.91204735937349730934866514142e-3	2.24885873763440915727832078938e-3
6.180e-04	-4.88527371648645276037614823603e-3	2.25937180040968725080829702048e-3
6.190e-04	-4.85847160994996090147450945923e-3	2.26990451787151636963831133723e-3
6.200e-04	-4.83164103278333420078148983799e-3	2.28045692239329053416124864728e-3
6.210e-04	-4.80478185004080838212810274750e-3	2.29102916984051106961992385968e-3
6.220e-04	-4.77789417948493005865334717768e-3	2.30162117345923605677908738772e-3
6.230e-04	-4.75097801409373548255426254630e-3	2.31223296673967477611241376377e-3
6.240e-04	-4.72403334684297382356682068819e-3	2.32286458352434108800483985388e-3
6.250e-04	-4.69706003614537676948212364877e-3	2.33351618785818845948301667309e-3
6.260e-04	-4.67005834239085627642522146270e-3	2.34418755630599411167444661667e-3
6.270e-04	-4.64302784972618822854037378973e-3	2.35487911855031267603372077461e-3
6.280e-04	-4.61596895979163542599474744558e-3	2.36559051515384685474496186403e-3
6.290e-04	-4.58888152920793625546769893468e-3	2.37632191333871274707370234212e-3
6.300e-04	-4.56176540762207386041036874446e-3	2.38707348777237006458527442694e-3
6.310e-04	-4.53462072750305796630043211326e-3	2.39784513976103784811919062865e-3
6.320e-04	-4.50744748160585433320265846932e-3	2.40863690604395773006831565718e-3
6.330e-04	-4.48024551403021826994160491340e-3	2.41944896791972162959464673106e-3
6.340e-04	-4.45301511289265967676177969145e-3	2.43028107627014953544401709662e-3
6.350e-04	-4.42575597171842190531474222475e-3	2.44113355922368746347889495984e-3
6.360e-04	-4.39846823171786440636558215499e-3	2.45200631073833522025880277450e-3
6.370e-04	-4.37115172929627208803385243330e-3	2.46289952121947966259408519533e-3
6.380e-04	-4.34380676731434558934050080721e-3	2.47381292771354606064621047900e-3
6.390e-04	-4.31643302398899407259187103844e-3	2.48474687521449341062464236772e-3
6.400e-04	-4.28903064782527405896490272843e-3	2.49570125143332766182330687928e-3
6.410e-04	-4.26159963114349815055999513033e-3	2.50667609631174730532357899670e-3
6.420e-04	-4.23413980021780795825212370066e-3	2.51767161210566000113707724285e-3
6.430e-04	-4.20665130919942823902407883856e-3	2.52868768162940360975975174208e-3
6.440e-04	-4.17913415019761171848613713282e-3	2.53972434590989372899011596498e-3
6.450e-04	-4.15158831526772501072467426674e-3	2.55078164631348429092843526163e-3
6.460e-04	-4.12401379640918494982084945633e-3	2.56185962454563189081426439571e-3
6.470e-04	-4.09641040915297489901602609610e-3	2.57295849528199625124424874366e-3
6.480e-04	-4.06877849605365539533821220087e-3	2.58407795784217017082826155138e-3
6.490e-04	-4.04111769391323703734073070649e-3	2.59521840246017612597511675861e-3
6.500e-04	-4.01342817082905503423679008217e-3	2.60637969963503008929789563777e-3
6.510e-04	-3.98570973326862334286226744362e-3	2.61756207442222972035517884630e-3
6.520e-04	-3.95796255344535970745466227596e-3	2.62876539364478582746443742854e-3
6.530e-04	-3.93018681243911073034089073263e-3	2.63998951530724021540802196235e-3
6.540e-04	-3.90238212453997135317767724854e-3	2.65123485404904310250480943424e-3
6.550e-04	-3.87454847412478766962797405829e-3	2.66250146182512152632209498485e-3
6.560e-04	-3.84668623860043929765652493084e-3	2.67378900438758801065866284532e-3
6.570e-04	-3.81879501810788934931841273503e-3	2.68509791166099882148208610460e-3
6.580e-04	-3.79087499787836888742080303527e-3	2.69642803869669636723522854501e-3
6.590e-04	-3.76292616877563165119118770144e-3	2.70777943183138506183543113907e-3
6.600e-04	-3.73494852157740897234165117367e-3	2.71915213774289748747114740029e-3
6.610e-04	-3.70694204697354278565024449747e-3	2.73054620345041618246488248912e-3
6.620e-04	-3.67890652432602198215221887353e-3	2.74196188464873679743844233037e-3
6.630e-04	-3.65084215032782628515517970706e-3	2.75339902589235785603069834936e-3
6.640e-04	-3.62274891531474964395953225477e-3	2.76485767530854400984931873858e-3
6.650e-04	-3.59462680952632021533813264106e-3	2.77633788136818654673265546524e-3
6.660e-04	-3.56647560158526530258824834410e-3	2.78783991177129002912658273307e-3
6.670e-04	-3.53829549777403346243745863157e-3	2.79936360221039202944757499950e-3
6.680e-04	-3.51008671477846828417003779888e-3	2.81090877793910487577716618751e-3
6.690e-04	-3.48184856186466416429626303224e-3	2.82247616190420400604804913513e-3
6.700e-04	-3.45358170916510523860937726134e-3	2.83406513137958996607446653681e-3
6.710e-04	-3.42528591938893790956787852619e-3	2.84567596133344447912940122343e-3
6.720e-04	-3.39696094417298928997842912984e-3	2.85730893834051728679381575813e-3
6.730e-04	-3.36860700499711142300140553640e-3	2.86896388391559288080306915240e-3
6.740e-04	-3.34022409097596536577796026773e-3	2.88064084982842152400982237100e-3
6.750e-04	-3.31181219110781878731496318131e-3	2.89233988820021293376727605191e-3
6.760e-04	-3.28337104503342663330048259328e-3	2.90406129886128828949133354568e-3
6.770e-04	-3.25490113705581058343270647087e-3	2.91580464294143727162245612738e-3
6.780e-04	-3.22640195433235210547779425609e-3	2.92757047142075682869098191753e-3
6.790e-04	-3.19787373452454664162938570323e-3	2.93935859057370501032095748501e-3
6.800e-04	-3.16931646592815219361421512326e-3	2.95116905438843034624199895730e-3
6.810e-04	-3.14072987245525782803720252162e-3	2.96300218000229450714264306917e-3
6.820e-04	-3.11211446755672806846140044987e-3	2.97485749972205709098297397541e-3
6.830e-04	-3.08346970745941174123901875227e-3	2.98673559745287673119263965071e-3
6.840e-04	-3.05479584409351739689587127497e-3	2.99863626592990786640280507632e-3
6.850e-04	-3.02609286499732138955452931947e-3	3.01055956104287270495833434260e-3
6.860e-04	-2.99736075757094743223460232597e-3	3.02250553904565986423363425176e-3
6.870e-04	-2.96859922570489767165771807122e-3	3.03447453900587068889911487816e-3
6.880e-04	-2.93980853327538302222527222629e-3	3.04646634226273894307823921050e-3
6.890e-04	-2.91098895717655777433607090733e-3	3.05848071698461940869892240657e-3
6.900e-04	-2.88213961406639050897527082912e-3	3.07051858887966821705072466574e-3
6.910e-04	-2.85326136058912299928562839683e-3	3.08257914827338863135447046332e-3
6.920e-04	-2.82435389314929737252113957390e-3	3.09466274303367215892732021367e-3
6.930e-04	-2.79541689426617142032605416766e-3	3.10676973553490966401938296825e-3
6.940e-04	-2.76645095405154243250796582073e-3	3.11889958187808925186995585459e-3
6.950e-04	-2.73745544735821414935739459539e-3	3.13105295232259289011525535789e-3
6.960e-04	-2.70843034918843999049533123167e-3	3.14322991807448786066209097048e-3
6.970e-04	-2.67937627034332647400051216579e-3	3.15542991459083006372983412727e-3
6.980e-04	-2.65029288534881993698535243186e-3	3.16765331355881840646790424017e-3
6.990e-04	-2.62117985392375850355793113006e-3	3.17990050212649535560038161976e-3
7.000e-04	-2.59203747908949913265753876312e-3	3.19217122396493774095289319226e-3
7.010e-04	-2.56286574560688161719875576376e-3	3.20446554131620271955825026619e-3
7.020e-04	-2.53366463806599635648895829779e-3	3.21678351681342057061679632952e-3
7.030e-04	-2.50443414088437745812064075264e-3	3.22912521348250533901693872086e-3
7.040e-04	-2.47517389359801395382711504645e-3	3.24149104033623110705433736522e-3
7.050e-04	-2.44588421704839085793428033773e-3	3.25388072377150710308330716262e-3
7.060e-04	-2.41656544768914227380873940943e-3	3.26629397431678535122540838110e-3
7.070e-04	-2.38721686777936161413279795407e-3	3.27873156017205513260168504989e-3
7.080e-04	-2.35783844855850485338099817117e-3	3.29119355901681717534486527554e-3
7.090e-04	-2.32843089077953257456203335099e-3	3.30367931624471194869990809325e-3
7.100e-04	-2.29899382072780705111069310132e-3	3.31618925581038716090331526316e-3
7.110e-04	-2.26952684784999377982500807430e-3	3.32872381923782306939929847782e-3
7.120e-04	-2.24003031963879435231522125756e-3	3.34128270696972557235480770329e-3
7.130e-04	-2.21050421841566097016188880291e-3	3.35386598634256065073057953175e-3
7.140e-04	-2.18094852630568576695891109626e-3	3.36647372511048049979638962208e-3
7.150e-04	-2.15136283445359345982282160755e-3	3.37910638452822892964717554288e-3
7.160e-04	-2.12174790169058318516150918387e-3	3.39176325162932221487108577515e-3
7.170e-04	-2.09210292341547770664398052320e-3	3.40444518630029897448238589628e-3
7.180e-04	-2.06242827158928282388291127531e-3	3.41715186505474977637381872892e-3
7.190e-04	-2.03272392718296921703244197629e-3	3.42988335791796248261792459058e-3
7.200e-04	-2.00298987095758315045487106277e-3	3.44263973534858088829971129649e-3
7.210e-04	-1.97322608346225473288315637088e-3	3.45542106824103065160717398644e-3
7.220e-04	-1.94343212197287235945436006505e-3	3.46822785430258864202412884986e-3
7.230e-04	-1.91360880792129697115031791111e-3	3.48105931751683159037116058004e-3
7.240e-04	-1.88375527017411147182315866907e-3	3.49391638792341746011227186292e-3
7.250e-04	-1.85387191131927191623318647037e-3	3.50679871196944360185692959700e-3
7.260e-04	-1.82395871066128035362274673007e-3	3.51970636292732476108582237656e-3
7.270e-04	-1.79401519963161073382237631409e-3	3.53263986627354184019417494222e-3
7.280e-04	-1.76404224730063534633888109739e-3	3.54559839792624379584925745376e-3
7.290e-04	-1.73403893180462190165418033773e-3	3.55858294138626894220402611956e-3
7.300e-04	-1.70400614206284102531071146229e-3	3.57159265252307646677502909704e-3
7.310e-04	-1.67394293521486311475478932781e-3	3.58462853696007681078114272115e-3
7.320e-04	-1.64384974686723140039711858763e-3	3.59769020861311167062701926505e-3
7.330e-04	-1.61372607558087003735540999656e-3	3.61077822823536541042296479145e-3
7.340e-04	-1.58357285110459015105245850092e-3	3.62389171042725421079261551431e-3
7.350e-04	-1.55338908702573248942739931997e-3	3.63703170669021449602622706202e-3
7.360e-04	-1.52317573426781360260720268215e-3	3.65019731020224447409535442043e-3
7.370e-04	-1.49293178401888833851027159320e-3	3.66338959605828771982360408723e-3
7.380e-04	-1.46265770221027553052440696950e-3	3.67660814820877473213781974063e-3
7.390e-04	-1.43235346467651188984663772211e-3	3.68985304642316940764508772524e-3
7.400e-04	-1.40201904699250782694683805088e-3	3.70312437096848501174163100243e-3
7.410e-04	-1.37165390052039313263879575984e-3	3.71642273319171167420801348566e-3
7.420e-04	-1.34125904231376980628565438997e-3	3.72974715930354981952661810579e-3
7.430e-04	-1.31083339322015286359570370212e-3	3.74309879848079868217615911026e-3
7.440e-04	-1.28037745151427084846122002491e-3	3.75647720263306901880222041258e-3
7.450e-04	-1.24989119124576385855534772080e-3	3.76988245476673666588401960649e-3
7.460e-04	-1.21937458618747134578139178609e-3	3.78331463840953250265104444376e-3
7.470e-04	-1.18882704948304860910782715038e-3	3.79677440583769752054827971951e-3
7.480e-04	-1.15824966875124728552240584386e-3	3.81026071169663618870344032139e-3
7.490e-04	-1.12764128978114444067482085552e-3	3.82377478421053477227298974389e-3
7.500e-04	-1.09700302481477083808967804327e-3	3.83731555302629061980974690610e-3
7.510e-04	-1.06633369359773651528734942737e-3	3.85088427379759625908666695020e-3
7.520e-04	-1.03563384099580598020609827494e-3	3.86448045214909436673060621005e-3
7.530e-04	-1.00490283937821057434299214300e-3	3.87810478400075721849536876691e-3
7.540e-04	-9.74141851649599938066589869377e-4	3.89175614753441198957696384773e-3
7.550e-04	-9.43350256220630672845729372519e-4	3.90543523290540108924469040698e-3
7.560e-04	-9.12527404171692892433445534148e-4	3.91914275881714993625851979929e-3
7.570e-04	-8.81673871519309877301184193758e-4	3.93287819987980713401854539212e-3
7.580e-04	-8.50789628064318196811659202641e-4	3.94664164665039678393848679042e-3
7.590e-04	-8.19874643289704513781753191208e-4	3.96043319026643326117741121360e-3
7.600e-04	-7.88928886357663187713640111606e-4	3.97425292245043559024296351659e-3
7.610e-04	-7.57952326106623693007456777512e-4	3.98810093551450270478897411468e-3
7.620e-04	-7.26944268667519524318331295607e-4	4.00197799625460408621135149755e-3
7.630e-04	-6.95905999581800346686576679565e-4	4.01588285807078923086712741082e-3
7.640e-04	-6.64836154362136737945440605589e-4	4.02981697070695440250581595944e-3
7.650e-04	-6.33735362662964703023679180461e-4	4.04377975524270263049128787495e-3
7.660e-04	-6.02603591415423513993799407551e-4	4.05777130726445178085099149429e-3
7.670e-04	-5.71440807204865613737597125251e-4	4.07179172298079748162481168243e-3
7.680e-04	-5.40246976267603486905550319532e-4	4.08584109922759742157860328432e-3
7.690e-04	-5.09021348494655523152038765708e-4	4.09992026297226294317327578359e-3
7.700e-04	-4.77765313410893579742683291487e-4	4.11402786161479082734703427119e-3
7.710e-04	-4.46477396022669743841690131334e-4	4.12816546139203079288494205001e-3
7.720e-04	-4.15158276870366499173715398587e-4	4.14233243247569219548409252825e-3
7.730e-04	-3.83807920131742460769513168512e-4	4.15652887519449830599281601112e-3
7.740e-04	-3.52426289611360822291157921287e-4	4.17075489054062391720589410450e-3
7.750e-04	-3.21013348737011637608984354980e-4	4.18501058017534726541490958776e-3
7.760e-04	-2.89569060556092240365371827638e-4	4.19929604643477859188831611942e-3
7.770e-04	-2.58092605235042194546506265402e-4	4.21361219090147997769693854319e-3
7.780e-04	-2.26585501323986723713408986195e-4	4.22795752920957849058696696081e-3
7.790e-04	-1.95046136787964410518778105301e-4	4.24233377216619650195119396381e-3
7.800e-04	-1.63475255327941576107708443027e-4	4.25674022660104059396693110973e-3
7.810e-04	-1.31872817744613693025699447242e-4	4.27117699861892398579398362022e-3
7.820e-04	-1.00238784431355715126720968827e-4	4.28564419504024073493617227953e-3
7.830e-04	-6.85731153702209108994549296539e-5	4.30014192340733959852742404504e-3
7.840e-04	-3.68749244538667393678965774853e-5	4.31467115625717486505503778370e-3
7.850e-04	-5.14585275874556286660471639726e-6	4.32923028386569976324783382170e-3
7.860e-04	2.66158419821905413225479272275e-5	4.34382115455190336813637195804e-3
7.870e-04	5.84093561084357357945956646835e-5	4.35844301487340803474683542350e-3
7.880e-04	9.02347320702377918991386445198e-5	4.37309597641430153660089839212e-3
7.890e-04	1.22092012758959912220237704712e-4	4.38778015152595099696204394092e-3
7.900e-04	1.53981241511522483316643226938e-4	4.40249565333410362566780374233e-3
7.910e-04	1.85902462114902389047625786507e-4	4.41724259574608619420723063401e-3
7.920e-04	2.17856642923174603332157643105e-4	4.43202203941744675310633289682e-3
7.930e-04	2.49841990701738464186662880339e-4	4.44683221864875939961288461747e-3
7.940e-04	2.81860409375981737886848845566e-4	4.46167515264292471886437942499e-3
7.950e-04	3.13910065443493751127605075630e-4	4.47654903436538678904444752172e-3
7.960e-04	3.45992905430760030684332569584e-4	4.49145592808838728216114505296e-3
7.970e-04	3.78108031446265649809747552281e-4	4.50639498538281230971005589108e-3
7.980e-04	4.10256478583914752225379187351e-4	4.52136733847067482221425281741e-3
7.990e-04	4.42436330423723553810139255007e-4	4.53637109514558619790234257632e-3
8.000e-04	4.74648612167120952985894920054e-4	4.55140737797556832253389667818e-3
8.010e-04	5.06894393808618470097078244297e-4	4.56647735663347252014362560343e-3
8.020e-04	5.39171694001871879905347520545e-4	4.58157907214631491232501066181e-3
8.030e-04	5.71482616484029165291247535912e-4	4.59671475524742663152662730603e-3
8.040e-04	6.03826191025436591303152288000e-4	4.61188348439728404846399878654e-3
8.050e-04	6.36202469001630949507238470656e-4	4.62708538614230025747016030683e-3
8.060e-04	6.68611502325399364774174225798e-4	4.64232058780633480712594008901e-3
8.070e-04	7.01053343452555078726839511481e-4	4.65758921777703057219122130351e-3
8.080e-04	7.33529148909831605378790440046e-4	4.67289253865921311238715944912e-3
8.090e-04	7.66036777515413290851181352259e-4	4.68822842689084597676849569216e-3
8.100e-04	7.98578503035377693844138990313e-4	4.70359929349808035942746721407e-3
8.110e-04	8.31152136153398885953758066862e-4	4.71900296528266145844003260105e-3
8.120e-04	8.63760001595071998495370148771e-4	4.73444190735946405336558301593e-3
8.130e-04	8.96401027334061071336505945972e-4	4.74991509502609308997595932247e-3
8.140e-04	9.29075270227231650175656385591e-4	4.76542266383456053520542508133e-3
8.150e-04	9.61782787730560516258628650523e-4	4.78096475034875640720311431290e-3
8.160e-04	9.94524843947573433670361487383e-4	4.79654273287663548346563370046e-3
8.170e-04	1.02729909893593685134602376735e-3	4.81215428271969916648362928791e-3
8.180e-04	1.06010680471428899666557463720e-3	4.82780076630038838816102514735e-3
8.190e-04	1.09294926812892952116681477874e-3	4.84348360795397188604654245851e-3
8.200e-04	1.12582533068667880133735085473e-3	4.85920169511846873273208880662e-3
8.210e-04	1.15873505405105045637206620096e-3	4.87495517116480668377876452512e-3
8.220e-04	1.19167850054114596935441569953e-3	4.89074418056246961701072790660e-3
8.230e-04	1.22465573313921148530167306362e-3	4.90656886889151029560351306247e-3
8.240e-04	1.25766681549831110919027766572e-3	4.92242938285474730394007200189e-3
8.250e-04	1.29071181195011899768966773316e-3	4.93832587029014955956198637860e-3
8.260e-04	1.32379213548705242818680995183e-3	4.95425986997417209492024202961e-3
8.270e-04	1.35690517095982595921815851287e-3	4.97022876834333912850199832984e-3
8.280e-04	1.39005369619268338517111064639e-3	4.98623551257403630880807552123e-3
8.290e-04	1.42323643085466644100378237622e-3	5.00227886594174873455155681571e-3
8.300e-04	1.45645203386436509326940281634e-3	5.01835752822184667620678656948e-3
8.310e-04	1.48970337741946493484409540822e-3	5.03447454725446222750292234249e-3
8.320e-04	1.52298913755640079146992561541e-3	5.05062864174115638658539771490e-3
8.330e-04	1.55631084231753010442036033990e-3	5.06682147473352453810501586873e-3
8.340e-04	1.58966566455633664013825550273e-3	5.08305021260163681530404699766e-3
8.350e-04	1.62305511767823089887588880285e-3	5.09931650389487163180124970891e-3
8.360e-04	1.65648078172117546614506975143e-3	5.11562206791021167346753499374e-3
8.370e-04	1.68993973310282896500421099947e-3	5.13196397072015898756301794096e-3
8.380e-04	1.72343507791510687915611334223e-3	5.14834551005143759486023678745e-3
8.390e-04	1.75696538496394167972913245906e-3	5.16476529488572618827868596206e-3
8.400e-04	1.79053073099855509246915284058e-3	5.18122349304031094037011937213e-3
8.410e-04	1.82413119360987112259255468959e-3	5.19772027371758038538872006190e-3
8.420e-04	1.85776685124110155255176843398e-3	5.21425580752165010997442895719e-3
8.430e-04	1.89143778319850959285504018581e-3	5.23083026647526160307658158926e-3
8.440e-04	1.92514571803872590640409289757e-3	5.24744553081773112692363388613e-3
8.450e-04	1.95888745865709266934301456241e-3	5.26409838157390386982759258378e-3
8.460e-04	1.99266640282253606236500233427e-3	5.28079242887684403561705177662e-3
8.470e-04	2.02647928082345561556816488887e-3	5.29752437792998659870627893336e-3
8.480e-04	2.06032956754863578071582452223e-3	5.31429792161018156875564699571e-3
8.490e-04	2.09421566259184647792133753962e-3	5.33111149515073936174629879436e-3
8.500e-04	2.12813765230125729708367382943e-3	5.34796528175278822743304983846e-3
8.510e-04	2.16209562399275537868722844551e-3	5.36485946619534927736350964519e-3
8.520e-04	2.19608966596271292372943455743e-3	5.38179423485523887764314637284e-3
8.530e-04	2.23012169144470390355857608949e-3	5.39877166868723849873432326591e-3
8.540e-04	2.26418816351244683234660461052e-3	5.41578819336279217434436358242e-3
8.550e-04	2.29829097700324278256610294471e-3	5.43284587144311351168990656081e-3
8.560e-04	2.33243211098522379960298884308e-3	5.44994685559223883266250791689e-3
8.570e-04	2.36660981499377174761272990708e-3	5.46708942639115969702310700430e-3
8.580e-04	2.40082418424759481394565084995e-3	5.48427378107837337515433239245e-3
8.590e-04	2.43507336323299551117228591853e-3	5.50149808967024915384260317439e-3
8.600e-04	2.46936133079104560814885379356e-3	5.51876658725605750783438548858e-3
8.610e-04	2.50368825210318189497698681830e-3	5.53607954743234762647927810096e-3
8.620e-04	2.53805025654510593134667113308e-3	5.55343304565864917715249763465e-3
8.630e-04	2.57244941897467782470084124180e-3	5.57082934087357727754629448558e-3
8.640e-04	2.60688584137883976209007610133e-3	5.58826864124687209829430388082e-3
8.650e-04	2.64136171610981862506401277189e-3	5.60575333233626190429426118955e-3
8.660e-04	2.67587299302044867054959624530e-3	5.62327930066464150567514261150e-3
8.670e-04	2.71042398053236181324394906105e-3	5.64085113732585396027927437648e-3
8.680e-04	2.74501269715352740968338709895e-3	5.65846688376089178051679714562e-3
8.690e-04	2.77963925184151774259409666790e-3	5.67612675892305925838852802305e-3
8.700e-04	2.81430375484028610716214323782e-3	5.69383098382607825318760838044e-3
8.710e-04	2.84900631769884173514714067167e-3	5.71157978157274840917733402808e-3
8.720e-04	2.88374705329028462867699720999e-3	5.72937337738414533870167354403e-3
8.730e-04	2.91852607583120886737486912463e-3	5.74721199862936927388945456786e-3
8.740e-04	2.95334581580478623295732434603e-3	5.76509829191730597333590266219e-3
8.750e-04	2.98820178698305876488699365571e-3	5.78302768343613110265395896786e-3
8.760e-04	3.02309876486454493386026061365e-3	5.80100527064925405257947064965e-3
8.770e-04	3.05803215947045103928273278126e-3	5.81902636991761043214808357517e-3
8.780e-04	3.09300685708004910228577207472e-3	5.83709619911266499997926941146e-3
8.790e-04	3.12802061289523522618407582471e-3	5.85521252568935241554684037317e-3
8.800e-04	3.16307355214784485519968331107e-3	5.87337559409604456083916027332e-3
8.810e-04	3.19816580160207559004937562681e-3	5.89158565121142131725157170357e-3
8.820e-04	3.23329748957804220148269868781e-3	5.90984294638030656223269860571e-3
8.830e-04	3.26846874597581062410708174106e-3	5.92814773145021406546805315387e-3
8.840e-04	3.30367970229992293633457365870e-3	5.94650026080862072508295854691e-3
8.850e-04	3.33893311858124040240852463297e-3	5.96490354408226708184653915769e-3
8.860e-04	3.37422390631965026623812054075e-3	5.98335236844641477997433603517e-3
8.870e-04	3.40955748711385451719807324708e-3	6.00185253530880499643704990132e-3
8.880e-04	3.44493137339835204001336963666e-3	6.02040155824510656165771282817e-3
8.890e-04	3.48034295482776610191434029878e-3	6.03899681910718166327868368568e-3
8.900e-04	3.51579784501303274962465797816e-3	6.05764432925653961839260032861e-3
8.910e-04	3.55129346893563876903377158544e-3	6.07634151049238449711434720907e-3
8.920e-04	3.58682997312083110890886400252e-3	6.09508864036107002921913227041e-3
8.930e-04	3.62240750596731787694841659614e-3	6.11388599934901108199797748625e-3
8.940e-04	3.65802621777798306469483183974e-3	6.13273387092898440349886369822e-3
8.950e-04	3.69368921115943700435222760392e-3	6.15163564419853407267842990749e-3
8.960e-04	3.72939077421559335136641128282e-3	6.17058544114789045865073163527e-3
8.970e-04	3.76513699948694966699168904014e-3	6.18958979835162539415040617843e-3
8.980e-04	3.80092204041829623912827741627e-3	6.20864269361266484300766255574e-3
8.990e-04	3.83675213415893822814902761127e-3	6.22775082248536210360600230265e-3
9.000e-04	3.87262442434658574970977552965e-3	6.24691131062216265251718348327e-3
9.010e-04	3.90853591169396724311684517847e-3	6.26612112927218080662048134952e-3
9.020e-04	3.94449305740977215096387913099e-3	6.28538722068533047608805404237e-3
9.030e-04	3.98049290363484410988312122018e-3	6.30470660327519724720021879254e-3
9.040e-04	4.01653562305317267033844571880e-3	6.32407959486400496304340343853e-3
9.050e-04	4.05262470870776624845075380550e-3	6.34351001955402253607040993408e-3
9.060e-04	4.08875374132658148947067877071e-3	6.36299124014048001878409755085e-3
9.070e-04	4.12492617978872233967958161254e-3	6.38252704564124737058536639835e-3
9.080e-04	4.16114564432023482917188969859e-3	6.40212140240954485761404660837e-3
9.090e-04	4.19740548462437935271820676069e-3	6.42176742428748493635246925135e-3
9.100e-04	4.23371280613481149317695009776e-3	6.44147276534238983183034827423e-3
9.110e-04	4.27006079946592740941772412476e-3	6.46123036770922783872016601050e-3
9.120e-04	4.30645674167902449853144500197e-3	6.48104807567682548197650071267e-3
9.130e-04	4.34289730894521217029682995771e-3	6.50092251959429050097760470385e-3
9.140e-04	4.37938270084605142680886640887e-3	6.52085405823385094611355665823e-3
9.150e-04	4.41591311977269391611034305880e-3	6.54084305468969279950733670922e-3
9.160e-04	4.45248877097817638952729955237e-3	6.56088987645547666093087804831e-3
9.170e-04	4.48910986263099116199313936767e-3	6.58099489550370447017290496054e-3
9.180e-04	4.52577660586997091991146797501e-3	6.60115848836699110392830347805e-3
9.190e-04	4.56249313603761857443182500898e-3	6.62138520030370307103058972030e-3
9.200e-04	4.59925187556239125462312415530e-3	6.64166714143713668576355968840e-3
9.210e-04	4.63606093612921989951741067276e-3	6.66201308465523165522619940941e-3
9.220e-04	4.67291255616366632201194493518e-3	6.68241494003917086504051080673e-3
9.230e-04	4.70981504683109930158298249597e-3	6.70288170323571632522950879179e-3
9.240e-04	4.74676462335758625143680796096e-3	6.72340951260939063322298531992e-3
9.250e-04	4.78376152141474984735772377725e-3	6.74399878149068982713100596336e-3
9.260e-04	4.82080598018219489537974967235e-3	6.76464992855304847186666515634e-3
9.270e-04	4.85789824241740871097251234297e-3	6.78536337791562777479691981418e-3
9.280e-04	4.89503855452748370428773277505e-3	6.80613955924872911257361550260e-3
9.290e-04	4.93222716664272069092856425255e-3	6.82697890788191624916665940949e-3
9.300e-04	4.96946433269217368516071113639e-3	6.84788186491493268471490798919e-3
9.310e-04	5.00675031048119926936272719736e-3	6.86884887733150387399450506190e-3
9.320e-04	5.04408995583259565478111766956e-3	6.88988530702778125416282164724e-3
9.330e-04	5.08147440335764995170393202505e-3	6.91098185862835911149400804774e-3
9.340e-04	5.11891316978551730902054059742e-3	6.93214888068854324871279038777e-3
9.350e-04	5.15640193763737428655652513075e-3	6.95338193889937246014397090173e-3
9.360e-04	5.19393616072644846564239647015e-3	6.97467634594525983908771197678e-3
9.370e-04	5.23152571829347842426901071474e-3	6.99604285929560966900963564656e-3
9.380e-04	5.26916613266302720567656247415e-3	7.01747687155368768836194427135e-3
9.390e-04	5.30685769838310839584097995196e-3	7.03897888441133749673580819562e-3
9.400e-04	5.34460071474135783595329028904e-3	7.06054940669404717627642680448e-3
9.410e-04	5.38239548586850779455657385942e-3	7.08218895451171502823720305692e-3
9.420e-04	5.42024232084481106755721003808e-3	7.10389805141363567512204722436e-3
9.430e-04	5.45814680234789963313823122291e-3	7.12568289081444317101737237018e-3
9.440e-04	5.49609877938455665921708635639e-3	7.14753276202362119910044727690e-3
9.450e-04	5.53410377929825361938113931942e-3	7.16945380037925272415652050495e-3
9.460e-04	5.57216760410118329264123536863e-3	7.19145245161131492085995729756e-3
9.470e-04	5.61027971513677005542888457583e-3	7.21351757593823773562881197866e-3
9.480e-04	5.64845146961231335690916058618e-3	7.23566160774917024817775778414e-3
9.490e-04	5.68667774570647610560944364390e-3	7.25787924043395783161280862477e-3
9.500e-04	5.72495314167623802930849258204e-3	7.28016485428490872001269739919e-3
9.510e-04	5.76328946142792681328865677231e-3	7.30253139339797089807228215194e-3
9.520e-04	5.80168138874939889749470119836e-3	7.32497333902166223019870131828e-3
9.530e-04	5.84012929864987966791809218327e-3	7.34749131232743684211330725943e-3
9.540e-04	5.87863357272757098300033259595e-3	7.37008594428821431961039889363e-3
9.550e-04	5.91720073979438007388215460923e-3	7.39276452126339079250388686618e-3
9.560e-04	5.95581899422758727787709819022e-3	7.41551449456026521625994549677e-3
9.570e-04	5.99449480001409742261805892860e-3	7.43834308205008640706074277872e-3
9.580e-04	6.03322856677157655240335984565e-3	7.46125095630862646396103501587e-3
9.590e-04	6.07202717994648541369551234443e-3	7.48424581852576984323568376390e-3
9.600e-04	6.11087821256768708284186459404e-3	7.50731442527045408442948215613e-3
9.610e-04	6.14979512194690465547645881634e-3	7.53047161850701899122295228785e-3
9.620e-04	6.18877188428963855573206235080e-3	7.55371110389435439651849162852e-3
9.630e-04	6.22780213474509660544418135644e-3	7.57702620137710140694744295919e-3
9.640e-04	6.26689987943978992709232341213e-3	7.60043238649785855653754892178e-3
9.650e-04	6.30605886027184140987269404271e-3	7.62392310673203242413801711858e-3
9.660e-04	6.34527955644123211261552538217e-3	7.64749913633821743085108895747e-3
9.670e-04	6.38456245638071192455165903131e-3	7.67116126316134400598147474716e-3
9.680e-04	6.42390805800197387593586639231e-3	7.69491028898542036569679527914e-3
9.690e-04	6.46331686895038450855229109530e-3	7.71874702989836056974072092973e-3
9.700e-04	6.50279689259008673045998521325e-3	7.74268049705577396393197718732e-3
9.710e-04	6.54233378714622366179806724910e-3	7.76669529247068127704796333626e-3
9.720e-04	6.58193547673748927714859838056e-3	7.79080034295499411945061207163e-3
9.730e-04	6.62161030707393694542613817589e-3	7.81500506350054074293374661185e-3
9.740e-04	6.66134335286139487736554627909e-3	7.83929339548051276112981460604e-3
9.750e-04	6.70115088960607194002821157218e-3	7.86368345269322347363351902444e-3
9.760e-04	6.74101758705412833219312958365e-3	7.88815871700202723866790399353e-3
9.770e-04	6.78096018039138167947429679267e-3	7.91273783993761948156759827770e-3
9.780e-04	6.82097127149901408176923702683e-3	7.93741300545491198829264018861e-3
9.790e-04	6.86105148759062253023788938962e-3	7.96218520323222073308163760535e-3
9.800e-04	6.90120146928508321134303465531e-3	7.98705544246736637167804812451e-3
9.810e-04	6.94142187100594121577898873734e-3	8.01202475244565819045935286632e-3
9.820e-04	6.98171336139630965528428754528e-3	8.03709418312966110115268921816e-3
9.830e-04	7.02207662375002219826084672394e-3	8.06226480577178284718352727966e-3
9.840e-04	7.06251235645982564157254389262e-3	8.08753771355077768373452986476e-3
9.850e-04	7.10302127348344458491963059317e-3	8.11291402223332581803664874290e-3
9.860e-04	7.14361344828964210397029740486e-3	8.13840520281443975502212851333e-3
9.870e-04	7.18427107478588157120326070856e-3	8.16399191121738057676811026611e-3
9.880e-04	7.22500412824965535196481239143e-3	8.18968551339069233397578599573e-3
9.890e-04	7.26582314404177629574192307551e-3	8.21549803459068223166840896551e-3
9.900e-04	7.30671945161587529158503555013e-3	8.24142023523083392808040190325e-3
9.910e-04	7.34768383617855930081563062416e-3	8.26744224371918854570343066922e-3
9.920e-04	7.38873707815701534399336386386e-3	8.29358748839683939938225830623e-3
9.930e-04	7.42987014752035825061434133535e-3	8.31984632508583305093451694936e-3
9.940e-04	7.47107343984376081883335277531e-3	8.34620844053938091852978400534e-3
9.950e-04	7.51236869120520869284515694248e-3	8.37269840229931938244446002864e-3
9.960e-04	7.55374649447763344447597350706e-3	8.39930614081805601272044720571e-3
9.970e-04	7.59520780425369128130635483708e-3	8.42603311758467307870654908658e-3
9.980e-04	7.63675359920236989804657524944e-3	8.45288082867569904461169245323e-3
9.990e-04	7.67839618583321289826444768596e-3	8.47986344132229830344706025503e-3
1.000e-03	7.72011415968362769986229291419e-3	8.50695745732005879561713882838e-3
1.001e-03	7.76191971134087635706858336276e-3	8.53417692000047956033465389225e-3
1.002e-03	7.80381392481744500928758676195e-3	8.56152347650642319209471754155e-3
1.003e-03	7.84580992503738500664645204295e-3	8.58901229184272584468813539234e-3
1.004e-03	7.88788501659750390655893777719e-3	8.61661836527596889016899125741e-3
1.005e-03	7.93006459184793688828906982851e-3	8.64437065730054234648292165779e-3
1.006e-03	7.97232527261875776058622383283e-3	8.67224337018678348432586707571e-3
1.007e-03	8.01469327899642219420244074160e-3	8.70026646582270153612315406666e-3
1.008e-03	8.05715750848578997285624589303e-3	8.72842795344924778302820208789e-3
1.009e-03	8.09970609231268125442708790025e-3	8.75671493552576588881562032106e-3
1.010e-03	8.14236656376518552259091060986e-3	8.78515896757224166885332798045e-3
1.011e-03	8.18512733879684056266365063191e-3	8.81374751027334770562109032423e-3
1.012e-03	8.22798985925283980758971297707e-3	8.84248271914603575456076362026e-3
1.013e-03	8.27095560990691960588119697766e-3	8.87136681070073131650146744611e-3
1.014e-03	8.31402612026880850824439396020e-3	8.90040206496829055132000817521e-3
1.015e-03	8.35720296649105745583544670738e-3	8.92959082816473619661781411409e-3
1.016e-03	8.40048777338202341037003171650e-3	8.95893551550311359718440105692e-3
1.017e-03	8.44388221653233179543316844366e-3	8.98843861416256779155521276154e-3
1.018e-03	8.48740330013604883236892279492e-3	9.01812007875641218968876654727e-3
1.019e-03	8.53102251586564476523220107464e-3	9.04794807867857767380854707102e-3
1.020e-03	8.57475672859011051370827090603e-3	9.07794242336227334247779954312e-3
1.021e-03	8.61862391239212908185448803072e-3	9.10812427838955185052487762825e-3
1.022e-03	8.66259416865448638005516701488e-3	9.13846016555393543673866327391e-3
1.023e-03	8.70670196490147356967002246005e-3	9.16899014685502856991684714183e-3
1.024e-03	8.75093335321893951121522447309e-3	9.19969898253298488708301127031e-3
1.025e-03	8.79527330397906224863485901750e-3	9.23057012991003493832368803784e-3
1.026e-03	8.83975823894393381885147108492e-3	9.26164607275757515181055539270e-3
1.027e-03	8.88437358736910014900659638243e-3	9.29291085796596778255613217674e-3
1.028e-03	8.92910361883293050718013079292e-3	9.32434713081362718048315325053e-3
1.029e-03	8.97398687880913336071729458685e-3	9.35600001787411824112454139378e-3
1.030e-03	9.01900814518446623108014035643e-3	9.38785282013760044045162659609e-3
1.031e-03	9.06417014483732492675099983739e-3	9.41990950325003334298497912734e-3
1.032e-03	9.10947571001328880854260388018e-3	9.45217418062670401088647246260e-3
1.033e-03	9.15492778412311448896713555268e-3	9.48465112148608881534782443910e-3
1.034e-03	9.20052942795865643303103381302e-3	9.51734475945916302759901949461e-3
1.035e-03	9.24630452196374209007908189873e-3	9.55028372826222576693654234466e-3
1.036e-03	9.29221539300662865034881261619e-3	9.58342526328427315246383414296e-3
1.037e-03	9.33828580142482031104578101239e-3	9.61679789384607747067519361158e-3
1.038e-03	9.38451934997071297007304854561e-3	9.65040681143650631215722905989e-3
1.039e-03	9.43094217510056531809548397641e-3	9.68428353739392340599534478780e-3
1.040e-03	9.47751389899811618954339957881e-3	9.71838205205501347735249182348e-3
1.041e-03	9.52428385955364154227676716072e-3	9.75276106665554600256564566212e-3
1.042e-03	9.57121023254541922088990008987e-3	9.78737281711769093951058879305e-3
1.043e-03	9.61834461569614568660921004705e-3	9.82227888713298722708730036293e-3
1.044e-03	9.66564367266238592308155288911e-3	9.85742968664260218119281754615e-3
1.045e-03	9.71316143587014143069180422376e-3	9.89288990359816379041973533700e-3
1.046e-03	9.76087885798745874561296652634e-3	9.92863851141402777000682910461e-3
1.047e-03	9.80877499545578965884734777603e-3	9.96465214262214065935671391919e-3
1.048e-03	9.85690791252960808455614526613e-3	1.00010006458348714386881922566e-2
1.049e-03	9.90525782143344504074588553954e-3	1.00376621824220218487664281724e-2
1.050e-03	9.95383113160224548590811806093e-3	1.00746458421276772405235389337e-2
1.051e-03	1.00026346058053422745541469990e-2	1.01119612041558443476663604695e-2
1.052e-03	1.00516457915554501200228039803e-2	1.01495832035068406249253985478e-2
1.053e-03	1.01009307329327847351646512584e-2	1.01875919684570638987677896918e-2
1.054e-03	1.01504685135273197757128158213e-2	1.02259644783259615406704619243e-2
1.055e-03	1.02002676185848391313658017153e-2	1.02647126947701548505535850680e-2
1.056e-03	1.02503370597096910915285693662e-2	1.03038493064193214368462494936e-2
1.057e-03	1.03007198413756347861814986889e-2	1.03434278218917902557059588486e-2
1.058e-03	1.03513601989784342746867421471e-2	1.03833836291844646570904887799e-2
1.059e-03	1.04023016227291325484164958764e-2	1.04237709937410307902348075424e-2
1.060e-03	1.04535557624932621500147521183e-2	1.04646062422281582286012420641e-2
1.061e-03	1.05051350944889686508562133215e-2	1.05059068392337389445003930259e-2
1.062e-03	1.05570530060290438283551384369e-2	1.05476915032217872551555085923e-2
1.063e-03	1.06093631270722633172803102009e-2	1.05900278145975599090611599159e-2
1.064e-03	1.06620036386255793228908415623e-2	1.06328439271216118244172916623e-2
1.065e-03	1.07150294504155423466034823994e-2	1.06762092763092403800967342653e-2
1.066e-03	1.07685015516029925309616970256e-2	1.07202012462514641909817077653e-2
1.067e-03	1.08223552943571680463691197847e-2	1.07647447035782730332988996842e-2
1.068e-03	1.08766537137964397537055444352e-2	1.08099199410468264961820715641e-2
1.069e-03	1.09314673296186961902772094828e-2	1.08558170869885115568816592671e-2
1.070e-03	1.09867292285363400275330325932e-2	1.09023585359130236569876819414e-2
1.071e-03	1.10425636083248025130438860925e-2	1.09497009426028784171672029748e-2
1.072e-03	1.10989026958057725174345928578e-2	1.09977659695827444815707293864e-2
1.073e-03	1.11558297177932954223703852116e-2	1.10466610224480209971430588681e-2
1.074e-03	1.12134393029616162512575948631e-2	1.10965086171940473213924106242e-2
1.075e-03	1.12716643447744576516350928372e-2	1.11472320325054844728753773933e-2
1.076e-03	1.13306073395248660958297511366e-2	1.11989646482894270562114766264e-2
1.077e-03	1.13903864350485918870648598878e-2	1.12518606892060608545445519063e-2
1.078e-03	1.14509399577191466366165325357e-2	1.13058516043077520842042772188e-2
1.079e-03	1.15124002039229450665762534454e-2	1.13611110346778775551732602474e-2
1.080e-03	1.15749225713662649265338559660e-2	1.14178435311617983402617399125e-2
1.081e-03	1.16384616866929904949784917728e-2	1.14760035649185518243165152518e-2
1.082e-03	1.17032005445603074638314767696e-2	1.15358333816892485862177129066e-2
1.083e-03	1.17692746289953358434856571715e-2	1.15975181635520731754957132012e-2
1.084e-03	1.18368476562909560322892387289e-2	1.16612814559616280339487938339e-2
1.085e-03	1.19061205888835744718808091103e-2	1.17273973877866613777705629352e-2
1.086e-03	1.19772407306783573018036627638e-2	1.17960757300536330323759335744e-2
1.087e-03	1.20507290409770326280586617627e-2	1.18680081556811777177292736153e-2
1.088e-03	1.21267880222167133989841577787e-2	1.19434878737002030862672641952e-2
1.089e-03	1.22060887081208962437768377511e-2	1.20234181087194469856382857729e-2
1.090e-03	1.22894354516890405150722442546e-2	1.21088908241441026925167956425e-2
1.091e-03	1.23778665640935889287812298543e-2	1.22013238524138678614821339494e-2
1.092e-03	1.24732692009203699101157602095e-2	1.23032752775573708334608223639e-2
1.093e-03	1.25793663961034944558010752192e-2	1.24197763501348420200489226360e-2
1.094e-03	1.27033790430591737668339797100e-2	1.25606233713338253642653687646e-2
1.095e-03	1.28752798914301083370365820885e-2	1.27663263696886352339246409554e-2
